29	106	148	Poro
38	89	148	Poro
38	106	160	Poro
21	64	80	Poro
49	115	80	Poro
28	97	121	Poro
48	145	189	Poro
14	37	56	Poro
113	193	190	Poro
29	94	136	Poro
61	143	166	Poro
24	65	106	Poro
26	109	162	Poro
17	58	98	Poro
44	114	148	Poro
80	178	202	Poro
42	85	115	Poro
91	162	174	Poro
29	102	165	Poro
68	143	169	Poro
138	196	181	Poro
18	103	159	Poro
49	116	153	Poro
32	92	118	Poro
25	100	115	Poro
24	80	138	Poro
32	97	115	Poro
24	73	105	Poro
39	131	185	Poro
19	59	85	Poro
12	45	77	Poro
14	64	102	Poro
65	100	110	Poro
27	71	103	Poro
18	80	113	Poro
27	112	136	Poro
24	105	160	Poro
18	53	85	Poro
43	84	113	Poro
21	112	169	Poro
27	57	81	Poro
36	97	159	Poro
58	151	176	Poro
36	126	169	Poro
34	109	173	Poro
102	202	208	Poro
45	122	141	Poro
88	184	208	Poro
37	120	151	Poro
50	124	135	Poro
50	152	191	Poro
15	86	106	Poro
30	120	166	Poro
32	131	175	Poro
127	184	194	Poro
169	244	229	Poro
171	246	225	Poro
31	112	175	Poro
98	150	122	Poro
64	158	181	Poro
32	86	106	Poro
31	113	168	Poro
13	59	95	Poro
51	96	61	Poro
24	64	99	Poro
51	131	143	Poro
55	106	123	Poro
19	101	159	Poro
29	99	146	Poro
32	101	140	Poro
34	121	136	Poro
54	144	185	Poro
24	111	156	Poro
171	247	232	Poro
28	67	83	Poro
31	106	130	Poro
80	174	196	Poro
49	95	126	Poro
54	102	123	Poro
34	81	125	Poro
29	101	145	Poro
72	113	119	Poro
36	138	181	Poro
53	155	191	Poro
19	82	120	Poro
15	62	101	Poro
48	155	197	Poro
73	131	158	Poro
11	66	91	Poro
80	174	195	Poro
18	104	134	Poro
43	141	175	Poro
55	153	177	Poro
90	179	188	Poro
92	185	199	Poro
22	102	166	Poro
44	105	162	Poro
43	99	113	Poro
21	86	136	Poro
22	92	146	Poro
22	111	161	Poro
27	118	176	Poro
94	138	141	Poro
75	162	188	Poro
48	138	180	Poro
24	71	90	Poro
34	97	138	Poro
10	52	85	Poro
15	58	79	Poro
34	103	159	Poro
25	101	117	Poro
33	113	139	Poro
27	102	130	Poro
29	72	52	Poro
13	76	117	Poro
84	168	190	Poro
25	87	118	Poro
49	145	170	Poro
35	121	135	Poro
36	140	186	Poro
49	117	113	Poro
48	154	199	Poro
49	107	164	Poro
77	175	199	Poro
89	157	173	Poro
75	128	118	Poro
59	106	163	Poro
15	82	122	Poro
42	107	114	Poro
85	178	202	Poro
26	78	98	Poro
22	97	119	Poro
18	61	87	Poro
38	120	154	Poro
32	122	160	Poro
21	58	92	Poro
39	125	135	Poro
25	96	128	Poro
33	95	122	Poro
29	107	163	Poro
109	162	150	Poro
15	88	146	Poro
23	105	161	Poro
34	104	156	Poro
22	97	152	Poro
29	84	108	Poro
74	155	179	Poro
75	173	203	Poro
21	54	80	Poro
97	143	158	Poro
69	147	146	Poro
40	119	163	Poro
65	160	183	Poro
16	63	84	Poro
27	108	163	Poro
20	98	145	Poro
163	233	199	Poro
112	165	131	Poro
126	187	181	Poro
134	201	169	Poro
56	133	123	Poro
30	97	129	Poro
12	67	106	Poro
34	111	124	Poro
12	63	100	Poro
106	184	193	Poro
47	135	159	Poro
33	91	153	Poro
15	44	68	Poro
40	100	113	Poro
63	152	180	Poro
35	72	94	Poro
84	167	192	Poro
16	75	84	Poro
28	81	115	Poro
99	157	157	Poro
46	89	106	Poro
66	122	149	Poro
94	177	189	Poro
90	183	197	Poro
29	112	177	Poro
54	150	183	Poro
21	64	91	Poro
48	97	132	Poro
20	74	108	Poro
97	157	142	Poro
24	73	104	Poro
82	181	205	Poro
50	100	149	Poro
31	109	129	Poro
28	82	106	Poro
46	133	161	Poro
22	86	134	Poro
55	154	183	Poro
91	173	196	Poro
27	105	106	Poro
42	113	132	Poro
23	90	115	Poro
20	82	94	Poro
81	133	146	Poro
87	165	171	Poro
28	106	137	Poro
19	79	128	Poro
139	204	198	Poro
193	254	251	Poro
37	138	185	Poro
35	92	148	Poro
29	110	167	Poro
29	118	166	Poro
22	64	87	Poro
53	129	143	Poro
43	100	162	Poro
78	171	200	Poro
46	157	197	Poro
1	56	84	Poro
39	104	93	Poro
69	123	169	Poro
20	82	100	Poro
28	111	130	Poro
24	81	117	Poro
29	92	128	Poro
52	153	185	Poro
30	105	129	Poro
29	82	108	Poro
48	102	123	Poro
25	88	118	Poro
70	166	190	Poro
73	175	198	Poro
19	102	159	Poro
42	147	187	Poro
38	132	175	Poro
33	109	118	Poro
70	150	174	Poro
86	163	183	Poro
49	93	121	Poro
26	71	100	Poro
28	104	157	Poro
96	149	161	Poro
89	181	194	Poro
33	118	155	Poro
32	95	101	Poro
19	85	135	Poro
53	123	94	Poro
132	187	152	Poro
52	109	105	Poro
23	73	102	Poro
30	86	111	Poro
27	110	172	Poro
30	114	127	Poro
116	171	124	Poro
84	166	188	Poro
79	131	135	Poro
14	71	107	Poro
125	189	185	Poro
36	101	120	Poro
20	104	162	Poro
39	135	182	Poro
16	58	89	Poro
14	54	91	Poro
22	110	170	Poro
41	108	129	Poro
74	126	119	Poro
141	203	197	Poro
63	113	88	Poro
69	169	196	Poro
19	54	78	Poro
4	38	70	Poro
102	158	179	Poro
34	101	160	Poro
26	74	101	Poro
48	146	185	Poro
10	76	118	Poro
24	110	144	Poro
19	57	82	Poro
61	157	191	Poro
69	120	115	Poro
36	114	158	Poro
65	151	178	Poro
31	101	161	Poro
15	42	63	Poro
84	125	124	Poro
67	144	162	Poro
72	123	126	Poro
19	101	154	Poro
33	127	173	Poro
39	70	42	Poro
143	206	182	Poro
65	133	169	Poro
20	60	94	Poro
25	106	170	Poro
32	129	175	Poro
73	128	161	Poro
34	88	140	Poro
121	178	165	Poro
30	84	107	Poro
28	87	103	Poro
16	58	83	Poro
31	81	100	Poro
30	102	150	Poro
21	80	133	Poro
48	83	91	Poro
23	60	90	Poro
70	161	185	Poro
128	179	169	Poro
30	101	165	Poro
35	101	147	Poro
32	74	106	Poro
30	116	175	Poro
163	222	211	Poro
23	110	163	Poro
7	70	116	Poro
161	228	199	Poro
18	51	81	Poro
14	70	96	Poro
84	181	207	Poro
17	94	155	Poro
38	77	54	Poro
76	156	185	Poro
22	107	167	Poro
50	107	143	Poro
33	83	112	Poro
162	232	220	Poro
31	93	111	Poro
35	89	106	Poro
26	87	103	Poro
17	68	122	Poro
9	67	94	Poro
11	73	118	Poro
80	166	198	Poro
32	100	127	Poro
23	110	159	Poro
85	169	169	Poro
63	122	132	Poro
49	105	144	Poro
69	163	191	Poro
28	92	108	Poro
50	148	188	Poro
105	166	165	Poro
42	110	126	Poro
19	64	120	Poro
105	162	191	Poro
95	188	188	Poro
22	107	158	Poro
36	117	132	Poro
73	135	150	Poro
53	97	112	Poro
41	94	109	Poro
36	88	113	Poro
45	121	132	Poro
40	110	124	Poro
49	126	169	Poro
18	88	136	Poro
27	110	171	Poro
21	101	162	Poro
38	117	168	Poro
135	193	172	Poro
95	169	181	Poro
58	114	133	Poro
26	86	106	Poro
33	133	179	Poro
62	119	169	Poro
43	98	141	Poro
38	121	139	Poro
65	141	135	Poro
83	175	193	Poro
29	99	119	Poro
27	112	158	Poro
31	103	159	Poro
73	109	105	Poro
64	165	192	Poro
27	106	156	Poro
20	114	173	Poro
70	135	147	Poro
72	128	152	Poro
25	98	132	Poro
63	122	134	Poro
9	54	94	Poro
93	145	157	Poro
74	129	136	Poro
32	125	177	Poro
36	130	179	Poro
74	157	181	Poro
55	91	120	Poro
54	133	166	Poro
21	100	153	Poro
49	148	185	Poro
145	207	177	Poro
56	151	175	Poro
39	138	180	Poro
53	161	197	Poro
24	104	154	Poro
70	169	195	Poro
100	185	199	Poro
156	224	202	Poro
21	112	175	Poro
76	122	149	Poro
77	131	142	Poro
140	197	159	Poro
37	87	107	Poro
20	71	111	Poro
121	172	160	Poro
23	91	125	Poro
31	87	112	Poro
112	173	163	Poro
61	157	182	Poro
52	132	145	Poro
34	129	176	Poro
86	146	144	Poro
10	41	78	Poro
23	75	86	Poro
71	128	169	Poro
50	106	137	Poro
83	179	200	Poro
34	131	172	Poro
12	65	89	Poro
191	254	248	Poro
69	118	125	Poro
125	182	185	Poro
22	77	114	Poro
15	56	91	Poro
60	120	125	Poro
79	140	167	Poro
55	116	121	Poro
24	82	109	Poro
82	128	148	Poro
123	172	156	Poro
22	95	137	Poro
27	110	161	Poro
62	104	128	Poro
41	137	173	Poro
21	100	150	Poro
48	141	168	Poro
26	102	165	Poro
23	71	99	Poro
26	76	103	Poro
32	82	106	Poro
30	94	150	Poro
34	105	157	Poro
132	189	164	Poro
125	178	163	Poro
48	109	126	Poro
21	90	131	Poro
98	189	206	Poro
66	126	133	Poro
54	144	175	Poro
30	99	111	Poro
36	84	102	Poro
25	102	163	Poro
56	155	183	Poro
45	93	138	Poro
84	159	176	Poro
57	110	162	Poro
41	100	128	Poro
92	134	127	Poro
23	60	43	Poro
28	90	138	Poro
39	94	109	Poro
12	64	109	Poro
41	109	131	Poro
60	159	188	Poro
49	99	133	Poro
33	92	117	Poro
47	145	173	Poro
50	151	191	Poro
17	60	102	Poro
50	146	176	Poro
80	135	159	Poro
14	93	116	Poro
66	165	193	Poro
7	48	77	Poro
31	86	136	Poro
55	101	122	Poro
34	63	79	Poro
35	124	158	Poro
15	73	112	Poro
35	110	157	Poro
32	95	100	Poro
134	191	202	Poro
49	122	140	Poro
34	117	172	Poro
38	82	88	Poro
52	115	168	Poro
40	137	173	Poro
94	141	124	Poro
27	112	167	Poro
93	169	195	Poro
22	110	167	Poro
39	100	133	Poro
25	76	101	Poro
126	183	169	Poro
78	124	120	Poro
52	122	141	Poro
34	60	69	Poro
60	154	186	Poro
41	147	190	Poro
27	125	167	Poro
20	93	123	Poro
32	118	177	Poro
29	66	86	Poro
154	220	193	Poro
21	101	149	Poro
23	103	163	Poro
81	165	193	Poro
97	147	126	Poro
26	93	126	Poro
29	105	167	Poro
47	146	175	Poro
32	113	171	Poro
71	172	199	Poro
28	101	160	Poro
89	180	203	Poro
80	136	152	Poro
16	69	114	Poro
43	98	129	Poro
36	126	163	Poro
29	108	149	Poro
28	123	167	Poro
27	87	141	Poro
88	130	124	Poro
32	83	140	Poro
18	94	116	Poro
32	98	126	Poro
63	161	196	Poro
102	191	204	Poro
27	95	120	Poro
23	67	97	Poro
98	153	166	Poro
35	84	51	Poro
15	85	102	Poro
17	93	150	Poro
41	92	134	Poro
19	103	157	Poro
75	171	198	Poro
15	72	105	Poro
21	57	95	Poro
28	102	165	Poro
24	84	127	Poro
25	83	133	Poro
71	173	198	Poro
76	175	199	Poro
16	54	84	Poro
29	112	154	Poro
18	90	144	Poro
17	93	141	Poro
47	115	105	Poro
12	67	115	Poro
22	87	109	Poro
131	192	190	Poro
15	89	109	Poro
63	161	185	Poro
64	169	195	Poro
114	164	154	Poro
30	113	167	Poro
26	99	142	Poro
41	130	165	Poro
3	43	64	Poro
19	84	133	Poro
94	148	152	Poro
19	71	92	Poro
32	107	161	Poro
17	95	122	Poro
99	168	192	Poro
34	114	127	Poro
49	95	124	Poro
99	200	212	Poro
19	97	148	Poro
136	195	163	Poro
25	90	121	Poro
24	82	107	Poro
65	104	98	Poro
19	61	93	Poro
15	51	78	Poro
32	114	173	Poro
18	88	111	Poro
18	70	108	Poro
42	109	147	Poro
49	147	181	Poro
25	108	159	Poro
56	150	184	Poro
17	87	118	Poro
33	92	155	Poro
70	136	169	Poro
30	123	169	Poro
55	115	132	Poro
42	122	128	Poro
29	106	148	Poro
34	121	154	Poro
59	117	105	Poro
58	117	152	Poro
25	121	164	Poro
117	173	183	Poro
23	85	108	Poro
24	81	94	Poro
28	108	125	Poro
36	76	107	Poro
29	103	163	Poro
23	53	35	Poro
54	116	138	Poro
11	85	140	Poro
33	69	71	Poro
35	126	164	Poro
36	85	109	Poro
15	73	104	Poro
24	119	162	Poro
12	79	113	Poro
36	91	143	Poro
23	111	165	Poro
41	101	112	Poro
44	142	176	Poro
23	85	123	Poro
13	40	72	Poro
110	155	139	Poro
36	104	155	Poro
69	109	67	Poro
73	124	133	Poro
65	165	191	Poro
1	56	92	Poro
29	93	145	Poro
53	152	189	Poro
89	151	178	Poro
38	138	184	Poro
38	109	166	Poro
36	126	165	Poro
28	95	158	Poro
18	102	157	Poro
86	133	135	Poro
84	184	211	Poro
141	202	189	Poro
12	62	92	Poro
16	59	97	Poro
31	122	161	Poro
27	102	161	Poro
104	157	168	Poro
19	106	151	Poro
171	247	232	Poro
98	197	202	Poro
22	87	121	Poro
32	94	119	Poro
23	77	92	Poro
44	108	93	Poro
22	112	163	Poro
114	165	138	Poro
29	79	128	Poro
32	116	157	Poro
28	65	42	Poro
22	109	169	Poro
83	158	171	Poro
54	149	190	Poro
24	103	123	Poro
49	131	126	Poro
50	134	136	Poro
27	126	171	Poro
93	163	161	Poro
34	120	156	Poro
13	78	115	Poro
26	69	41	Poro
45	108	155	Poro
19	75	120	Poro
41	120	129	Poro
27	105	112	Poro
27	99	154	Poro
21	80	97	Poro
19	99	155	Poro
28	76	87	Poro
15	61	100	Poro
49	130	141	Poro
37	104	142	Poro
45	140	166	Poro
57	156	187	Poro
26	115	167	Poro
87	179	194	Poro
89	135	139	Poro
32	82	102	Poro
25	103	163	Poro
18	49	69	Poro
38	134	172	Poro
1	53	97	Poro
58	159	189	Poro
18	105	149	Poro
21	79	105	Poro
17	86	108	Poro
112	175	177	Poro
11	37	57	Poro
19	69	93	Poro
54	99	119	Poro
35	127	167	Poro
32	102	153	Poro
28	105	122	Poro
25	114	147	Poro
41	82	77	Poro
12	83	140	Poro
26	71	85	Poro
36	99	116	Poro
24	118	161	Poro
19	62	88	Poro
18	87	138	Poro
26	114	162	Poro
29	110	165	Poro
12	65	98	Poro
84	137	117	Poro
112	164	177	Poro
59	149	163	Poro
36	87	91	Poro
63	161	191	Poro
151	218	213	Poro
26	94	112	Poro
24	87	141	Poro
76	177	202	Poro
27	121	167	Poro
57	152	189	Poro
44	138	181	Poro
24	63	73	Poro
33	106	159	Poro
26	87	105	Poro
43	85	106	Poro
31	76	80	Poro
36	104	154	Poro
36	108	111	Poro
51	129	143	Poro
22	58	81	Poro
87	147	147	Poro
59	118	121	Poro
44	141	172	Poro
38	89	89	Poro
50	156	202	Poro
15	63	77	Poro
35	119	139	Poro
24	98	155	Poro
27	102	140	Poro
29	120	173	Poro
66	117	144	Poro
108	159	163	Poro
33	73	74	Poro
46	99	125	Poro
34	135	177	Poro
24	97	114	Poro
13	71	99	Poro
31	93	109	Poro
20	75	116	Poro
62	149	157	Poro
121	180	189	Poro
5	62	87	Poro
22	105	162	Poro
17	80	125	Poro
88	163	176	Poro
20	62	104	Poro
83	136	158	Poro
37	92	125	Poro
35	134	187	Poro
38	103	129	Poro
45	125	136	Poro
63	147	181	Poro
162	225	204	Poro
88	144	159	Poro
31	98	145	Poro
24	94	103	Poro
23	96	154	Poro
52	84	86	Poro
97	169	149	Poro
18	58	78	Poro
105	196	198	Poro
31	106	168	Poro
31	104	113	Poro
82	134	173	Poro
25	91	112	Poro
37	121	140	Poro
123	181	169	Poro
22	109	175	Poro
22	108	155	Poro
35	100	150	Poro
47	105	104	Poro
20	68	126	Poro
23	90	146	Poro
30	111	146	Poro
83	165	181	Poro
40	106	151	Poro
63	133	169	Poro
26	103	155	Poro
51	131	141	Poro
34	133	180	Poro
95	152	176	Poro
24	100	163	Poro
111	195	200	Poro
15	53	93	Poro
24	87	137	Poro
24	86	105	Poro
25	109	165	Poro
27	104	167	Poro
40	122	140	Poro
77	151	162	Poro
11	55	92	Poro
87	170	194	Poro
54	165	202	Poro
29	99	133	Poro
11	52	81	Poro
80	160	183	Poro
50	128	123	Poro
40	105	125	Poro
71	142	157	Poro
151	219	210	Poro
64	117	121	Poro
33	86	113	Poro
38	108	122	Poro
95	148	160	Poro
50	147	178	Poro
36	115	134	Poro
22	112	169	Poro
24	91	138	Poro
93	187	203	Poro
25	104	163	Poro
32	114	132	Poro
29	110	173	Poro
22	82	94	Poro
41	116	159	Poro
40	119	164	Poro
30	97	116	Poro
29	100	150	Poro
48	148	183	Poro
24	117	173	Poro
153	217	185	Poro
21	81	112	Poro
61	116	122	Poro
17	72	99	Poro
38	117	168	Poro
21	58	80	Poro
23	105	123	Poro
16	86	122	Poro
100	151	142	Poro
93	136	135	Poro
42	117	106	Poro
26	80	117	Poro
32	115	171	Poro
33	121	170	Poro
16	75	110	Poro
36	102	125	Poro
23	70	89	Poro
70	167	193	Poro
31	77	97	Poro
119	175	186	Poro
44	104	85	Poro
61	162	187	Poro
86	184	209	Poro
31	111	161	Poro
15	56	86	Poro
75	109	110	Poro
22	62	87	Poro
64	118	135	Poro
13	74	113	Poro
70	128	130	Poro
47	148	193	Poro
31	99	161	Poro
60	118	133	Poro
71	125	176	Poro
137	195	167	Poro
56	93	104	Poro
82	173	191	Poro
91	184	204	Poro
34	92	129	Poro
98	145	146	Poro
54	150	177	Poro
45	129	145	Poro
46	137	157	Poro
41	117	138	Poro
17	62	94	Poro
46	129	167	Poro
49	160	200	Poro
25	100	148	Poro
25	94	127	Poro
23	103	112	Poro
95	200	212	Poro
49	149	178	Poro
33	110	161	Poro
10	32	40	Poro
20	104	163	Poro
30	80	87	Poro
41	119	137	Poro
115	185	175	Poro
6	55	70	Poro
89	135	129	Poro
166	225	240	Poro
19	78	110	Poro
28	104	135	Poro
14	72	101	Poro
11	62	70	Poro
22	95	143	Poro
24	90	114	Poro
15	89	117	Poro
22	108	161	Poro
21	82	100	Poro
28	71	120	Poro
21	102	120	Poro
25	97	131	Poro
35	85	107	Poro
25	76	107	Poro
16	56	87	Poro
34	100	132	Poro
13	60	74	Poro
24	90	90	Poro
21	89	131	Poro
26	103	137	Poro
26	68	87	Poro
22	103	132	Poro
27	80	111	Poro
21	100	156	Poro
29	110	137	Poro
31	87	104	Poro
37	105	132	Poro
29	85	109	Poro
22	109	158	Poro
18	73	83	Poro
22	86	107	Poro
18	82	117	Poro
23	101	144	Poro
7	39	49	Poro
25	62	77	Poro
19	82	95	Poro
61	109	111	Poro
8	40	66	Poro
6	46	60	Poro
154	214	202	Poro
13	73	97	Poro
22	70	83	Poro
23	100	141	Poro
15	33	39	Poro
18	81	101	Poro
21	89	134	Poro
6	45	48	Poro
18	73	84	Poro
21	82	113	Poro
18	66	108	Poro
27	110	143	Poro
13	69	105	Poro
5	54	82	Poro
12	60	74	Poro
14	50	77	Poro
9	40	67	Poro
30	83	93	Poro
38	92	103	Poro
16	55	88	Poro
28	112	157	Poro
26	108	134	Poro
33	96	122	Poro
14	68	85	Poro
20	74	93	Poro
27	80	123	Poro
44	116	134	Poro
51	124	126	Poro
30	76	82	Poro
11	83	122	Poro
13	38	45	Poro
21	104	141	Poro
19	37	41	Poro
26	80	95	Poro
51	103	115	Poro
19	73	94	Poro
18	86	123	Poro
36	82	122	Poro
8	26	44	Poro
24	79	97	Poro
4	42	59	Poro
29	115	139	Poro
10	63	98	Poro
22	83	103	Poro
11	29	29	Poro
24	68	85	Poro
26	91	125	Poro
144	209	195	Poro
36	108	137	Poro
22	63	96	Poro
22	63	75	Poro
31	94	134	Poro
17	36	42	Poro
55	101	117	Poro
9	44	58	Poro
44	122	145	Poro
6	35	38	Poro
29	107	130	Poro
15	75	107	Poro
29	103	131	Poro
12	42	68	Poro
18	94	144	Poro
6	31	37	Poro
19	40	40	Poro
25	80	99	Poro
21	93	131	Poro
21	84	124	Poro
16	98	125	Poro
27	80	86	Poro
29	105	133	Poro
18	72	116	Poro
11	54	68	Poro
18	89	132	Poro
13	85	89	Poro
7	48	77	Poro
20	106	152	Poro
33	86	103	Poro
14	34	34	Poro
23	90	115	Poro
24	104	127	Poro
30	104	121	Poro
21	92	129	Poro
25	69	78	Poro
30	98	129	Poro
6	52	83	Poro
32	110	123	Poro
31	114	165	Poro
12	77	126	Poro
19	60	94	Poro
12	44	67	Poro
9	63	77	Poro
9	31	45	Poro
9	51	62	Poro
29	84	100	Poro
16	57	75	Poro
22	91	130	Poro
24	80	104	Poro
1	31	41	Poro
13	49	75	Poro
17	74	100	Poro
20	88	115	Poro
14	57	84	Poro
14	84	134	Poro
27	75	95	Poro
12	46	57	Poro
14	86	136	Poro
20	90	136	Poro
27	100	154	Poro
128	193	187	Poro
43	123	163	Poro
20	88	110	Poro
24	87	125	Poro
15	87	130	Poro
38	118	137	Poro
23	107	149	Poro
21	92	122	Poro
12	67	100	Poro
20	73	99	Poro
4	35	64	Poro
24	92	130	Poro
29	89	108	Poro
90	160	150	Poro
28	86	133	Poro
16	55	70	Poro
26	73	87	Poro
17	40	37	Poro
33	100	129	Poro
18	99	141	Poro
24	105	118	Poro
13	64	79	Poro
20	78	112	Poro
20	99	148	Poro
10	35	56	Poro
56	127	127	Poro
18	85	118	Poro
6	72	105	Poro
21	74	103	Poro
25	72	92	Poro
31	103	131	Poro
18	92	144	Poro
30	98	105	Poro
22	72	89	Poro
30	98	125	Poro
20	41	58	Poro
178	241	246	Poro
70	122	106	Poro
29	90	99	Poro
91	154	159	Poro
26	80	99	Poro
54	115	121	Poro
15	73	110	Poro
20	69	91	Poro
1	46	66	Poro
17	69	92	Poro
18	52	55	Poro
27	73	105	Poro
31	82	93	Poro
39	111	149	Poro
24	73	107	Poro
26	106	165	Poro
32	83	89	Poro
131	184	229	Poro
24	97	133	Poro
17	34	35	Poro
26	77	95	Poro
33	93	93	Poro
38	83	135	Poro
20	43	54	Poro
1	41	70	Poro
22	103	157	Poro
52	96	99	Poro
19	86	123	Poro
33	108	133	Poro
26	65	65	Poro
14	68	82	Poro
30	105	126	Poro
23	86	101	Poro
20	91	116	Poro
37	116	151	Poro
17	61	80	Poro
35	92	123	Poro
26	103	119	Poro
21	104	158	Poro
24	101	153	Poro
23	64	79	Poro
16	84	121	Poro
26	87	117	Poro
45	114	152	Poro
57	114	124	Poro
23	89	106	Poro
7	61	77	Poro
20	85	110	Poro
9	63	93	Poro
31	74	94	Poro
23	108	148	Poro
31	81	88	Poro
23	99	145	Poro
14	56	84	Poro
29	97	133	Poro
16	36	37	Poro
22	108	165	Poro
6	50	78	Poro
35	73	83	Poro
19	93	139	Poro
14	35	44	Poro
29	105	143	Poro
21	73	75	Poro
23	65	98	Poro
24	66	101	Poro
22	81	116	Poro
25	97	114	Poro
12	42	42	Poro
41	84	93	Poro
13	68	105	Poro
19	53	63	Poro
19	84	108	Poro
26	106	140	Poro
32	85	121	Poro
16	42	52	Poro
37	95	110	Poro
20	106	157	Poro
26	71	80	Poro
22	91	121	Poro
29	82	91	Poro
11	49	68	Poro
24	93	124	Poro
30	103	127	Poro
18	76	99	Poro
21	81	109	Poro
31	102	122	Poro
2	45	62	Poro
63	133	133	Poro
37	79	87	Poro
18	69	88	Poro
17	56	77	Poro
18	75	104	Poro
32	115	133	Poro
21	93	139	Poro
17	81	112	Poro
18	89	140	Poro
2	57	94	Poro
23	77	89	Poro
12	68	97	Poro
26	90	113	Poro
7	45	58	Poro
14	94	124	Poro
6	25	43	Poro
15	88	112	Poro
26	73	58	Poro
20	100	156	Poro
99	158	155	Poro
26	100	131	Poro
19	79	119	Poro
24	90	109	Poro
10	57	85	Poro
25	106	127	Poro
24	90	131	Poro
6	41	64	Poro
22	91	136	Poro
36	129	182	Poro
14	62	77	Poro
28	111	137	Poro
21	88	131	Poro
27	87	112	Poro
17	70	83	Poro
27	93	123	Poro
1	27	60	Poro
30	98	135	Poro
24	99	145	Poro
24	91	123	Poro
34	111	128	Poro
17	70	94	Poro
22	78	115	Poro
22	65	75	Poro
17	35	41	Poro
40	103	111	Poro
1	39	69	Poro
22	104	161	Poro
29	91	111	Poro
36	80	87	Poro
8	42	63	Poro
15	67	95	Poro
17	85	117	Poro
24	77	92	Poro
13	51	66	Poro
89	143	144	Poro
17	77	81	Poro
26	102	133	Poro
54	108	124	Poro
26	99	127	Poro
21	73	69	Poro
49	107	124	Poro
35	89	73	Poro
5	59	83	Poro
27	85	102	Poro
15	82	98	Poro
32	101	122	Poro
42	92	108	Poro
25	93	134	Poro
38	104	113	Poro
49	106	108	Poro
26	71	78	Poro
17	80	106	Poro
19	36	37	Poro
24	105	151	Poro
28	79	96	Poro
25	98	107	Poro
13	57	67	Poro
3	35	39	Poro
18	76	119	Poro
81	135	179	Poro
84	136	132	Poro
45	83	86	Poro
78	142	155	Poro
1	43	70	Poro
13	61	80	Poro
24	87	86	Poro
16	80	116	Poro
28	94	109	Poro
20	104	160	Poro
21	108	161	Poro
26	82	108	Poro
12	36	57	Poro
29	81	103	Poro
29	82	86	Poro
26	95	141	Poro
20	67	85	Poro
25	81	103	Poro
32	99	125	Poro
56	105	114	Poro
20	100	146	Poro
24	81	86	Poro
14	69	80	Poro
6	36	44	Poro
10	39	60	Poro
137	195	181	Poro
30	96	130	Poro
20	99	149	Poro
26	71	81	Poro
32	96	112	Poro
12	41	52	Poro
13	60	95	Poro
31	104	136	Poro
17	66	88	Poro
17	89	131	Poro
16	63	76	Poro
18	75	115	Poro
67	125	131	Poro
50	131	165	Poro
15	69	101	Poro
1	31	30	Poro
33	108	128	Poro
25	101	123	Poro
38	106	126	Poro
9	80	119	Poro
18	84	114	Poro
17	32	38	Poro
24	104	130	Poro
26	95	121	Poro
76	128	153	Poro
39	96	138	Poro
26	95	125	Poro
24	88	95	Poro
12	76	100	Poro
4	31	50	Poro
9	53	71	Poro
17	53	63	Poro
4	44	76	Poro
49	103	114	Poro
18	105	151	Poro
18	33	37	Poro
16	79	108	Poro
12	46	78	Poro
12	76	99	Poro
15	73	108	Poro
41	108	127	Poro
22	60	95	Poro
12	56	73	Poro
25	88	108	Poro
21	106	163	Poro
30	93	137	Poro
15	61	79	Poro
22	71	90	Poro
18	73	112	Poro
24	75	78	Poro
20	97	139	Poro
17	72	88	Poro
53	108	139	Poro
28	74	77	Poro
12	34	45	Poro
35	87	107	Poro
18	62	79	Poro
31	79	86	Poro
20	69	83	Poro
23	62	80	Poro
14	81	97	Poro
49	104	120	Poro
15	81	107	Poro
18	36	36	Poro
3	50	67	Poro
34	110	158	Poro
21	90	136	Poro
62	127	123	Poro
50	94	100	Poro
19	104	159	Poro
21	81	110	Poro
32	105	141	Poro
49	113	122	Poro
26	84	105	Poro
15	89	121	Poro
14	35	44	Poro
13	67	87	Poro
25	93	97	Poro
34	102	137	Poro
21	50	64	Poro
23	107	164	Poro
7	74	88	Poro
15	72	105	Poro
26	99	130	Poro
31	110	133	Poro
178	237	254	Poro
19	69	91	Poro
59	105	124	Poro
11	43	54	Poro
76	144	144	Poro
36	81	89	Poro
31	87	81	Poro
20	88	129	Poro
4	50	77	Poro
29	97	140	Poro
29	94	104	Poro
18	47	66	Poro
39	80	109	Poro
8	27	47	Poro
23	95	104	Poro
34	104	111	Poro
54	126	161	Poro
10	60	79	Poro
19	100	157	Poro
34	95	111	Poro
19	62	70	Poro
25	88	118	Poro
7	59	72	Poro
14	80	127	Poro
34	110	124	Poro
58	109	128	Poro
27	84	121	Poro
37	80	87	Poro
21	88	119	Poro
17	67	106	Poro
22	65	72	Poro
29	98	113	Poro
27	104	126	Poro
38	114	125	Poro
18	67	89	Poro
7	49	65	Poro
108	165	154	Poro
31	107	128	Poro
15	90	142	Poro
10	64	97	Poro
19	98	130	Poro
30	94	121	Poro
35	90	86	Poro
23	71	115	Poro
125	180	220	Poro
14	61	78	Poro
36	87	114	Poro
19	97	114	Poro
4	33	59	Poro
24	92	102	Poro
6	57	82	Poro
8	28	45	Poro
11	69	94	Poro
70	129	170	Poro
24	78	113	Poro
52	107	155	Poro
34	108	137	Poro
11	79	112	Poro
25	90	118	Poro
17	74	102	Poro
34	116	149	Poro
57	115	110	Poro
26	103	149	Poro
39	92	101	Poro
28	106	134	Poro
24	78	99	Poro
37	106	150	Poro
6	29	53	Poro
33	108	123	Poro
18	46	44	Poro
28	87	85	Poro
17	69	82	Poro
131	187	218	Poro
17	66	92	Poro
39	86	114	Poro
1	31	52	Poro
58	117	169	Poro
22	65	89	Poro
17	71	83	Poro
18	89	117	Poro
21	71	89	Poro
37	110	142	Poro
21	99	138	Poro
11	76	92	Poro
12	45	69	Poro
26	94	117	Poro
41	100	140	Poro
14	36	44	Poro
32	105	128	Poro
40	113	129	Poro
54	114	124	Poro
32	95	119	Poro
23	69	85	Poro
23	85	113	Poro
47	104	126	Poro
16	75	90	Poro
19	63	81	Poro
19	96	113	Poro
17	64	86	Poro
18	71	94	Poro
21	73	93	Poro
15	66	82	Poro
17	79	114	Poro
24	83	94	Poro
36	116	151	Poro
20	88	118	Poro
13	90	113	Poro
51	104	115	Poro
22	90	108	Poro
14	63	72	Poro
24	73	95	Poro
22	75	96	Poro
28	97	131	Poro
30	92	109	Poro
24	62	92	Poro
30	116	166	Poro
38	80	94	Poro
23	84	114	Poro
31	74	108	Poro
32	85	96	Poro
19	77	117	Poro
25	88	132	Poro
78	147	141	Poro
28	74	95	Poro
46	112	121	Poro
24	87	92	Poro
19	93	140	Poro
12	50	79	Poro
45	94	123	Poro
3	39	77	Poro
16	93	112	Poro
24	76	98	Poro
21	64	81	Poro
38	80	87	Poro
20	79	123	Poro
31	101	99	Poro
5	43	56	Poro
25	69	101	Poro
16	55	74	Poro
47	112	110	Poro
26	108	158	Poro
15	67	77	Poro
20	84	104	Poro
14	44	56	Poro
40	100	83	Poro
22	89	104	Poro
10	56	76	Poro
34	98	113	Poro
18	76	99	Poro
14	87	119	Poro
22	64	55	Poro
31	88	110	Poro
59	118	161	Poro
23	57	66	Poro
11	30	32	Poro
23	91	120	Poro
12	49	76	Poro
51	107	160	Poro
26	82	107	Poro
22	79	114	Poro
26	86	120	Poro
8	53	72	Poro
21	81	97	Poro
24	62	73	Poro
23	85	107	Poro
17	86	123	Poro
4	41	79	Poro
24	73	89	Poro
21	81	113	Poro
13	54	72	Poro
35	92	97	Poro
20	89	128	Poro
28	96	141	Poro
31	89	126	Poro
22	80	100	Poro
11	84	109	Poro
19	93	126	Poro
29	103	137	Poro
11	76	114	Poro
24	105	143	Poro
20	55	73	Poro
29	74	81	Poro
5	26	31	Poro
24	100	144	Poro
12	73	87	Poro
12	32	38	Poro
23	56	77	Poro
29	90	109	Poro
19	96	147	Poro
39	99	126	Poro
21	55	70	Poro
47	106	114	Poro
9	52	64	Poro
22	105	159	Poro
26	103	145	Poro
32	103	117	Poro
13	75	116	Poro
41	101	101	Poro
20	77	98	Poro
8	38	58	Poro
16	86	137	Poro
14	66	78	Poro
179	249	242	Solido
148	200	193	Solido
165	235	229	Solido
157	223	213	Solido
171	238	211	Solido
183	252	246	Solido
164	238	227	Solido
171	241	233	Solido
182	252	245	Solido
47	84	84	Solido
170	239	235	Solido
177	248	245	Solido
179	244	240	Solido
143	209	201	Solido
183	254	249	Solido
156	217	213	Solido
169	242	236	Solido
180	242	223	Solido
179	252	244	Solido
160	231	212	Solido
183	254	247	Solido
175	239	228	Solido
178	250	242	Solido
163	231	223	Solido
186	254	252	Solido
104	142	142	Solido
164	229	225	Solido
158	222	219	Solido
140	208	183	Solido
177	247	242	Solido
178	247	242	Solido
93	134	142	Solido
173	245	237	Solido
183	253	249	Solido
174	243	235	Solido
166	242	242	Solido
167	234	232	Solido
165	227	221	Solido
186	254	249	Solido
141	197	180	Solido
116	160	151	Solido
166	226	218	Solido
116	156	147	Solido
160	217	187	Solido
49	79	92	Solido
181	253	232	Solido
184	254	250	Solido
153	221	215	Solido
88	106	62	Solido
169	240	229	Solido
82	95	122	Solido
145	212	205	Solido
80	93	60	Solido
165	228	212	Solido
172	239	229	Solido
167	234	199	Solido
97	141	127	Solido
159	223	207	Solido
148	209	187	Solido
148	206	193	Solido
141	208	180	Solido
131	191	188	Solido
164	220	226	Solido
89	133	109	Solido
154	217	210	Solido
75	88	54	Solido
173	239	236	Solido
148	209	196	Solido
69	110	106	Solido
177	243	243	Solido
163	227	222	Solido
117	166	140	Solido
191	254	254	Solido
140	195	179	Solido
141	210	193	Solido
154	214	204	Solido
184	254	249	Solido
159	225	220	Solido
76	91	58	Solido
187	244	216	Solido
184	252	250	Solido
107	161	154	Solido
67	83	49	Solido
168	234	224	Solido
146	216	192	Solido
149	213	212	Solido
182	254	245	Solido
144	190	163	Solido
65	93	107	Solido
142	189	180	Solido
151	214	208	Solido
178	249	241	Solido
163	228	210	Solido
164	231	223	Solido
155	225	216	Solido
177	247	243	Solido
154	216	209	Solido
181	251	245	Solido
148	209	210	Solido
171	246	239	Solido
71	85	53	Solido
179	251	244	Solido
147	210	210	Solido
123	184	177	Solido
181	248	237	Solido
141	205	191	Solido
128	189	187	Solido
144	199	178	Solido
151	211	194	Solido
168	238	230	Solido
168	232	229	Solido
183	247	246	Solido
141	184	167	Solido
182	254	247	Solido
165	226	220	Solido
167	230	212	Solido
66	78	47	Solido
167	234	232	Solido
166	235	232	Solido
189	254	252	Solido
177	249	244	Solido
171	237	225	Solido
165	228	214	Solido
175	243	237	Solido
175	238	227	Solido
137	203	199	Solido
68	79	53	Solido
153	209	210	Solido
155	208	193	Solido
162	224	200	Solido
160	224	206	Solido
169	239	228	Solido
173	241	233	Solido
177	244	233	Solido
141	204	194	Solido
148	214	211	Solido
162	228	217	Solido
183	254	251	Solido
82	121	116	Solido
177	240	235	Solido
166	229	221	Solido
179	252	243	Solido
165	239	220	Solido
173	242	234	Solido
180	252	247	Solido
109	156	136	Solido
77	88	55	Solido
143	212	204	Solido
141	205	190	Solido
174	243	237	Solido
179	246	236	Solido
44	65	42	Solido
72	88	51	Solido
173	243	230	Solido
182	252	248	Solido
170	237	230	Solido
150	220	215	Solido
70	86	57	Solido
154	212	200	Solido
169	240	236	Solido
171	242	233	Solido
171	236	217	Solido
192	254	240	Solido
171	238	227	Solido
150	209	191	Solido
154	219	207	Solido
169	227	226	Solido
171	239	232	Solido
107	147	127	Solido
168	231	233	Solido
180	251	248	Solido
165	227	221	Solido
184	254	248	Solido
167	229	204	Solido
165	231	207	Solido
145	206	194	Solido
173	245	236	Solido
180	251	243	Solido
41	78	89	Solido
177	248	242	Solido
185	254	248	Solido
159	228	201	Solido
190	254	253	Solido
65	83	51	Solido
171	239	230	Solido
175	246	242	Solido
162	229	216	Solido
182	252	232	Solido
162	223	191	Solido
71	87	53	Solido
183	252	246	Solido
171	235	226	Solido
152	213	207	Solido
172	244	239	Solido
181	252	247	Solido
173	245	239	Solido
149	208	201	Solido
173	241	229	Solido
179	250	244	Solido
179	252	246	Solido
186	254	243	Solido
70	84	58	Solido
176	239	237	Solido
180	252	241	Solido
143	205	199	Solido
80	97	60	Solido
149	226	218	Solido
165	238	235	Solido
167	232	217	Solido
66	81	52	Solido
168	237	229	Solido
159	230	212	Solido
147	209	200	Solido
178	247	235	Solido
159	215	219	Solido
173	244	233	Solido
66	78	47	Solido
142	196	185	Solido
149	208	199	Solido
167	229	231	Solido
165	232	228	Solido
70	96	129	Solido
127	172	158	Solido
170	232	211	Solido
161	219	203	Solido
165	230	221	Solido
46	80	92	Solido
174	239	230	Solido
183	254	252	Solido
183	252	249	Solido
165	235	235	Solido
177	245	241	Solido
170	234	227	Solido
84	123	103	Solido
137	189	176	Solido
181	249	224	Solido
165	228	221	Solido
37	68	93	Solido
166	234	235	Solido
178	246	244	Solido
179	253	241	Solido
181	247	243	Solido
182	254	250	Solido
97	134	124	Solido
167	236	231	Solido
161	225	205	Solido
164	225	214	Solido
178	250	243	Solido
180	254	244	Solido
159	219	203	Solido
164	228	221	Solido
165	233	223	Solido
151	218	208	Solido
61	78	47	Solido
178	251	244	Solido
180	254	242	Solido
171	237	233	Solido
156	217	203	Solido
195	254	254	Solido
153	217	205	Solido
142	209	208	Solido
143	199	175	Solido
161	226	219	Solido
175	249	242	Solido
171	239	212	Solido
161	224	206	Solido
176	246	231	Solido
156	215	210	Solido
176	237	232	Solido
131	182	152	Solido
115	158	141	Solido
159	226	221	Solido
149	218	199	Solido
172	246	236	Solido
178	249	245	Solido
167	232	220	Solido
132	179	155	Solido
158	215	213	Solido
153	214	207	Solido
169	230	226	Solido
167	236	229	Solido
133	195	180	Solido
165	231	222	Solido
142	205	196	Solido
172	236	223	Solido
51	86	102	Solido
185	254	251	Solido
173	238	231	Solido
149	202	178	Solido
182	254	252	Solido
81	96	55	Solido
174	246	242	Solido
125	179	155	Solido
159	223	209	Solido
184	254	251	Solido
182	243	238	Solido
168	233	211	Solido
186	254	250	Solido
185	254	247	Solido
174	246	238	Solido
165	229	218	Solido
174	240	231	Solido
161	231	220	Solido
71	114	119	Solido
149	208	199	Solido
174	237	224	Solido
167	234	230	Solido
175	249	245	Solido
186	254	250	Solido
94	135	121	Solido
172	236	230	Solido
169	239	235	Solido
73	87	52	Solido
72	89	53	Solido
186	253	245	Solido
145	195	168	Solido
171	239	237	Solido
141	208	207	Solido
145	212	209	Solido
169	233	225	Solido
140	202	186	Solido
137	194	180	Solido
177	249	241	Solido
177	247	241	Solido
143	207	197	Solido
84	129	123	Solido
165	233	228	Solido
164	233	212	Solido
185	254	248	Solido
178	244	226	Solido
173	242	239	Solido
175	233	212	Solido
179	254	242	Solido
177	250	244	Solido
162	225	219	Solido
153	213	208	Solido
99	141	165	Solido
127	184	170	Solido
172	243	233	Solido
56	107	81	Solido
155	219	210	Solido
181	245	243	Solido
115	164	164	Solido
170	233	222	Solido
178	253	247	Solido
142	209	194	Solido
132	189	173	Solido
179	250	243	Solido
173	237	234	Solido
102	139	123	Solido
163	221	215	Solido
184	254	253	Solido
185	254	248	Solido
169	234	233	Solido
174	244	239	Solido
138	203	199	Solido
140	204	195	Solido
139	196	188	Solido
168	234	223	Solido
174	241	230	Solido
173	239	234	Solido
179	247	236	Solido
174	231	202	Solido
160	228	212	Solido
176	243	235	Solido
149	211	196	Solido
169	234	231	Solido
169	235	229	Solido
107	153	138	Solido
144	207	185	Solido
167	230	228	Solido
129	176	156	Solido
180	251	246	Solido
175	240	230	Solido
172	233	233	Solido
189	254	252	Solido
167	237	232	Solido
129	185	170	Solido
155	219	204	Solido
171	239	233	Solido
183	247	240	Solido
181	244	240	Solido
157	217	213	Solido
136	191	169	Solido
166	232	224	Solido
145	200	182	Solido
180	251	239	Solido
181	253	243	Solido
174	246	241	Solido
175	245	242	Solido
91	137	119	Solido
174	242	234	Solido
178	248	242	Solido
151	214	195	Solido
80	95	63	Solido
163	223	208	Solido
72	87	53	Solido
64	77	45	Solido
136	188	180	Solido
76	89	56	Solido
169	237	233	Solido
117	163	141	Solido
67	81	53	Solido
75	113	121	Solido
188	254	253	Solido
133	180	154	Solido
75	90	59	Solido
140	200	188	Solido
136	196	188	Solido
70	82	52	Solido
178	251	245	Solido
112	159	147	Solido
162	224	207	Solido
68	84	51	Solido
62	96	111	Solido
181	249	236	Solido
111	159	159	Solido
179	243	242	Solido
156	216	211	Solido
172	245	236	Solido
177	246	233	Solido
165	229	226	Solido
174	240	231	Solido
183	254	251	Solido
94	135	122	Solido
177	246	246	Solido
84	101	66	Solido
75	91	57	Solido
164	236	234	Solido
129	184	178	Solido
165	229	220	Solido
166	235	224	Solido
137	197	181	Solido
171	240	228	Solido
107	160	132	Solido
161	217	222	Solido
174	247	232	Solido
181	253	247	Solido
80	120	104	Solido
173	239	240	Solido
170	240	233	Solido
179	252	244	Solido
177	242	240	Solido
170	239	233	Solido
133	172	162	Solido
183	254	244	Solido
80	91	62	Solido
171	241	234	Solido
162	222	217	Solido
177	250	236	Solido
162	231	224	Solido
171	239	232	Solido
181	254	246	Solido
185	252	246	Solido
139	199	182	Solido
103	150	140	Solido
171	236	221	Solido
181	251	241	Solido
184	253	248	Solido
138	203	197	Solido
147	212	190	Solido
172	240	234	Solido
175	245	230	Solido
174	238	237	Solido
119	174	184	Solido
144	207	201	Solido
172	242	238	Solido
138	197	173	Solido
172	243	239	Solido
164	228	219	Solido
162	221	218	Solido
154	215	214	Solido
159	229	213	Solido
115	159	138	Solido
174	245	242	Solido
146	207	195	Solido
123	166	136	Solido
171	244	246	Solido
167	232	225	Solido
171	242	241	Solido
165	238	226	Solido
161	228	224	Solido
162	220	217	Solido
175	249	246	Solido
165	233	226	Solido
69	82	52	Solido
81	100	64	Solido
176	244	235	Solido
189	254	254	Solido
67	81	49	Solido
131	198	201	Solido
173	244	237	Solido
157	216	220	Solido
183	252	243	Solido
158	225	225	Solido
69	81	51	Solido
166	230	209	Solido
131	184	171	Solido
147	206	194	Solido
158	216	216	Solido
124	188	178	Solido
182	251	247	Solido
145	205	186	Solido
50	85	94	Solido
98	157	101	Solido
165	230	219	Solido
157	208	199	Solido
141	196	200	Solido
174	244	232	Solido
178	251	244	Solido
123	165	150	Solido
175	242	238	Solido
122	181	175	Solido
147	208	209	Solido
167	237	228	Solido
135	181	170	Solido
172	245	232	Solido
119	178	177	Solido
183	251	244	Solido
180	250	234	Solido
128	189	172	Solido
70	99	85	Solido
163	228	230	Solido
180	253	247	Solido
178	248	241	Solido
72	83	52	Solido
163	224	212	Solido
167	231	223	Solido
159	220	216	Solido
168	236	223	Solido
175	242	233	Solido
145	202	173	Solido
158	223	198	Solido
169	231	223	Solido
120	167	138	Solido
173	246	237	Solido
140	188	171	Solido
138	198	154	Solido
145	200	189	Solido
177	248	240	Solido
78	90	56	Solido
171	236	231	Solido
74	89	53	Solido
145	196	182	Solido
180	248	244	Solido
159	224	209	Solido
167	233	228	Solido
155	227	219	Solido
177	247	245	Solido
175	251	238	Solido
160	231	217	Solido
187	254	252	Solido
179	251	251	Solido
158	216	204	Solido
165	231	224	Solido
172	237	234	Solido
167	235	231	Solido
141	201	193	Solido
181	241	243	Solido
175	247	240	Solido
171	238	225	Solido
170	236	228	Solido
183	254	247	Solido
153	225	220	Solido
167	238	233	Solido
162	223	217	Solido
177	247	242	Solido
150	216	190	Solido
167	229	213	Solido
172	244	235	Solido
178	251	245	Solido
162	224	215	Solido
141	198	187	Solido
123	171	165	Solido
169	233	213	Solido
138	197	205	Solido
59	76	48	Solido
173	241	232	Solido
180	251	244	Solido
184	252	247	Solido
93	135	133	Solido
174	246	238	Solido
145	212	190	Solido
169	242	237	Solido
100	136	124	Solido
176	247	240	Solido
177	244	237	Solido
63	101	117	Solido
184	254	248	Solido
149	214	211	Solido
161	234	229	Solido
176	242	231	Solido
180	248	248	Solido
182	251	246	Solido
180	254	238	Solido
98	144	141	Solido
169	241	233	Solido
157	215	205	Solido
175	242	234	Solido
170	230	225	Solido
163	229	220	Solido
166	234	224	Solido
114	154	142	Solido
183	251	249	Solido
175	247	240	Solido
130	188	185	Solido
181	252	245	Solido
156	223	213	Solido
159	227	222	Solido
177	249	242	Solido
69	83	47	Solido
173	237	235	Solido
167	233	229	Solido
160	227	217	Solido
127	167	161	Solido
189	254	253	Solido
179	250	245	Solido
172	244	235	Solido
86	125	132	Solido
177	241	243	Solido
179	250	242	Solido
184	249	248	Solido
187	249	226	Solido
171	244	236	Solido
163	232	224	Solido
55	82	99	Solido
66	82	50	Solido
138	208	195	Solido
150	208	197	Solido
171	235	220	Solido
172	245	238	Solido
148	212	199	Solido
119	163	139	Solido
170	237	238	Solido
101	142	120	Solido
150	219	199	Solido
166	231	225	Solido
177	250	237	Solido
139	200	195	Solido
175	251	243	Solido
171	237	225	Solido
63	78	54	Solido
171	238	228	Solido
169	239	235	Solido
175	241	229	Solido
65	77	49	Solido
171	237	232	Solido
161	224	224	Solido
169	237	233	Solido
155	211	200	Solido
149	211	210	Solido
139	199	181	Solido
174	246	235	Solido
165	237	234	Solido
171	238	230	Solido
126	186	175	Solido
174	244	242	Solido
161	229	227	Solido
175	246	238	Solido
165	243	240	Solido
115	156	146	Solido
159	220	205	Solido
151	209	203	Solido
75	87	60	Solido
140	200	197	Solido
173	237	232	Solido
151	213	215	Solido
190	254	254	Solido
175	242	238	Solido
141	193	198	Solido
145	207	174	Solido
73	93	55	Solido
174	238	232	Solido
67	79	48	Solido
150	225	215	Solido
167	230	218	Solido
140	194	183	Solido
177	247	235	Solido
179	249	242	Solido
173	241	233	Solido
151	212	210	Solido
72	86	50	Solido
146	206	187	Solido
137	191	171	Solido
68	113	117	Solido
179	252	244	Solido
79	122	106	Solido
184	254	225	Solido
174	244	238	Solido
154	220	204	Solido
171	232	212	Solido
177	250	240	Solido
150	211	197	Solido
184	254	248	Solido
180	250	241	Solido
170	236	230	Solido
145	208	202	Solido
169	238	230	Solido
110	145	137	Solido
172	241	231	Solido
126	189	187	Solido
179	244	243	Solido
181	252	248	Solido
154	217	203	Solido
79	118	112	Solido
169	236	230	Solido
179	251	246	Solido
174	249	243	Solido
142	189	165	Solido
158	228	217	Solido
178	246	225	Solido
159	219	207	Solido
176	243	233	Solido
152	216	207	Solido
171	243	237	Solido
183	251	249	Solido
177	238	236	Solido
147	204	192	Solido
140	193	179	Solido
122	173	150	Solido
179	254	248	Solido
114	161	153	Solido
172	237	233	Solido
183	254	248	Solido
61	75	44	Solido
130	195	187	Solido
61	98	106	Solido
192	254	254	Solido
167	234	227	Solido
163	236	229	Solido
169	239	234	Solido
161	233	211	Solido
182	254	237	Solido
159	227	223	Solido
178	251	245	Solido
70	85	50	Solido
159	224	225	Solido
165	228	216	Solido
180	254	243	Solido
167	232	217	Solido
182	254	248	Solido
139	200	202	Solido
106	165	156	Solido
66	115	119	Solido
174	244	238	Solido
172	244	237	Solido
146	205	187	Solido
177	242	229	Solido
127	163	161	Solido
73	87	51	Solido
163	232	209	Solido
67	81	48	Solido
52	87	100	Solido
167	233	224	Solido
150	208	201	Solido
182	250	248	Solido
137	204	199	Solido
174	239	229	Solido
83	144	147	Solido
171	244	234	Solido
165	226	200	Solido
175	246	239	Solido
167	235	232	Solido
185	254	251	Solido
157	224	213	Solido
149	215	214	Solido
181	254	246	Solido
177	248	240	Solido
159	229	214	Solido
165	229	223	Solido
148	213	196	Solido
116	173	173	Solido
146	217	208	Solido
157	222	218	Solido
177	249	240	Solido
149	217	213	Solido
166	239	228	Solido
169	225	196	Solido
154	218	214	Solido
142	205	189	Solido
172	244	221	Solido
98	142	124	Solido
159	224	219	Solido
75	86	60	Solido
187	254	253	Solido
69	80	50	Solido
170	236	235	Solido
83	124	118	Solido
118	170	169	Solido
173	239	235	Solido
149	210	186	Solido
151	217	210	Solido
179	244	242	Solido
167	227	225	Solido
165	234	220	Solido
150	218	215	Solido
132	194	181	Solido
165	227	217	Solido
67	100	108	Solido
133	186	142	Solido
152	213	204	Solido
179	248	247	Solido
174	246	237	Solido
155	228	223	Solido
175	243	232	Solido
170	239	223	Solido
176	249	238	Solido
171	239	231	Solido
176	246	238	Solido
120	185	165	Solido
161	227	228	Solido
175	241	237	Solido
142	206	192	Solido
196	254	254	Solido
73	89	54	Solido
183	254	250	Solido
135	198	185	Solido
159	229	218	Solido
107	148	134	Solido
153	221	212	Solido
51	77	96	Solido
176	247	244	Solido
177	241	233	Solido
172	233	233	Solido
151	211	210	Solido
160	229	217	Solido
160	220	212	Solido
175	245	241	Solido
166	227	208	Solido
173	245	234	Solido
172	239	219	Solido
171	233	220	Solido
138	202	187	Solido
178	248	246	Solido
176	247	235	Solido
140	198	191	Solido
176	248	229	Solido
169	238	234	Solido
159	221	215	Solido
139	199	197	Solido
160	224	221	Solido
80	95	61	Solido
174	244	238	Solido
164	226	229	Solido
177	253	245	Solido
183	247	247	Solido
175	249	241	Solido
143	196	176	Solido
177	245	230	Solido
183	253	251	Solido
132	190	177	Solido
67	85	49	Solido
180	247	241	Solido
68	81	51	Solido
42	73	94	Solido
88	126	109	Solido
167	237	222	Solido
181	250	245	Solido
61	92	100	Solido
133	189	167	Solido
75	105	107	Solido
164	229	224	Solido
158	223	219	Solido
176	249	243	Solido
150	213	186	Solido
179	250	241	Solido
185	254	249	Solido
51	69	39	Solido
168	238	237	Solido
174	243	240	Solido
153	218	200	Solido
175	249	243	Solido
186	254	250	Solido
179	249	245	Solido
157	217	212	Solido
144	200	168	Solido
148	210	189	Solido
123	183	175	Solido
165	229	227	Solido
181	252	246	Solido
31	57	70	Solido
167	232	217	Solido
80	94	59	Solido
168	238	228	Solido
153	214	204	Solido
189	252	246	Solido
187	254	251	Solido
161	226	220	Solido
147	202	194	Solido
157	211	200	Solido
110	171	181	Solido
170	240	230	Solido
178	245	244	Solido
173	238	228	Solido
94	141	145	Solido
171	244	225	Solido
177	246	243	Solido
154	221	213	Solido
177	241	228	Solido
175	248	241	Solido
177	251	243	Solido
171	235	233	Solido
144	210	209	Solido
182	249	240	Solido
171	246	245	Solido
160	226	220	Solido
168	238	234	Solido
180	254	244	Solido
154	211	187	Solido
155	217	216	Solido
175	248	240	Solido
179	247	239	Solido
153	209	197	Solido
180	254	245	Solido
52	86	103	Solido
167	230	221	Solido
183	253	242	Solido
71	87	61	Solido
178	250	242	Solido
56	71	49	Solido
138	186	156	Solido
113	159	161	Solido
168	233	221	Solido
118	163	135	Solido
62	75	45	Solido
117	155	148	Solido
155	222	209	Solido
123	170	149	Solido
174	242	239	Solido
177	247	238	Solido
81	117	129	Solido
144	204	194	Solido
171	243	237	Solido
151	206	189	Solido
147	201	178	Solido
185	254	254	Solido
169	240	233	Solido
171	246	238	Solido
149	212	185	Solido
62	101	117	Solido
173	243	237	Solido
186	254	246	Solido
161	223	208	Solido
120	164	144	Solido
178	247	237	Solido
180	249	243	Solido
127	180	168	Solido
33	65	73	Solido
142	194	157	Solido
177	246	230	Solido
169	238	230	Solido
96	138	122	Solido
149	205	181	Solido
105	143	147	Solido
177	239	239	Solido
57	90	99	Solido
176	242	229	Solido
160	227	214	Solido
122	163	149	Solido
138	196	191	Solido
174	239	233	Solido
171	231	234	Solido
144	209	193	Solido
164	234	228	Solido
176	250	240	Solido
155	221	214	Solido
167	232	218	Solido
170	237	226	Solido
157	220	210	Solido
133	184	161	Solido
113	157	125	Solido
169	240	236	Solido
145	212	207	Solido
171	215	208	Solido
151	213	204	Solido
177	251	241	Solido
178	248	241	Solido
161	227	225	Solido
92	133	140	Solido
168	230	228	Solido
157	225	213	Solido
127	175	162	Solido
173	237	220	Solido
170	243	234	Solido
171	235	228	Solido
171	243	241	Solido
164	233	225	Solido
163	230	212	Solido
177	247	242	Solido
169	234	224	Solido
169	237	228	Solido
108	152	144	Solido
189	254	251	Solido
171	242	237	Solido
147	200	180	Solido
48	92	99	Solido
160	209	196	Solido
173	235	227	Solido
181	252	245	Solido
58	113	79	Solido
78	120	118	Solido
156	220	218	Solido
169	231	236	Solido
181	246	240	Solido
155	226	218	Solido
181	248	245	Solido
162	232	228	Solido
165	233	217	Solido
166	237	231	Solido
181	254	246	Solido
181	248	245	Solido
172	241	233	Solido
173	243	237	Solido
171	240	235	Solido
147	212	206	Solido
153	222	206	Solido
132	186	171	Solido
173	239	234	Solido
183	254	248	Solido
149	212	211	Solido
150	209	193	Solido
145	208	189	Solido
165	233	225	Solido
169	238	232	Solido
164	227	225	Solido
143	206	200	Solido
173	234	224	Solido
166	236	227	Solido
162	228	223	Solido
177	240	240	Solido
154	220	220	Solido
72	86	55	Solido
167	237	230	Solido
148	217	213	Solido
149	219	211	Solido
109	154	137	Solido
89	134	111	Solido
73	87	59	Solido
178	243	240	Solido
74	88	55	Solido
166	234	232	Solido
167	233	226	Solido
145	212	197	Solido
65	81	52	Solido
162	232	204	Solido
140	204	197	Solido
127	194	173	Solido
149	223	219	Solido
71	85	51	Solido
181	244	242	Solido
163	229	216	Solido
152	199	192	Solido
176	244	241	Solido
135	184	172	Solido
63	100	102	Solido
163	230	217	Solido
179	253	249	Solido
159	228	219	Solido
183	252	246	Solido
145	208	214	Solido
163	231	225	Solido
138	186	171	Solido
95	142	111	Solido
171	227	201	Solido
155	226	220	Solido
167	241	238	Solido
129	171	162	Solido
179	248	245	Solido
173	243	233	Solido
178	244	229	Solido
172	249	241	Solido
172	240	238	Solido
150	222	215	Solido
175	242	235	Solido
154	218	198	Solido
95	132	134	Solido
172	238	239	Solido
185	254	249	Solido
177	251	236	Solido
61	121	123	Solido
167	230	224	Solido
168	237	226	Solido
163	232	218	Solido
74	93	55	Solido
103	145	120	Solido
153	219	196	Solido
171	239	239	Solido
181	249	246	Solido
36	72	95	Solido
172	247	239	Solido
128	177	198	Solido
169	235	236	Solido
160	222	186	Solido
175	240	232	Solido
136	195	178	Solido
122	167	148	Solido
153	214	209	Solido
169	240	232	Solido
175	240	237	Solido
167	237	230	Solido
165	230	226	Solido
168	231	222	Solido
174	247	236	Solido
67	78	48	Solido
175	243	221	Solido
177	249	236	Solido
173	244	241	Solido
130	185	166	Solido
46	100	72	Solido
174	243	227	Solido
185	254	250	Solido
170	232	222	Solido
181	254	249	Solido
169	240	232	Solido
176	243	235	Solido
177	247	240	Solido
141	210	191	Solido
172	236	236	Solido
169	242	236	Solido
127	186	179	Solido
177	250	242	Solido
181	248	244	Solido
182	254	247	Solido
183	251	246	Solido
166	235	235	Solido
155	222	222	Solido
122	179	174	Solido
155	221	219	Solido
165	231	225	Solido
171	242	234	Solido
131	175	161	Solido
111	159	134	Solido
69	84	51	Solido
182	245	244	Solido
182	249	247	Solido
50	67	47	Solido
139	193	180	Solido
171	242	232	Solido
185	254	248	Solido
177	242	242	Solido
173	242	235	Solido
172	234	235	Solido
128	191	177	Solido
142	213	203	Solido
88	105	67	Solido
177	250	243	Solido
39	80	94	Solido
147	201	186	Solido
147	211	186	Solido
63	103	90	Solido
171	243	234	Solido
169	238	230	Solido
36	71	86	Solido
175	241	243	Solido
138	198	188	Solido
164	229	216	Solido
168	229	221	Solido
154	215	202	Solido
182	252	250	Solido
148	207	188	Solido
151	222	208	Solido
172	231	209	Solido
82	118	123	Solido
167	235	223	Solido
66	80	47	Solido
172	241	235	Solido
153	216	220	Solido
167	238	230	Solido
126	194	183	Solido
163	230	221	Solido
166	230	219	Solido
167	231	217	Solido
186	254	246	Solido
168	242	236	Solido
177	242	241	Solido
177	254	248	Solido
185	254	251	Solido
179	254	246	Solido
159	226	219	Solido
163	225	218	Solido
162	224	211	Solido
147	205	186	Solido
61	76	52	Solido
96	143	121	Solido
170	238	224	Solido
63	99	97	Solido
144	196	179	Solido
147	208	198	Solido
177	246	240	Solido
176	249	243	Solido
182	252	248	Solido
170	242	226	Solido
181	253	244	Solido
165	235	227	Solido
46	102	94	Solido
175	237	239	Solido
162	232	218	Solido
172	243	239	Solido
99	136	134	Solido
169	235	231	Solido
181	249	238	Solido
171	241	233	Solido
159	225	214	Solido
101	142	134	Solido
177	244	239	Solido
174	246	242	Solido
167	234	222	Solido
169	238	236	Solido
171	238	232	Solido
151	223	201	Solido
178	249	243	Solido
175	244	238	Solido
173	245	237	Solido
169	238	228	Solido
185	254	251	Solido
185	254	246	Solido
148	208	186	Solido
179	248	244	Solido
169	232	212	Solido
176	244	242	Solido
77	121	121	Solido
172	240	237	Solido
88	103	61	Solido
155	213	195	Solido
145	206	197	Solido
150	214	198	Solido
171	236	231	Solido
79	123	104	Solido
170	236	229	Solido
170	247	238	Solido
30	61	83	Solido
154	226	217	Solido
38	58	81	Solido
159	228	206	Solido
182	245	244	Solido
76	91	58	Solido
167	235	226	Solido
155	221	214	Solido
165	234	218	Solido
167	234	228	Solido
178	249	240	Solido
187	254	246	Solido
146	212	210	Solido
173	238	230	Solido
153	213	200	Solido
153	212	193	Solido
169	233	232	Solido
168	231	232	Solido
177	242	238	Solido
85	129	114	Solido
158	227	211	Solido
139	197	183	Solido
186	254	246	Solido
21	27	69	Solido
179	250	242	Solido
181	254	251	Solido
174	243	237	Solido
162	222	217	Solido
178	251	239	Solido
167	234	227	Solido
165	233	228	Solido
142	196	184	Solido
132	186	171	Solido
177	250	245	Solido
142	200	188	Solido
161	226	220	Solido
159	224	209	Solido
180	250	245	Solido
170	235	229	Solido
175	246	243	Solido
54	115	124	Solido
166	237	233	Solido
167	236	228	Solido
169	233	232	Solido
143	204	183	Solido
168	235	234	Solido
145	212	209	Solido
143	185	172	Solido
157	221	214	Solido
180	251	246	Solido
139	194	178	Solido
151	217	202	Solido
169	234	233	Solido
165	233	228	Solido
186	254	249	Solido
73	90	56	Solido
147	215	215	Solido
157	222	217	Solido
184	254	250	Solido
180	252	246	Solido
114	160	151	Solido
159	222	220	Solido
158	223	214	Solido
163	225	192	Solido
167	229	205	Solido
173	238	233	Solido
155	216	206	Solido
158	230	228	Solido
177	240	241	Solido
159	223	220	Solido
142	203	203	Solido
179	252	246	Solido
180	246	242	Solido
169	237	222	Solido
173	227	201	Solido
165	230	226	Solido
65	105	89	Solido
163	228	202	Solido
175	243	242	Solido
178	250	244	Solido
191	254	234	Solido
169	232	217	Solido
116	163	160	Solido
169	228	226	Solido
173	244	238	Solido
153	211	196	Solido
85	135	145	Solido
163	228	226	Solido
133	192	184	Solido
161	226	198	Solido
37	47	73	Solido
130	169	159	Solido
178	246	234	Solido
184	254	250	Solido
175	248	243	Solido
151	216	208	Solido
150	212	210	Solido
157	226	213	Solido
148	210	188	Solido
182	252	249	Solido
172	244	239	Solido
187	254	243	Solido
133	190	161	Solido
164	230	226	Solido
185	254	249	Solido
177	249	243	Solido
179	249	242	Solido
182	254	244	Solido
175	245	241	Solido
173	240	233	Solido
172	244	234	Solido
171	238	233	Solido
121	186	173	Solido
171	241	236	Solido
137	197	168	Solido
84	124	114	Solido
54	66	45	Solido
170	238	228	Solido
174	248	239	Solido
171	231	194	Solido
153	208	198	Solido
165	226	219	Solido
187	254	250	Solido
165	235	231	Solido
161	228	224	Solido
181	244	242	Solido
168	236	232	Solido
171	238	227	Solido
175	244	240	Solido
119	163	137	Solido
180	251	236	Solido
173	244	240	Solido
161	223	215	Solido
175	242	241	Solido
146	215	209	Solido
177	242	238	Solido
67	82	50	Solido
190	254	254	Solido
182	245	244	Solido
151	209	178	Solido
179	252	247	Solido
137	187	172	Solido
175	244	241	Solido
116	178	170	Solido
150	207	184	Solido
182	253	242	Solido
124	189	180	Solido
182	249	246	Solido
180	250	245	Solido
148	212	206	Solido
84	127	131	Solido
180	243	232	Solido
122	183	186	Solido
179	244	240	Solido
128	175	160	Solido
131	190	174	Solido
115	164	142	Solido
96	140	148	Solido
180	249	245	Solido
151	209	196	Solido
189	254	243	Solido
164	231	226	Solido
183	254	250	Solido
181	250	246	Solido
107	148	135	Solido
138	197	180	Solido
175	245	243	Solido
149	204	191	Solido
124	180	130	Solido
183	254	250	Solido
153	222	225	Solido
185	254	254	Solido
182	254	248	Solido
183	248	245	Solido
177	250	243	Solido
175	246	241	Solido
172	239	236	Solido
174	236	237	Solido
130	180	171	Solido
172	241	235	Solido
128	182	178	Solido
139	198	200	Solido
173	245	235	Solido
150	217	211	Solido
166	232	217	Solido
170	240	227	Solido
163	224	224	Solido
129	170	145	Solido
165	222	208	Solido
175	247	239	Solido
148	199	186	Solido
161	229	221	Solido
142	207	190	Solido
158	228	224	Solido
52	88	72	Solido
183	254	244	Solido
155	222	215	Solido
175	243	243	Solido
180	249	247	Solido
177	243	244	Solido
80	130	132	Solido
148	211	208	Solido
172	244	238	Solido
163	232	228	Solido
171	240	229	Solido
179	251	241	Solido
5	10	55	Solido
186	254	252	Solido
157	216	208	Solido
72	91	51	Solido
148	213	202	Solido
175	249	242	Solido
143	191	175	Solido
173	238	232	Solido
181	253	245	Solido
169	240	232	Solido
179	253	245	Solido
177	241	233	Solido
170	234	221	Solido
178	252	242	Solido
137	196	191	Solido
154	221	205	Solido
143	210	193	Solido
75	85	49	Solido
155	217	192	Solido
151	208	173	Solido
102	148	138	Solido
178	248	246	Solido
156	212	195	Solido
188	254	224	Solido
184	249	241	Solido
169	234	216	Solido
149	215	209	Solido
107	163	162	Solido
158	218	212	Solido
154	225	217	Solido
61	84	97	Solido
132	174	143	Solido
179	251	248	Solido
179	245	245	Solido
171	233	219	Solido
180	254	244	Solido
171	246	240	Solido
188	254	251	Solido
142	194	179	Solido
151	215	195	Solido
119	182	172	Solido
172	241	233	Solido
177	244	240	Solido
189	254	250	Solido
183	249	245	Solido
134	182	165	Solido
111	156	148	Solido
93	140	149	Solido
133	195	190	Solido
94	136	124	Solido
175	246	238	Solido
92	132	118	Solido
124	176	169	Solido
137	194	173	Solido
64	75	51	Solido
131	171	165	Solido
181	253	248	Solido
169	231	216	Solido
169	234	226	Solido
184	252	249	Solido
62	76	48	Solido
188	254	254	Solido
176	233	222	Solido
182	252	236	Solido
162	224	217	Solido
109	157	146	Solido
147	213	198	Solido
54	85	101	Solido
182	252	246	Solido
153	212	201	Solido
174	237	214	Solido
139	199	185	Solido
157	218	220	Solido
186	249	247	Solido
187	254	247	Solido
129	192	180	Solido
171	239	230	Solido
152	216	214	Solido
181	251	244	Solido
175	243	238	Solido
173	240	232	Solido
129	181	161	Solido
147	216	209	Solido
145	211	203	Solido
169	238	236	Solido
163	231	224	Solido
161	228	218	Solido
177	245	242	Solido
171	242	241	Solido
176	241	231	Solido
98	150	117	Solido
145	207	192	Solido
179	250	243	Solido
177	246	236	Solido
177	247	243	Solido
152	217	208	Solido
159	221	204	Solido
138	187	178	Solido
174	247	237	Solido
159	222	214	Solido
157	213	203	Solido
135	202	191	Solido
164	228	220	Solido
117	181	171	Solido
174	245	237	Solido
159	222	210	Solido
163	232	229	Solido
173	237	233	Solido
158	229	219	Solido
178	243	244	Solido
160	226	222	Solido
177	241	213	Solido
173	242	222	Solido
174	242	235	Solido
139	197	190	Solido
182	254	251	Solido
170	245	235	Solido
104	151	147	Solido
158	216	195	Solido
179	254	247	Solido
128	179	157	Solido
183	253	250	Solido
179	249	242	Solido
126	175	161	Solido
184	249	246	Solido
174	245	237	Solido
173	243	237	Solido
81	93	56	Solido
145	212	214	Solido
181	250	246	Solido
145	215	206	Solido
159	226	212	Solido
171	233	215	Solido
175	247	240	Solido
178	242	238	Solido
149	214	220	Solido
155	213	204	Solido
175	244	238	Solido
181	254	249	Solido
187	251	245	Solido
174	237	234	Solido
163	227	223	Solido
185	254	247	Solido
131	175	151	Solido
160	231	228	Solido
177	247	242	Solido
104	149	136	Solido
161	223	206	Solido
184	252	243	Solido
150	214	214	Solido
78	91	53	Solido
179	253	245	Solido
177	243	241	Solido
177	247	243	Solido
47	81	100	Solido
170	232	211	Solido
148	217	193	Solido
179	251	244	Solido
166	235	231	Solido
173	241	234	Solido
181	251	244	Solido
117	165	158	Solido
150	216	210	Solido
67	79	49	Solido
154	211	184	Solido
159	229	221	Solido
160	219	202	Solido
166	232	226	Solido
177	246	235	Solido
93	130	132	Solido
177	249	240	Solido
185	254	246	Solido
181	252	245	Solido
192	254	248	Solido
155	223	215	Solido
175	253	242	Solido
148	212	210	Solido
116	168	168	Solido
173	244	238	Solido
159	228	218	Solido
73	111	120	Solido
171	244	233	Solido
173	244	236	Solido
131	179	177	Solido
119	177	180	Solido
176	245	240	Solido
185	253	247	Solido
185	254	249	Solido
145	204	176	Solido
124	183	176	Solido
111	168	172	Solido
171	238	234	Solido
92	127	122	Solido
12	19	69	Solido
177	244	238	Solido
180	252	246	Solido
181	252	238	Solido
183	247	250	Solido
178	242	224	Solido
39	77	75	Solido
149	206	186	Solido
179	250	244	Solido
164	234	231	Solido
153	216	222	Solido
145	203	191	Solido
72	107	98	Solido
173	245	241	Solido
179	249	240	Solido
174	239	235	Solido
125	168	154	Solido
177	249	239	Solido
175	248	248	Solido
162	225	213	Solido
174	238	227	Solido
149	217	212	Solido
171	238	230	Solido
52	77	112	Solido
187	254	250	Solido
147	212	190	Solido
180	248	244	Solido
187	254	251	Solido
165	234	231	Solido
183	248	224	Solido
187	254	252	Solido
179	250	243	Solido
164	232	224	Solido
183	249	247	Solido
181	249	248	Solido
177	249	245	Solido
169	240	230	Solido
153	220	189	Solido
136	191	139	Solido
173	237	237	Solido
167	233	233	Solido
191	254	254	Solido
77	93	56	Solido
162	225	214	Solido
100	149	155	Solido
130	178	156	Solido
162	222	196	Solido
82	97	59	Solido
170	237	230	Solido
161	227	220	Solido
153	211	194	Solido
164	232	232	Solido
39	87	85	Solido
76	93	54	Solido
171	238	221	Solido
178	241	233	Solido
142	206	196	Solido
154	215	206	Solido
95	144	121	Solido
168	237	227	Solido
182	252	247	Solido
117	160	137	Solido
161	226	214	Solido
166	235	225	Solido
135	191	181	Solido
148	203	166	Solido
178	247	238	Solido
171	238	232	Solido
162	232	227	Solido
161	228	224	Solido
130	182	170	Solido
183	254	246	Solido
175	244	236	Solido
146	204	190	Solido
167	226	225	Solido
92	135	124	Solido
139	178	159	Solido
159	221	220	Solido
171	237	222	Solido
61	96	116	Solido
171	240	235	Solido
183	254	249	Solido
169	238	230	Solido
173	238	236	Solido
108	151	155	Solido
167	232	234	Solido
147	203	186	Solido
144	193	179	Solido
63	115	88	Solido
181	249	245	Solido
162	235	206	Solido
141	211	197	Solido
112	163	166	Solido
150	208	188	Solido
91	111	65	Solido
178	254	244	Solido
172	242	231	Solido
174	235	213	Solido
161	227	217	Solido
156	219	222	Solido
101	151	127	Solido
180	254	246	Solido
180	249	248	Solido
151	221	214	Solido
185	254	254	Solido
165	223	201	Solido
167	236	213	Solido
121	172	165	Solido
76	92	61	Solido
154	213	219	Solido
146	216	204	Solido
165	228	231	Solido
160	223	217	Solido
150	216	208	Solido
119	161	152	Solido
79	91	55	Solido
47	87	103	Solido
67	79	51	Solido
157	217	201	Solido
160	226	220	Solido
126	165	148	Solido
124	171	149	Solido
77	89	54	Solido
167	237	208	Solido
156	229	227	Solido
64	82	50	Solido
136	189	175	Solido
161	229	223	Solido
181	250	246	Solido
126	183	175	Solido
156	225	208	Solido
177	244	226	Solido
182	253	250	Solido
169	237	219	Solido
166	234	226	Solido
143	192	161	Solido
179	252	247	Solido
162	219	206	Solido
103	147	161	Solido
180	251	243	Solido
113	153	138	Solido
69	82	52	Solido
141	197	176	Solido
169	240	239	Solido
176	246	239	Solido
130	179	159	Solido
171	241	237	Solido
174	241	235	Solido
73	107	115	Solido
184	254	250	Solido
174	248	238	Solido
165	233	224	Solido
164	230	232	Solido
95	149	162	Solido
135	188	164	Solido
176	249	241	Solido
160	226	211	Solido
162	233	225	Solido
148	200	179	Solido
171	244	234	Solido
177	242	225	Solido
153	218	210	Solido
164	228	210	Solido
170	240	237	Solido
188	254	254	Solido
174	245	236	Solido
143	206	195	Solido
140	191	158	Solido
164	228	221	Solido
173	242	236	Solido
179	248	240	Solido
167	229	208	Solido
170	237	224	Solido
129	186	166	Solido
181	254	248	Solido
171	231	220	Solido
77	89	56	Solido
184	254	225	Solido
175	244	241	Solido
181	252	248	Solido
163	226	207	Solido
157	218	215	Solido
171	233	212	Solido
177	249	239	Solido
122	172	153	Solido
163	229	218	Solido
122	177	161	Solido
145	201	187	Solido
186	254	248	Solido
167	233	226	Solido
157	221	222	Solido
75	116	105	Solido
137	200	195	Solido
175	241	229	Solido
186	254	253	Solido
178	240	223	Solido
169	237	229	Solido
172	237	233	Solido
65	78	49	Solido
171	245	236	Solido
99	141	114	Solido
158	219	216	Solido
141	195	181	Solido
163	233	229	Solido
164	226	221	Solido
190	254	254	Solido
154	220	202	Solido
182	254	251	Solido
165	230	226	Solido
150	203	189	Solido
142	199	184	Solido
172	238	227	Solido
169	233	225	Solido
168	241	231	Solido
191	254	251	Solido
96	139	121	Solido
70	82	50	Solido
178	247	244	Solido
169	236	223	Solido
143	202	192	Solido
141	207	199	Solido
154	222	205	Solido
31	58	87	Solido
192	254	248	Solido
164	231	229	Solido
144	212	201	Solido
168	236	224	Solido
161	224	224	Solido
173	236	201	Solido
188	254	250	Solido
169	238	229	Solido
158	222	221	Solido
168	235	231	Solido
178	249	244	Solido
143	206	190	Solido
172	232	225	Solido
177	248	232	Solido
168	235	230	Solido
44	90	91	Solido
166	230	223	Solido
67	80	48	Solido
183	254	225	Solido
153	218	202	Solido
146	217	206	Solido
164	234	230	Solido
181	244	235	Solido
172	243	228	Solido
171	234	218	Solido
149	205	202	Solido
157	220	201	Solido
151	208	198	Solido
126	182	175	Solido
172	238	213	Solido
71	92	109	Solido
119	165	147	Solido
178	250	244	Solido
171	235	232	Solido
174	246	238	Solido
190	252	241	Solido
82	95	59	Solido
130	171	156	Solido
147	203	187	Solido
175	247	241	Solido
164	232	231	Solido
163	226	216	Solido
178	248	246	Solido
162	226	211	Solido
169	235	226	Solido
151	217	202	Solido
179	246	232	Solido
180	242	233	Solido
98	140	122	Solido
179	250	246	Solido
104	144	133	Solido
148	207	195	Solido
66	81	49	Solido
98	137	120	Solido
156	220	206	Solido
172	241	237	Solido
175	241	234	Solido
180	250	238	Solido
155	222	215	Solido
185	254	251	Solido
176	241	220	Solido
162	227	222	Solido
147	208	193	Solido
182	254	250	Solido
13	18	64	Solido
95	133	121	Solido
164	232	223	Solido
74	102	111	Solido
92	138	139	Solido
140	196	182	Solido
128	183	167	Solido
171	233	219	Solido
168	236	231	Solido
168	235	214	Solido
175	246	234	Solido
171	238	229	Solido
147	211	202	Solido
110	154	134	Solido
167	231	225	Solido
165	229	210	Solido
136	194	189	Solido
86	118	123	Solido
169	236	230	Solido
141	201	195	Solido
166	231	225	Solido
161	225	213	Solido
166	238	230	Solido
164	230	220	Solido
150	213	197	Solido
176	248	245	Solido
76	87	62	Solido
159	225	219	Solido
109	161	151	Solido
175	244	240	Solido
181	249	246	Solido
155	220	209	Solido
182	254	247	Solido
185	254	251	Solido
140	205	196	Solido
177	241	227	Solido
179	249	244	Solido
173	235	234	Solido
167	237	234	Solido
74	91	56	Solido
161	232	230	Solido
47	79	91	Solido
182	254	252	Solido
159	226	213	Solido
145	201	188	Solido
104	148	145	Solido
179	254	247	Solido
77	92	63	Solido
169	238	228	Solido
159	215	219	Solido
167	239	238	Solido
166	232	218	Solido
65	100	107	Solido
173	241	242	Solido
166	233	207	Solido
173	245	241	Solido
123	173	141	Solido
132	185	151	Solido
137	193	174	Solido
165	230	226	Solido
149	212	211	Solido
185	254	249	Solido
154	215	203	Solido
131	191	194	Solido
179	248	237	Solido
177	249	242	Solido
172	239	230	Solido
147	211	199	Solido
160	227	221	Solido
65	100	112	Solido
163	231	227	Solido
83	121	125	Solido
169	235	230	Solido
89	141	142	Solido
138	201	191	Solido
169	235	228	Solido
70	81	47	Solido
168	235	230	Solido
87	123	126	Solido
159	221	217	Solido
89	134	121	Solido
118	161	141	Solido
181	246	240	Solido
80	115	113	Solido
69	83	50	Solido
181	254	248	Solido
176	243	231	Solido
154	226	219	Solido
185	253	251	Solido
179	247	231	Solido
143	197	177	Solido
173	242	237	Solido
175	242	234	Solido
146	209	193	Solido
81	93	57	Solido
164	229	227	Solido
96	144	122	Solido
187	251	242	Solido
82	144	154	Solido
177	248	243	Solido
90	128	121	Solido
159	221	210	Solido
171	237	238	Solido
170	228	229	Solido
183	254	248	Solido
128	183	166	Solido
163	229	223	Solido
179	247	242	Solido
160	225	219	Solido
156	223	218	Solido
172	234	236	Solido
173	237	234	Solido
151	215	211	Solido
73	85	51	Solido
167	233	206	Solido
179	248	240	Solido
151	222	218	Solido
167	232	226	Solido
141	201	176	Solido
176	237	201	Solido
66	78	48	Solido
163	228	227	Solido
79	116	121	Solido
126	192	191	Solido
110	176	176	Solido
82	120	125	Solido
67	80	48	Solido
183	254	250	Solido
136	187	158	Solido
94	134	122	Solido
169	241	232	Solido
175	244	238	Solido
177	247	242	Solido
147	205	193	Solido
178	254	247	Solido
189	254	244	Solido
172	240	236	Solido
179	243	242	Solido
174	238	236	Solido
169	241	235	Solido
123	177	158	Solido
154	222	212	Solido
176	244	228	Solido
167	231	230	Solido
173	242	238	Solido
155	227	221	Solido
157	218	210	Solido
175	243	239	Solido
169	237	232	Solido
96	152	107	Solido
169	238	233	Solido
183	244	215	Solido
169	238	237	Solido
110	163	165	Solido
153	226	213	Solido
153	212	205	Solido
70	96	96	Solido
171	238	238	Solido
168	236	218	Solido
183	254	246	Solido
172	247	241	Solido
186	254	250	Solido
177	246	238	Solido
185	254	251	Solido
136	182	167	Solido
129	177	154	Solido
165	230	224	Solido
64	103	118	Solido
171	238	232	Solido
174	242	232	Solido
151	214	204	Solido
48	67	40	Solido
167	231	220	Solido
167	232	222	Solido
185	254	252	Solido
171	243	235	Solido
163	223	210	Solido
103	146	143	Solido
180	252	247	Solido
169	238	232	Solido
161	236	224	Solido
182	248	246	Solido
163	230	220	Solido
51	84	104	Solido
170	237	227	Solido
68	109	102	Solido
177	242	241	Solido
118	164	149	Solido
185	254	248	Solido
145	212	203	Solido
177	249	240	Solido
173	248	233	Solido
123	170	147	Solido
82	114	119	Solido
151	211	202	Solido
142	189	174	Solido
188	254	249	Solido
122	167	161	Solido
156	219	200	Solido
73	85	49	Solido
163	230	229	Solido
157	222	216	Solido
112	173	172	Solido
51	74	97	Solido
172	243	240	Solido
172	238	229	Solido
183	252	248	Solido
185	254	248	Solido
159	225	207	Solido
167	242	232	Solido
130	186	177	Solido
179	247	240	Solido
180	246	244	Solido
185	250	231	Solido
167	230	229	Solido
153	210	198	Solido
181	251	240	Solido
172	239	243	Solido
180	253	243	Solido
179	248	245	Solido
157	221	208	Solido
174	243	238	Solido
172	235	218	Solido
156	217	213	Solido
148	209	203	Solido
167	222	225	Solido
77	93	58	Solido
153	222	207	Solido
181	253	245	Solido
164	229	225	Solido
165	232	225	Solido
67	104	117	Solido
185	254	249	Solido
173	239	230	Solido
165	235	226	Solido
169	236	236	Solido
72	83	52	Solido
179	244	242	Solido
157	220	213	Solido
154	205	199	Solido
155	206	190	Solido
179	245	209	Solido
163	222	218	Solido
117	170	170	Solido
175	242	232	Solido
167	243	232	Solido
191	254	252	Solido
135	196	188	Solido
159	229	224	Solido
167	230	214	Solido
150	216	196	Solido
178	251	243	Solido
188	254	251	Solido
171	235	228	Solido
149	214	213	Solido
162	226	220	Solido
158	228	221	Solido
169	236	227	Solido
163	228	226	Solido
172	244	237	Solido
179	249	245	Solido
168	237	225	Solido
175	242	237	Solido
141	198	183	Solido
135	181	149	Solido
159	219	200	Solido
137	204	198	Solido
146	204	161	Solido
186	254	250	Solido
149	213	201	Solido
165	224	226	Solido
128	173	168	Solido
170	241	232	Solido
159	228	226	Solido
182	249	241	Solido
185	254	247	Solido
154	214	206	Solido
163	233	228	Solido
183	253	246	Solido
171	241	236	Solido
175	235	203	Solido
65	87	102	Solido
171	241	238	Solido
179	247	240	Solido
180	250	249	Solido
159	225	223	Solido
90	132	126	Solido
157	227	219	Solido
55	76	110	Solido
162	224	201	Solido
154	214	208	Solido
57	106	121	Solido
82	126	120	Solido
82	95	56	Solido
175	244	241	Solido
158	216	205	Solido
173	238	227	Solido
166	232	228	Solido
157	211	188	Solido
157	218	199	Solido
182	249	244	Solido
68	82	56	Solido
134	183	175	Solido
152	224	215	Solido
165	236	223	Solido
179	246	238	Solido
73	86	50	Solido
111	157	145	Solido
154	211	200	Solido
179	250	243	Solido
155	216	207	Solido
168	231	228	Solido
160	226	227	Solido
143	207	196	Solido
147	205	191	Solido
165	229	217	Solido
140	188	166	Solido
82	116	103	Solido
118	179	177	Solido
72	89	52	Solido
143	214	190	Solido
153	213	216	Solido
164	230	223	Solido
171	237	231	Solido
52	74	94	Solido
169	237	223	Solido
123	165	152	Solido
157	224	209	Solido
61	74	46	Solido
172	243	238	Solido
151	210	200	Solido
65	78	48	Solido
184	254	247	Solido
174	243	236	Solido
158	223	204	Solido
175	247	232	Solido
113	154	152	Solido
177	247	242	Solido
138	202	187	Solido
170	235	228	Solido
94	132	127	Solido
168	233	218	Solido
177	251	243	Solido
162	229	217	Solido
183	254	248	Solido
157	216	194	Solido
181	253	248	Solido
169	236	227	Solido
112	172	173	Solido
142	208	200	Solido
145	210	205	Solido
168	240	232	Solido
118	163	149	Solido
183	248	243	Solido
77	90	51	Solido
162	233	216	Solido
150	220	209	Solido
169	230	229	Solido
188	254	253	Solido
66	77	45	Solido
183	238	197	Solido
164	232	221	Solido
135	183	163	Solido
