24	115	160	Poro
31	118	151	Poro
28	113	145	Poro
42	108	138	Poro
76	157	178	Poro
32	124	184	Poro
24	111	158	Poro
46	130	177	Poro
21	89	122	Poro
40	125	159	Poro
31	129	173	Poro
35	126	158	Poro
46	119	149	Poro
43	103	114	Poro
31	119	156	Poro
63	149	185	Poro
33	124	160	Poro
51	125	135	Poro
27	100	131	Poro
20	105	126	Poro
91	170	191	Poro
30	106	136	Poro
28	116	165	Poro
24	95	126	Poro
30	115	136	Poro
39	119	152	Poro
18	99	153	Poro
76	156	179	Poro
26	132	200	Poro
40	130	161	Poro
76	166	179	Poro
41	135	190	Poro
28	122	190	Poro
34	128	169	Poro
22	97	126	Poro
64	141	152	Poro
35	135	184	Poro
33	106	129	Poro
24	120	182	Poro
24	119	178	Poro
21	95	116	Poro
30	119	158	Poro
21	100	131	Poro
39	109	121	Poro
27	107	143	Poro
21	119	177	Poro
29	98	114	Poro
24	103	158	Poro
17	73	99	Poro
37	126	163	Poro
62	146	169	Poro
25	120	179	Poro
30	120	171	Poro
24	123	191	Poro
33	119	159	Poro
29	93	122	Poro
55	150	188	Poro
23	127	188	Poro
38	132	164	Poro
65	162	197	Poro
18	104	157	Poro
27	110	153	Poro
19	117	184	Poro
45	145	183	Poro
62	151	167	Poro
26	97	121	Poro
55	150	174	Poro
32	125	167	Poro
19	106	161	Poro
27	115	161	Poro
24	123	180	Poro
32	121	163	Poro
11	80	127	Poro
35	124	177	Poro
33	112	139	Poro
9	81	118	Poro
71	159	189	Poro
36	131	184	Poro
22	117	183	Poro
19	89	120	Poro
24	130	191	Poro
69	155	180	Poro
84	164	194	Poro
31	120	173	Poro
47	140	181	Poro
34	103	136	Poro
19	116	175	Poro
27	121	177	Poro
38	128	161	Poro
31	115	174	Poro
72	166	205	Poro
35	123	157	Poro
49	135	167	Poro
39	122	152	Poro
34	109	141	Poro
28	104	138	Poro
30	126	176	Poro
41	115	145	Poro
29	106	150	Poro
29	135	194	Poro
34	132	191	Poro
73	153	157	Poro
48	145	180	Poro
52	151	198	Poro
24	108	161	Poro
30	113	161	Poro
67	147	154	Poro
55	129	139	Poro
24	108	160	Poro
64	141	158	Poro
83	168	204	Poro
24	106	143	Poro
50	145	177	Poro
51	141	167	Poro
57	121	143	Poro
36	121	158	Poro
57	139	157	Poro
91	146	140	Poro
40	108	133	Poro
81	174	212	Poro
27	130	194	Poro
35	129	171	Poro
28	115	179	Poro
27	122	169	Poro
28	120	169	Poro
45	122	137	Poro
31	127	173	Poro
29	95	118	Poro
66	146	156	Poro
58	149	185	Poro
47	147	196	Poro
39	135	169	Poro
22	116	171	Poro
26	109	160	Poro
52	150	199	Poro
42	141	189	Poro
77	161	182	Poro
51	155	193	Poro
24	120	185	Poro
68	159	206	Poro
27	114	161	Poro
32	120	175	Poro
52	148	184	Poro
25	113	164	Poro
38	139	193	Poro
28	118	158	Poro
63	146	159	Poro
13	96	139	Poro
83	174	214	Poro
71	160	197	Poro
80	167	196	Poro
45	133	170	Poro
23	128	198	Poro
101	169	157	Poro
23	110	159	Poro
20	93	126	Poro
29	125	185	Poro
29	127	176	Poro
28	133	190	Poro
38	128	177	Poro
35	111	135	Poro
49	124	151	Poro
52	154	191	Poro
30	114	163	Poro
46	138	152	Poro
33	124	170	Poro
63	148	163	Poro
33	129	189	Poro
26	117	173	Poro
29	117	169	Poro
19	103	149	Poro
26	120	173	Poro
25	119	173	Poro
42	133	167	Poro
41	137	183	Poro
32	122	169	Poro
32	125	182	Poro
39	132	156	Poro
29	116	173	Poro
83	168	175	Poro
58	143	180	Poro
23	90	120	Poro
54	140	168	Poro
36	121	155	Poro
27	128	195	Poro
26	108	129	Poro
45	132	141	Poro
26	119	179	Poro
70	163	207	Poro
31	122	164	Poro
40	139	185	Poro
39	138	185	Poro
64	149	171	Poro
18	100	149	Poro
28	114	176	Poro
48	143	194	Poro
65	161	184	Poro
19	117	183	Poro
31	120	135	Poro
61	155	190	Poro
51	146	190	Poro
33	126	172	Poro
26	111	147	Poro
47	141	193	Poro
28	92	115	Poro
29	100	130	Poro
28	131	191	Poro
23	113	165	Poro
69	155	194	Poro
33	116	146	Poro
27	121	175	Poro
35	112	141	Poro
23	96	110	Poro
30	135	201	Poro
62	146	176	Poro
99	151	151	Poro
24	93	122	Poro
26	120	175	Poro
40	128	161	Poro
47	135	164	Poro
55	143	154	Poro
27	111	137	Poro
70	152	159	Poro
29	117	153	Poro
30	114	136	Poro
30	112	145	Poro
23	124	184	Poro
41	118	147	Poro
33	124	171	Poro
54	139	162	Poro
36	121	166	Poro
26	107	155	Poro
29	129	187	Poro
36	135	175	Poro
40	132	153	Poro
84	168	203	Poro
34	133	176	Poro
60	125	144	Poro
19	115	177	Poro
33	105	117	Poro
26	127	180	Poro
49	140	188	Poro
25	115	161	Poro
33	100	127	Poro
39	108	136	Poro
34	127	169	Poro
47	145	198	Poro
36	122	152	Poro
28	125	162	Poro
53	140	167	Poro
55	139	148	Poro
105	185	180	Poro
50	122	143	Poro
59	148	157	Poro
37	129	181	Poro
21	119	171	Poro
30	128	176	Poro
8	85	125	Poro
33	129	182	Poro
46	132	153	Poro
63	163	199	Poro
22	108	150	Poro
26	114	162	Poro
25	115	170	Poro
76	168	189	Poro
62	145	147	Poro
36	102	135	Poro
22	104	148	Poro
7	76	119	Poro
41	118	150	Poro
24	85	99	Poro
56	124	146	Poro
47	131	139	Poro
29	115	159	Poro
32	129	192	Poro
28	108	145	Poro
22	109	161	Poro
58	152	170	Poro
31	83	113	Poro
24	112	155	Poro
29	125	170	Poro
36	134	176	Poro
39	124	149	Poro
32	131	183	Poro
35	128	173	Poro
27	115	169	Poro
16	81	114	Poro
28	122	186	Poro
37	142	181	Poro
34	127	173	Poro
27	122	179	Poro
16	114	181	Poro
32	129	181	Poro
45	130	146	Poro
4	66	104	Poro
81	156	159	Poro
26	131	203	Poro
32	123	188	Poro
33	124	162	Poro
33	126	180	Poro
29	113	143	Poro
29	88	108	Poro
13	83	114	Poro
31	136	202	Poro
32	122	181	Poro
57	154	198	Poro
26	97	127	Poro
46	142	180	Poro
63	151	165	Poro
80	169	205	Poro
31	104	126	Poro
28	113	169	Poro
21	117	173	Poro
58	133	166	Poro
28	90	115	Poro
56	133	165	Poro
63	145	160	Poro
32	121	172	Poro
22	117	178	Poro
39	104	130	Poro
36	135	194	Poro
29	102	131	Poro
31	132	182	Poro
27	110	141	Poro
45	129	159	Poro
33	130	175	Poro
28	101	128	Poro
28	115	160	Poro
29	96	132	Poro
42	130	147	Poro
36	126	162	Poro
27	127	181	Poro
30	125	181	Poro
26	116	170	Poro
60	154	171	Poro
72	147	150	Poro
53	134	145	Poro
50	117	136	Poro
21	120	181	Poro
26	126	187	Poro
14	95	139	Poro
65	122	140	Poro
34	125	178	Poro
36	106	133	Poro
92	175	180	Poro
28	109	139	Poro
43	133	169	Poro
48	148	192	Poro
73	140	156	Poro
46	128	161	Poro
37	132	175	Poro
59	159	205	Poro
34	119	170	Poro
21	114	171	Poro
82	169	204	Poro
58	145	169	Poro
27	117	170	Poro
68	150	188	Poro
39	113	134	Poro
41	139	180	Poro
26	95	120	Poro
70	138	157	Poro
16	85	118	Poro
25	132	199	Poro
33	115	157	Poro
39	124	153	Poro
43	130	175	Poro
30	111	134	Poro
73	152	156	Poro
24	120	171	Poro
36	117	158	Poro
30	95	115	Poro
40	126	155	Poro
75	166	179	Poro
76	152	159	Poro
32	123	169	Poro
32	108	138	Poro
29	98	122	Poro
36	123	149	Poro
27	118	166	Poro
28	99	143	Poro
28	98	130	Poro
26	125	181	Poro
28	126	173	Poro
22	84	92	Poro
53	151	190	Poro
26	113	160	Poro
84	173	208	Poro
30	118	161	Poro
76	159	165	Poro
61	151	201	Poro
28	116	179	Poro
37	103	133	Poro
42	113	148	Poro
30	127	175	Poro
89	166	171	Poro
28	121	177	Poro
51	138	161	Poro
31	121	165	Poro
30	121	172	Poro
80	172	210	Poro
26	106	140	Poro
66	165	202	Poro
70	156	193	Poro
39	127	164	Poro
18	90	131	Poro
73	168	192	Poro
37	121	152	Poro
73	161	183	Poro
71	155	191	Poro
56	152	196	Poro
62	151	157	Poro
38	124	146	Poro
32	119	163	Poro
32	123	176	Poro
18	95	131	Poro
16	114	178	Poro
22	118	165	Poro
31	118	143	Poro
45	145	179	Poro
65	160	196	Poro
80	166	199	Poro
40	114	136	Poro
79	153	160	Poro
56	154	200	Poro
69	163	189	Poro
69	152	173	Poro
29	116	154	Poro
34	122	166	Poro
40	134	153	Poro
43	143	195	Poro
40	141	196	Poro
31	107	131	Poro
35	116	142	Poro
26	123	168	Poro
34	120	163	Poro
51	128	161	Poro
56	131	172	Poro
18	116	185	Poro
43	129	161	Poro
33	105	129	Poro
52	150	178	Poro
75	160	162	Poro
34	130	191	Poro
28	129	199	Poro
34	125	149	Poro
36	122	166	Poro
45	135	163	Poro
28	108	137	Poro
29	132	196	Poro
35	123	161	Poro
65	161	203	Poro
55	136	165	Poro
62	158	195	Poro
42	125	155	Poro
90	181	215	Poro
52	148	184	Poro
45	114	140	Poro
24	115	184	Poro
42	142	195	Poro
36	136	193	Poro
43	142	178	Poro
78	168	207	Poro
35	118	165	Poro
47	136	175	Poro
30	122	183	Poro
30	117	157	Poro
57	157	203	Poro
51	109	142	Poro
77	135	144	Poro
36	119	148	Poro
21	110	158	Poro
48	125	149	Poro
22	117	166	Poro
51	141	158	Poro
12	93	134	Poro
33	108	155	Poro
65	153	172	Poro
32	126	160	Poro
47	120	143	Poro
84	175	211	Poro
22	111	163	Poro
63	148	193	Poro
66	152	193	Poro
56	149	188	Poro
50	143	193	Poro
80	163	167	Poro
29	83	85	Poro
48	117	129	Poro
47	133	135	Poro
148	216	206	Poro
25	74	86	Poro
41	110	125	Poro
15	62	74	Poro
76	163	179	Poro
116	178	165	Poro
65	138	137	Poro
43	123	139	Poro
76	167	181	Poro
36	107	119	Poro
38	122	153	Poro
33	89	88	Poro
72	127	124	Poro
85	161	161	Poro
37	117	121	Poro
49	121	132	Poro
64	137	139	Poro
39	95	100	Poro
76	168	189	Poro
48	122	145	Poro
38	120	127	Poro
73	166	188	Poro
143	209	194	Poro
50	124	135	Poro
49	121	131	Poro
27	79	89	Poro
23	65	80	Poro
16	62	77	Poro
32	114	123	Poro
62	122	123	Poro
80	172	198	Poro
68	159	177	Poro
73	147	144	Poro
12	54	59	Poro
65	146	163	Poro
76	166	179	Poro
47	138	170	Poro
36	125	148	Poro
56	147	168	Poro
25	89	92	Poro
22	69	75	Poro
99	184	190	Poro
34	107	113	Poro
51	123	127	Poro
47	92	109	Poro
31	83	89	Poro
42	123	134	Poro
30	101	112	Poro
67	152	166	Poro
37	86	86	Poro
26	79	85	Poro
74	135	131	Poro
46	128	144	Poro
47	117	128	Poro
49	136	155	Poro
39	115	141	Poro
23	72	82	Poro
55	142	161	Poro
38	118	125	Poro
49	111	128	Poro
34	120	138	Poro
49	118	122	Poro
38	114	124	Poro
36	93	103	Poro
48	120	123	Poro
47	132	155	Poro
9	52	65	Poro
72	162	179	Poro
33	85	85	Poro
75	162	174	Poro
95	165	163	Poro
47	102	107	Poro
47	121	125	Poro
39	113	127	Poro
40	114	128	Poro
106	181	187	Poro
10	55	65	Poro
73	160	182	Poro
60	149	168	Poro
29	85	97	Poro
34	115	139	Poro
130	196	189	Poro
59	146	166	Poro
34	88	86	Poro
77	163	191	Poro
40	132	153	Poro
37	118	132	Poro
105	175	169	Poro
33	97	100	Poro
107	182	180	Poro
26	111	128	Poro
166	231	214	Poro
36	109	118	Poro
55	125	140	Poro
44	132	156	Poro
111	179	173	Poro
70	122	118	Poro
67	156	177	Poro
67	154	173	Poro
39	116	127	Poro
11	49	66	Poro
91	176	188	Poro
137	203	196	Poro
37	113	123	Poro
32	102	120	Poro
63	114	103	Poro
53	93	118	Poro
28	77	78	Poro
63	146	152	Poro
82	162	176	Poro
61	149	163	Poro
42	133	155	Poro
40	123	147	Poro
64	155	169	Poro
51	124	131	Poro
47	101	126	Poro
42	118	124	Poro
67	147	154	Poro
46	102	97	Poro
55	122	138	Poro
38	110	124	Poro
79	157	165	Poro
50	138	161	Poro
40	110	124	Poro
65	119	130	Poro
51	136	159	Poro
88	145	135	Poro
63	140	173	Poro
42	115	119	Poro
35	101	111	Poro
52	136	156	Poro
60	123	125	Poro
47	112	118	Poro
34	102	112	Poro
54	131	139	Poro
71	162	183	Poro
49	129	151	Poro
35	95	111	Poro
34	105	118	Poro
35	94	114	Poro
139	201	192	Poro
42	115	124	Poro
41	115	123	Poro
42	129	151	Poro
59	151	167	Poro
77	163	171	Poro
26	69	73	Poro
100	162	147	Poro
33	106	117	Poro
53	138	165	Poro
60	142	147	Poro
55	97	98	Poro
58	131	134	Poro
41	106	123	Poro
38	114	138	Poro
51	118	122	Poro
35	115	137	Poro
43	129	136	Poro
35	89	99	Poro
59	114	131	Poro
67	127	119	Poro
19	75	83	Poro
45	131	140	Poro
19	85	89	Poro
102	162	151	Poro
65	122	125	Poro
95	178	183	Poro
41	130	153	Poro
62	138	145	Poro
86	157	157	Poro
40	119	147	Poro
39	90	93	Poro
85	167	174	Poro
82	145	141	Poro
125	192	186	Poro
42	120	124	Poro
31	108	131	Poro
55	103	110	Poro
80	161	167	Poro
58	135	141	Poro
63	148	163	Poro
45	134	158	Poro
53	136	158	Poro
26	67	69	Poro
17	78	83	Poro
151	210	200	Poro
130	196	190	Poro
38	121	133	Poro
46	130	153	Poro
25	83	97	Poro
48	124	141	Poro
45	132	141	Poro
122	197	199	Poro
13	66	82	Poro
71	154	165	Poro
26	91	95	Poro
83	156	154	Poro
62	122	126	Poro
40	125	129	Poro
49	132	136	Poro
59	149	176	Poro
43	122	129	Poro
102	166	159	Poro
124	191	183	Poro
61	156	182	Poro
39	109	111	Poro
41	118	125	Poro
30	71	72	Poro
55	118	123	Poro
129	194	178	Poro
78	162	192	Poro
31	106	131	Poro
65	153	172	Poro
60	130	132	Poro
39	119	131	Poro
46	129	145	Poro
52	111	118	Poro
72	150	177	Poro
29	107	124	Poro
28	113	135	Poro
80	160	156	Poro
116	183	173	Poro
68	149	149	Poro
38	93	90	Poro
133	196	191	Poro
48	114	128	Poro
115	191	200	Poro
41	85	90	Poro
38	95	110	Poro
81	165	179	Poro
47	139	173	Poro
41	83	75	Poro
50	95	107	Poro
55	128	142	Poro
24	48	54	Poro
68	147	160	Poro
33	72	76	Poro
36	116	151	Poro
35	79	80	Poro
44	87	89	Poro
34	100	132	Poro
42	89	92	Poro
33	110	148	Poro
54	115	133	Poro
124	204	211	Poro
53	141	162	Poro
78	130	144	Poro
21	51	64	Poro
79	162	172	Poro
77	166	175	Poro
28	72	76	Poro
30	91	115	Poro
67	143	159	Poro
37	133	168	Poro
31	104	131	Poro
31	91	129	Poro
38	85	90	Poro
43	86	89	Poro
27	75	92	Poro
18	38	38	Poro
60	99	108	Poro
52	143	164	Poro
31	100	117	Poro
33	85	95	Poro
51	96	92	Poro
40	130	164	Poro
38	77	80	Poro
63	150	166	Poro
57	111	126	Poro
32	102	137	Poro
18	86	117	Poro
56	101	109	Poro
43	124	148	Poro
167	243	235	Poro
66	150	159	Poro
39	80	88	Poro
66	123	147	Poro
73	161	174	Poro
40	91	99	Poro
26	111	149	Poro
69	150	162	Poro
39	120	147	Poro
62	103	96	Poro
36	104	117	Poro
40	122	142	Poro
24	59	58	Poro
32	87	91	Poro
33	75	91	Poro
33	117	148	Poro
33	76	81	Poro
31	110	135	Poro
33	85	115	Poro
20	66	85	Poro
62	103	102	Poro
33	115	137	Poro
39	88	99	Poro
50	89	81	Poro
61	102	104	Poro
32	81	103	Poro
76	134	151	Poro
60	141	167	Poro
46	123	155	Poro
30	108	151	Poro
44	83	80	Poro
35	86	96	Poro
69	119	121	Poro
22	108	153	Poro
80	165	173	Poro
28	63	76	Poro
67	108	107	Poro
41	87	92	Poro
37	91	117	Poro
20	43	53	Poro
68	160	175	Poro
17	56	70	Poro
60	105	121	Poro
45	116	145	Poro
46	132	171	Poro
37	80	77	Poro
38	92	118	Poro
34	86	104	Poro
41	122	141	Poro
58	101	96	Poro
22	72	100	Poro
40	102	120	Poro
64	101	98	Poro
38	121	153	Poro
67	152	172	Poro
46	97	103	Poro
53	92	97	Poro
100	185	189	Poro
43	95	103	Poro
43	130	149	Poro
35	82	85	Poro
29	76	85	Poro
55	99	101	Poro
34	89	107	Poro
34	81	93	Poro
53	94	91	Poro
42	90	97	Poro
45	110	131	Poro
38	95	107	Poro
38	100	121	Poro
70	134	154	Poro
50	94	90	Poro
82	162	173	Poro
44	87	97	Poro
21	57	70	Poro
29	77	79	Poro
38	110	140	Poro
18	98	133	Poro
168	242	233	Poro
71	133	163	Poro
49	135	166	Poro
41	101	125	Poro
36	86	90	Poro
64	114	117	Poro
31	71	83	Poro
26	78	89	Poro
62	141	154	Poro
28	67	78	Poro
30	123	158	Poro
38	88	97	Poro
52	105	108	Poro
69	123	148	Poro
57	100	95	Poro
29	114	150	Poro
34	70	74	Poro
85	173	187	Poro
14	53	95	Poro
50	136	163	Poro
41	90	89	Poro
71	158	173	Poro
50	117	140	Poro
44	129	167	Poro
22	63	72	Poro
69	159	173	Poro
24	67	73	Poro
19	55	91	Poro
39	84	87	Poro
63	135	152	Poro
46	119	134	Poro
48	117	155	Poro
50	100	113	Poro
38	103	112	Poro
25	87	103	Poro
28	71	75	Poro
42	121	144	Poro
35	103	127	Poro
41	117	156	Poro
52	104	121	Poro
60	143	158	Poro
26	65	61	Poro
23	45	46	Poro
36	109	139	Poro
24	78	121	Poro
59	141	164	Poro
57	118	129	Poro
33	113	137	Poro
54	111	151	Poro
53	97	96	Poro
55	93	102	Poro
27	108	150	Poro
32	84	104	Poro
47	103	113	Poro
67	111	109	Poro
22	58	61	Poro
13	72	89	Poro
43	132	167	Poro
16	44	81	Poro
54	135	155	Poro
30	87	93	Poro
80	151	175	Poro
56	105	124	Poro
17	55	66	Poro
132	213	212	Poro
36	89	103	Poro
31	102	129	Poro
49	98	95	Poro
21	54	58	Poro
94	173	188	Poro
18	55	64	Poro
32	112	150	Poro
81	154	170	Poro
43	130	172	Poro
26	68	76	Poro
18	62	80	Poro
50	105	124	Poro
48	100	110	Poro
24	73	85	Poro
30	77	91	Poro
30	82	101	Poro
103	181	197	Poro
13	48	58	Poro
25	104	137	Poro
31	109	148	Poro
50	91	93	Poro
75	114	110	Poro
32	87	106	Poro
21	60	71	Poro
63	136	161	Poro
49	91	91	Poro
9	49	62	Poro
37	109	140	Poro
104	189	196	Poro
52	135	151	Poro
49	96	93	Poro
62	125	158	Poro
55	94	94	Poro
78	160	171	Poro
41	88	99	Poro
34	82	97	Poro
28	80	82	Poro
173	245	235	Poro
53	115	147	Poro
17	55	65	Poro
84	167	179	Poro
36	76	82	Poro
84	165	180	Poro
147	227	223	Poro
26	110	150	Poro
83	161	163	Poro
51	97	105	Poro
49	135	155	Poro
33	71	75	Poro
40	122	147	Poro
21	79	86	Poro
68	142	161	Poro
50	141	160	Poro
51	126	158	Poro
14	48	58	Poro
38	88	89	Poro
34	113	134	Poro
74	153	160	Poro
18	50	55	Poro
59	122	152	Poro
33	95	121	Poro
40	94	104	Poro
24	115	156	Poro
42	87	88	Poro
34	98	116	Poro
91	172	187	Poro
44	100	131	Poro
33	113	146	Poro
72	159	173	Poro
53	93	109	Poro
30	99	121	Poro
33	92	116	Poro
37	77	87	Poro
52	105	129	Poro
40	121	151	Poro
31	107	140	Poro
28	83	97	Poro
54	100	118	Poro
19	66	85	Poro
70	112	85	Poro
21	76	108	Poro
21	71	90	Poro
25	85	102	Poro
63	120	125	Poro
27	76	84	Poro
33	84	104	Poro
13	53	66	Poro
49	106	133	Poro
25	86	115	Poro
12	76	114	Poro
35	88	99	Poro
40	95	102	Poro
31	83	95	Poro
49	91	76	Poro
40	101	121	Poro
89	127	91	Poro
23	62	63	Poro
10	66	102	Poro
31	73	80	Poro
83	129	119	Poro
19	63	74	Poro
22	77	94	Poro
35	89	101	Poro
19	62	79	Poro
17	65	89	Poro
33	95	103	Poro
29	86	103	Poro
24	81	93	Poro
70	122	123	Poro
51	109	132	Poro
76	111	85	Poro
76	113	79	Poro
23	76	100	Poro
27	83	98	Poro
38	96	111	Poro
41	106	114	Poro
38	97	106	Poro
20	60	73	Poro
24	72	99	Poro
20	60	66	Poro
30	93	110	Poro
35	98	128	Poro
25	66	70	Poro
99	143	117	Poro
38	76	103	Poro
22	52	50	Poro
31	82	98	Poro
21	57	56	Poro
49	101	104	Poro
17	51	68	Poro
28	64	51	Poro
27	57	31	Poro
27	69	60	Poro
40	85	60	Poro
20	77	82	Poro
19	53	50	Poro
21	49	45	Poro
32	71	63	Poro
84	125	107	Poro
24	71	70	Poro
14	40	30	Poro
16	45	55	Poro
26	69	45	Poro
21	57	66	Poro
27	89	90	Poro
41	78	70	Poro
70	110	95	Poro
25	70	65	Poro
91	139	106	Poro
22	74	98	Poro
27	59	54	Poro
71	132	133	Poro
26	62	59	Poro
13	49	60	Poro
125	173	140	Poro
82	127	101	Poro
47	102	110	Poro
23	54	54	Poro
24	57	62	Poro
25	68	77	Poro
25	64	29	Poro
71	112	126	Poro
37	76	30	Poro
16	55	73	Poro
24	66	71	Poro
20	58	44	Poro
52	99	113	Poro
82	125	112	Poro
37	67	67	Poro
35	71	54	Poro
26	56	57	Poro
16	65	77	Poro
12	50	66	Poro
27	73	81	Poro
98	136	115	Poro
99	146	100	Poro
37	85	90	Poro
117	167	94	Poro
36	82	78	Poro
45	85	65	Poro
52	88	90	Poro
36	83	73	Poro
30	65	34	Poro
15	54	56	Poro
24	57	58	Poro
6	42	34	Poro
22	72	72	Poro
25	69	64	Poro
34	87	104	Poro
38	74	74	Poro
38	86	94	Poro
36	88	104	Poro
28	73	68	Poro
87	129	110	Poro
27	69	80	Poro
80	126	80	Poro
16	59	57	Poro
69	115	89	Poro
88	123	109	Poro
103	151	77	Poro
67	123	125	Poro
28	79	92	Poro
28	77	82	Poro
16	45	43	Poro
26	80	87	Poro
62	106	87	Poro
23	72	76	Poro
40	92	91	Poro
33	81	91	Poro
38	71	61	Poro
27	69	70	Poro
60	105	85	Poro
15	38	34	Poro
36	72	68	Poro
58	91	78	Poro
81	123	110	Poro
36	80	105	Poro
42	77	91	Poro
22	63	94	Poro
35	84	101	Poro
62	107	84	Poro
28	72	63	Poro
26	75	76	Poro
67	110	53	Poro
17	59	78	Poro
23	66	33	Poro
22	54	61	Poro
38	86	92	Poro
112	148	124	Poro
119	162	158	Poro
23	74	85	Poro
27	74	87	Poro
29	65	43	Poro
17	61	60	Poro
33	91	85	Poro
30	66	75	Poro
30	93	100	Poro
33	68	50	Poro
11	42	46	Poro
68	112	54	Poro
115	163	125	Poro
43	88	64	Poro
27	67	78	Poro
33	82	89	Poro
110	156	104	Poro
62	97	47	Poro
142	187	162	Poro
22	56	56	Poro
34	67	64	Poro
80	125	104	Poro
34	99	108	Poro
58	112	127	Poro
96	141	122	Poro
95	133	135	Poro
45	85	74	Poro
31	75	84	Poro
68	109	96	Poro
62	100	99	Poro
21	57	69	Poro
40	102	123	Poro
59	105	95	Poro
36	81	76	Poro
29	80	89	Poro
26	75	79	Poro
21	68	65	Poro
36	71	98	Poro
54	98	84	Poro
42	83	74	Poro
70	112	107	Poro
68	116	63	Poro
118	164	92	Poro
125	167	141	Poro
72	111	110	Poro
53	84	65	Solido
85	125	111	Solido
28	57	42	Solido
99	148	119	Solido
179	251	243	Solido
177	252	249	Solido
175	244	235	Solido
161	238	228	Solido
90	130	102	Solido
169	239	230	Solido
173	246	239	Solido
36	69	49	Solido
166	235	230	Solido
180	252	243	Solido
179	247	239	Solido
174	247	243	Solido
175	243	230	Solido
20	35	36	Solido
171	242	238	Solido
80	123	96	Solido
183	244	249	Solido
169	233	214	Solido
183	244	242	Solido
97	150	101	Solido
92	134	104	Solido
190	254	251	Solido
176	240	236	Solido
178	246	241	Solido
88	130	104	Solido
177	247	239	Solido
169	243	231	Solido
173	245	237	Solido
173	248	240	Solido
71	111	90	Solido
185	250	254	Solido
170	242	238	Solido
156	214	192	Solido
157	219	218	Solido
174	242	235	Solido
171	239	238	Solido
181	254	251	Solido
72	109	77	Solido
171	244	232	Solido
36	74	61	Solido
95	137	122	Solido
179	249	245	Solido
168	240	225	Solido
165	238	232	Solido
163	234	224	Solido
86	133	90	Solido
153	220	199	Solido
57	100	77	Solido
181	245	243	Solido
153	216	213	Solido
70	108	79	Solido
155	217	213	Solido
173	237	239	Solido
179	248	244	Solido
164	236	226	Solido
98	144	116	Solido
178	249	243	Solido
175	245	237	Solido
179	239	237	Solido
187	251	248	Solido
172	242	227	Solido
175	246	240	Solido
20	41	36	Solido
25	52	33	Solido
188	254	254	Solido
177	249	242	Solido
164	236	218	Solido
34	63	51	Solido
87	127	105	Solido
96	142	106	Solido
28	48	36	Solido
174	236	235	Solido
176	249	239	Solido
178	246	218	Solido
159	228	213	Solido
168	230	228	Solido
164	234	234	Solido
35	65	49	Solido
173	243	232	Solido
180	251	242	Solido
93	132	99	Solido
91	129	98	Solido
174	248	240	Solido
187	254	250	Solido
181	252	243	Solido
165	240	233	Solido
78	119	97	Solido
95	132	95	Solido
175	244	235	Solido
187	249	249	Solido
170	240	234	Solido
171	243	236	Solido
22	35	42	Solido
166	233	226	Solido
178	252	240	Solido
44	79	76	Solido
52	74	58	Solido
177	249	237	Solido
186	253	245	Solido
181	249	241	Solido
95	145	108	Solido
169	238	236	Solido
170	238	233	Solido
32	57	44	Solido
176	251	238	Solido
170	242	231	Solido
177	249	242	Solido
180	251	242	Solido
36	65	54	Solido
163	236	221	Solido
166	235	229	Solido
54	90	73	Solido
164	216	189	Solido
174	247	238	Solido
163	235	232	Solido
170	242	243	Solido
175	248	240	Solido
179	251	239	Solido
169	239	234	Solido
73	105	88	Solido
95	139	109	Solido
89	133	109	Solido
177	242	240	Solido
176	248	241	Solido
49	76	71	Solido
21	33	38	Solido
58	93	80	Solido
174	244	234	Solido
183	242	235	Solido
89	137	106	Solido
91	135	108	Solido
95	141	108	Solido
91	137	99	Solido
98	142	115	Solido
60	90	72	Solido
189	250	207	Solido
47	76	68	Solido
172	242	233	Solido
176	241	234	Solido
164	234	227	Solido
102	150	112	Solido
171	242	232	Solido
90	135	112	Solido
83	122	97	Solido
38	67	51	Solido
180	245	243	Solido
159	227	212	Solido
70	102	81	Solido
171	241	233	Solido
169	240	233	Solido
189	254	224	Solido
22	37	40	Solido
130	187	166	Solido
181	250	245	Solido
176	242	234	Solido
90	133	111	Solido
11	31	45	Solido
179	251	248	Solido
177	248	242	Solido
189	254	253	Solido
24	51	48	Solido
167	235	223	Solido
18	40	37	Solido
172	244	240	Solido
136	189	178	Solido
13	25	26	Solido
44	79	58	Solido
171	235	233	Solido
91	133	101	Solido
93	136	104	Solido
173	242	239	Solido
96	141	115	Solido
81	113	92	Solido
166	240	229	Solido
94	125	106	Solido
167	236	231	Solido
169	238	234	Solido
57	82	64	Solido
180	249	241	Solido
182	247	242	Solido
176	242	241	Solido
177	252	245	Solido
37	58	58	Solido
165	234	228	Solido
80	111	82	Solido
11	33	36	Solido
179	248	247	Solido
157	232	209	Solido
175	243	240	Solido
179	247	220	Solido
41	75	63	Solido
40	73	57	Solido
180	250	242	Solido
169	236	219	Solido
160	235	235	Solido
16	36	33	Solido
177	250	237	Solido
180	251	240	Solido
165	234	224	Solido
176	249	235	Solido
81	115	86	Solido
165	233	229	Solido
95	137	116	Solido
31	57	47	Solido
87	126	90	Solido
164	222	187	Solido
168	230	227	Solido
30	57	47	Solido
185	254	247	Solido
155	227	224	Solido
82	122	92	Solido
173	236	227	Solido
77	110	110	Solido
177	249	240	Solido
59	88	67	Solido
174	247	236	Solido
177	246	244	Solido
92	136	103	Solido
173	241	234	Solido
166	238	228	Solido
21	36	33	Solido
99	143	112	Solido
147	221	212	Solido
95	136	102	Solido
180	251	242	Solido
171	244	235	Solido
179	247	238	Solido
94	136	107	Solido
90	128	103	Solido
173	243	239	Solido
173	245	235	Solido
172	245	236	Solido
166	235	234	Solido
179	253	246	Solido
40	67	68	Solido
174	248	236	Solido
169	242	231	Solido
41	69	76	Solido
179	251	241	Solido
148	213	212	Solido
23	53	50	Solido
47	78	92	Solido
183	254	250	Solido
177	247	245	Solido
182	254	247	Solido
175	248	235	Solido
178	243	244	Solido
90	124	134	Solido
168	239	230	Solido
169	237	229	Solido
28	46	54	Solido
73	102	82	Solido
183	249	251	Solido
179	251	237	Solido
92	138	109	Solido
166	236	225	Solido
162	234	225	Solido
66	100	91	Solido
174	246	238	Solido
91	134	102	Solido
35	67	65	Solido
70	105	72	Solido
41	67	61	Solido
139	195	204	Solido
167	240	231	Solido
173	246	240	Solido
80	117	96	Solido
179	240	234	Solido
177	247	230	Solido
183	248	246	Solido
179	247	241	Solido
88	130	108	Solido
162	221	217	Solido
162	223	198	Solido
45	72	54	Solido
179	242	243	Solido
179	252	240	Solido
84	125	97	Solido
171	237	229	Solido
11	32	37	Solido
179	249	243	Solido
174	239	230	Solido
164	239	233	Solido
173	244	235	Solido
173	246	238	Solido
153	229	213	Solido
178	253	244	Solido
165	236	213	Solido
101	155	114	Solido
170	238	229	Solido
131	190	179	Solido
31	56	44	Solido
173	242	237	Solido
27	51	42	Solido
23	42	44	Solido
67	94	94	Solido
135	209	185	Solido
174	244	239	Solido
46	77	58	Solido
176	247	239	Solido
177	248	238	Solido
174	238	238	Solido
167	236	232	Solido
181	244	235	Solido
173	239	222	Solido
21	44	42	Solido
167	231	228	Solido
28	55	42	Solido
89	129	104	Solido
169	233	221	Solido
63	97	73	Solido
165	233	228	Solido
171	235	225	Solido
158	219	210	Solido
17	36	28	Solido
94	138	106	Solido
137	189	197	Solido
167	241	235	Solido
179	246	230	Solido
106	141	128	Solido
100	141	103	Solido
89	137	110	Solido
30	58	46	Solido
180	249	248	Solido
168	242	228	Solido
57	97	78	Solido
97	136	104	Solido
49	73	58	Solido
172	235	228	Solido
89	137	105	Solido
169	242	233	Solido
86	129	113	Solido
178	253	239	Solido
173	244	239	Solido
36	61	50	Solido
188	249	245	Solido
190	254	250	Solido
169	239	229	Solido
178	249	245	Solido
46	73	64	Solido
190	254	249	Solido
167	236	230	Solido
182	252	247	Solido
29	54	48	Solido
173	244	241	Solido
92	144	135	Solido
173	244	236	Solido
177	247	242	Solido
24	49	53	Solido
175	246	242	Solido
169	244	236	Solido
190	253	247	Solido
168	242	231	Solido
35	64	52	Solido
165	235	229	Solido
129	200	195	Solido
164	239	224	Solido
167	233	226	Solido
38	58	48	Solido
103	154	106	Solido
183	254	249	Solido
170	244	236	Solido
89	134	109	Solido
175	249	243	Solido
183	243	252	Solido
171	239	208	Solido
167	235	220	Solido
85	123	93	Solido
35	64	55	Solido
174	250	241	Solido
175	241	231	Solido
175	245	243	Solido
183	249	242	Solido
98	140	110	Solido
170	239	234	Solido
90	129	92	Solido
174	246	240	Solido
174	235	228	Solido
178	248	209	Solido
38	58	53	Solido
179	251	246	Solido
51	78	63	Solido
25	55	43	Solido
166	237	222	Solido
183	245	220	Solido
172	246	234	Solido
37	66	60	Solido
177	250	245	Solido
81	114	97	Solido
173	247	240	Solido
163	239	233	Solido
44	72	67	Solido
182	252	242	Solido
32	56	44	Solido
182	248	237	Solido
163	222	199	Solido
166	221	192	Solido
173	245	236	Solido
51	82	65	Solido
181	243	238	Solido
174	244	235	Solido
177	247	241	Solido
174	246	237	Solido
98	145	112	Solido
107	159	173	Solido
87	127	96	Solido
174	245	237	Solido
165	234	228	Solido
172	244	240	Solido
175	248	244	Solido
111	170	150	Solido
159	232	227	Solido
88	125	102	Solido
158	229	225	Solido
162	229	229	Solido
177	243	242	Solido
169	229	228	Solido
89	131	142	Solido
31	58	44	Solido
80	113	100	Solido
133	187	192	Solido
173	243	238	Solido
175	247	240	Solido
183	246	232	Solido
94	137	109	Solido
173	243	234	Solido
174	248	242	Solido
46	83	70	Solido
42	68	59	Solido
163	226	216	Solido
178	249	245	Solido
175	248	242	Solido
170	241	235	Solido
176	248	243	Solido
87	131	97	Solido
186	249	247	Solido
183	250	249	Solido
36	71	59	Solido
99	139	109	Solido
176	246	245	Solido
181	247	241	Solido
162	235	224	Solido
165	232	221	Solido
34	55	43	Solido
94	138	108	Solido
172	243	234	Solido
65	100	68	Solido
90	135	108	Solido
107	157	120	Solido
177	246	240	Solido
176	243	239	Solido
54	96	79	Solido
126	176	145	Solido
165	230	228	Solido
171	240	233	Solido
166	233	224	Solido
96	138	162	Solido
16	27	28	Solido
168	236	222	Solido
43	82	67	Solido
100	140	112	Solido
171	244	236	Solido
111	157	122	Solido
166	236	232	Solido
55	95	75	Solido
163	230	217	Solido
167	235	227	Solido
45	80	70	Solido
21	43	42	Solido
178	247	243	Solido
60	94	95	Solido
176	250	243	Solido
162	221	187	Solido
176	245	236	Solido
183	250	243	Solido
181	251	242	Solido
166	234	216	Solido
175	245	240	Solido
22	35	40	Solido
90	132	105	Solido
167	240	236	Solido
175	238	243	Solido
131	198	192	Solido
144	219	201	Solido
174	245	244	Solido
168	232	227	Solido
79	119	82	Solido
24	48	48	Solido
40	71	65	Solido
182	254	243	Solido
130	185	188	Solido
174	241	234	Solido
26	55	48	Solido
22	37	33	Solido
169	241	238	Solido
178	242	238	Solido
101	140	112	Solido
171	246	233	Solido
173	244	236	Solido
105	142	109	Solido
39	81	67	Solido
167	239	225	Solido
57	86	77	Solido
21	42	38	Solido
173	242	239	Solido
174	246	239	Solido
48	84	71	Solido
79	112	100	Solido
171	241	236	Solido
142	196	205	Solido
27	47	49	Solido
173	242	238	Solido
170	241	240	Solido
78	120	95	Solido
185	254	249	Solido
141	199	153	Solido
26	50	51	Solido
170	241	231	Solido
101	146	113	Solido
151	232	220	Solido
74	113	86	Solido
178	253	242	Solido
173	240	237	Solido
170	243	235	Solido
154	214	211	Solido
167	232	226	Solido
64	103	71	Solido
93	138	104	Solido
75	115	96	Solido
79	116	81	Solido
41	79	57	Solido
76	118	94	Solido
181	251	247	Solido
180	249	212	Solido
173	243	235	Solido
188	254	249	Solido
173	237	219	Solido
85	129	102	Solido
154	219	220	Solido
167	236	226	Solido
175	247	241	Solido
177	248	237	Solido
29	52	43	Solido
160	222	221	Solido
177	250	245	Solido
169	244	235	Solido
184	252	248	Solido
173	242	236	Solido
183	253	240	Solido
12	25	30	Solido
188	252	242	Solido
36	70	59	Solido
172	237	235	Solido
103	146	123	Solido
105	157	120	Solido
180	245	239	Solido
159	226	222	Solido
171	238	235	Solido
167	232	230	Solido
175	241	234	Solido
93	131	112	Solido
30	57	46	Solido
171	233	212	Solido
91	136	107	Solido
175	247	237	Solido
188	254	234	Solido
160	213	177	Solido
174	248	241	Solido
96	141	110	Solido
189	250	254	Solido
175	249	244	Solido
57	89	64	Solido
181	254	243	Solido
170	241	235	Solido
91	135	101	Solido
182	247	246	Solido
44	76	60	Solido
176	249	244	Solido
181	254	246	Solido
174	233	236	Solido
64	96	70	Solido
168	239	235	Solido
179	252	242	Solido
42	73	60	Solido
149	226	209	Solido
176	249	245	Solido
172	240	236	Solido
179	250	242	Solido
91	135	98	Solido
17	29	27	Solido
193	254	209	Solido
86	129	103	Solido
98	140	113	Solido
169	235	227	Solido
180	247	243	Solido
181	250	248	Solido
173	237	237	Solido
163	225	230	Solido
177	248	240	Solido
190	254	233	Solido
170	238	237	Solido
167	236	220	Solido
165	231	235	Solido
92	136	107	Solido
167	238	228	Solido
172	241	238	Solido
186	254	251	Solido
64	96	117	Solido
172	235	232	Solido
61	90	86	Solido
173	239	234	Solido
167	238	236	Solido
83	139	110	Solido
180	248	242	Solido
177	240	235	Solido
168	242	237	Solido
178	243	238	Solido
180	251	247	Solido
107	152	119	Solido
107	155	124	Solido
19	36	38	Solido
49	79	64	Solido
96	132	104	Solido
183	246	244	Solido
22	43	46	Solido
194	254	234	Solido
163	232	228	Solido
181	245	240	Solido
124	179	137	Solido
158	235	229	Solido
174	238	235	Solido
184	245	248	Solido
169	241	227	Solido
179	250	246	Solido
175	247	240	Solido
176	248	243	Solido
181	244	196	Solido
25	49	48	Solido
154	220	209	Solido
175	245	241	Solido
163	231	222	Solido
171	242	236	Solido
174	245	234	Solido
179	250	241	Solido
171	243	231	Solido
22	43	38	Solido
157	217	210	Solido
85	128	107	Solido
171	240	232	Solido
175	246	238	Solido
37	60	42	Solido
173	246	232	Solido
59	97	73	Solido
167	236	228	Solido
179	243	239	Solido
33	64	55	Solido
152	215	217	Solido
17	35	36	Solido
177	250	244	Solido
139	217	204	Solido
100	144	151	Solido
180	246	240	Solido
173	241	234	Solido
16	25	29	Solido
131	185	198	Solido
31	53	45	Solido
174	240	235	Solido
166	233	213	Solido
177	243	243	Solido
182	249	247	Solido
41	60	55	Solido
174	237	233	Solido
166	240	229	Solido
161	229	222	Solido
82	122	95	Solido
171	245	237	Solido
175	247	242	Solido
170	238	227	Solido
32	57	46	Solido
15	37	29	Solido
162	234	215	Solido
175	241	235	Solido
22	37	30	Solido
95	141	97	Solido
164	229	223	Solido
58	89	70	Solido
175	249	234	Solido
100	144	112	Solido
35	69	54	Solido
54	91	77	Solido
157	228	218	Solido
183	245	230	Solido
177	244	237	Solido
132	173	150	Solido
168	241	234	Solido
167	239	235	Solido
182	252	248	Solido
70	105	82	Solido
87	125	97	Solido
177	241	237	Solido
177	248	240	Solido
181	253	247	Solido
41	65	55	Solido
163	234	218	Solido
165	238	223	Solido
69	103	82	Solido
182	254	234	Solido
173	237	229	Solido
176	245	232	Solido
24	52	46	Solido
99	143	119	Solido
169	240	226	Solido
46	87	68	Solido
169	238	230	Solido
170	242	236	Solido
176	249	239	Solido
32	56	44	Solido
169	238	226	Solido
171	236	201	Solido
174	244	232	Solido
84	118	106	Solido
110	158	164	Solido
153	222	212	Solido
181	252	243	Solido
157	226	226	Solido
181	251	235	Solido
92	130	99	Solido
65	97	73	Solido
181	249	241	Solido
177	248	240	Solido
151	219	216	Solido
177	250	240	Solido
64	101	81	Solido
42	71	57	Solido
163	223	218	Solido
163	220	237	Solido
178	244	214	Solido
176	247	238	Solido
25	45	42	Solido
47	74	69	Solido
173	239	232	Solido
177	248	237	Solido
17	38	38	Solido
171	244	237	Solido
105	154	118	Solido
169	235	235	Solido
167	234	231	Solido
177	250	244	Solido
171	243	239	Solido
46	80	62	Solido
141	181	161	Solido
174	246	238	Solido
171	243	234	Solido
181	246	243	Solido
180	246	249	Solido
178	250	243	Solido
7	25	24	Solido
30	56	47	Solido
34	67	53	Solido
177	238	236	Solido
28	57	61	Solido
183	249	228	Solido
174	246	241	Solido
172	244	230	Solido
166	235	226	Solido
89	137	109	Solido
188	253	225	Solido
178	252	243	Solido
181	243	212	Solido
175	247	234	Solido
70	103	101	Solido
177	249	239	Solido
177	239	242	Solido
170	240	234	Solido
20	31	33	Solido
162	237	232	Solido
170	240	219	Solido
182	247	246	Solido
170	242	234	Solido
102	139	156	Solido
42	72	65	Solido
173	243	233	Solido
59	88	64	Solido
179	253	244	Solido
171	240	237	Solido
82	120	104	Solido
175	248	241	Solido
177	245	239	Solido
54	91	75	Solido
180	249	236	Solido
96	139	105	Solido
164	234	220	Solido
21	43	41	Solido
159	236	227	Solido
166	239	233	Solido
164	242	236	Solido
173	245	237	Solido
165	234	227	Solido
169	239	229	Solido
181	254	248	Solido
48	75	61	Solido
62	99	76	Solido
175	247	243	Solido
180	242	237	Solido
180	242	239	Solido
65	97	91	Solido
173	244	219	Solido
176	248	243	Solido
179	250	240	Solido
17	31	35	Solido
69	115	95	Solido
174	245	240	Solido
84	125	102	Solido
171	244	236	Solido
194	254	230	Solido
180	254	249	Solido
51	87	71	Solido
186	252	252	Solido
90	132	98	Solido
165	235	221	Solido
85	134	117	Solido
169	237	225	Solido
173	243	239	Solido
26	57	50	Solido
33	54	42	Solido
171	232	196	Solido
102	154	122	Solido
167	239	232	Solido
193	254	254	Solido
43	71	52	Solido
169	241	234	Solido
75	131	132	Solido
96	137	109	Solido
47	74	65	Solido
183	254	248	Solido
168	240	231	Solido
177	247	240	Solido
175	245	236	Solido
177	249	240	Solido
167	234	217	Solido
179	245	243	Solido
162	230	216	Solido
161	227	215	Solido
178	242	240	Solido
93	134	100	Solido
177	233	237	Solido
183	247	251	Solido
32	57	43	Solido
175	249	240	Solido
166	236	228	Solido
171	241	237	Solido
173	239	233	Solido
27	45	40	Solido
33	63	51	Solido
147	212	211	Solido
175	250	245	Solido
163	229	232	Solido
173	246	240	Solido
36	62	53	Solido
172	246	236	Solido
184	247	247	Solido
179	241	240	Solido
72	103	78	Solido
96	130	146	Solido
165	234	225	Solido
23	36	40	Solido
173	245	237	Solido
176	248	235	Solido
184	254	241	Solido
183	251	215	Solido
169	236	226	Solido
179	240	231	Solido
30	64	53	Solido
109	158	127	Solido
54	83	71	Solido
182	250	246	Solido
43	66	50	Solido
170	239	232	Solido
93	128	126	Solido
187	252	246	Solido
193	249	209	Solido
183	254	245	Solido
170	236	217	Solido
102	146	114	Solido
175	248	237	Solido
164	224	227	Solido
27	45	42	Solido
183	247	245	Solido
174	245	238	Solido
22	43	32	Solido
36	70	57	Solido
174	244	225	Solido
174	247	240	Solido
161	227	228	Solido
19	40	29	Solido
169	237	224	Solido
19	43	49	Solido
179	253	247	Solido
182	254	248	Solido
173	247	243	Solido
36	74	65	Solido
165	237	225	Solido
43	65	72	Solido
177	245	241	Solido
175	235	238	Solido
175	239	232	Solido
173	242	234	Solido
160	234	231	Solido
169	239	233	Solido
187	250	215	Solido
161	219	219	Solido
187	254	253	Solido
80	120	99	Solido
69	109	94	Solido
166	225	241	Solido
108	170	165	Solido
19	31	31	Solido
174	237	230	Solido
171	243	236	Solido
164	232	213	Solido
173	235	232	Solido
171	242	235	Solido
28	50	39	Solido
15	25	28	Solido
81	121	101	Solido
11	22	23	Solido
175	247	238	Solido
32	54	62	Solido
183	244	236	Solido
185	250	248	Solido
72	99	81	Solido
21	49	49	Solido
177	241	243	Solido
71	110	89	Solido
167	234	224	Solido
175	246	239	Solido
157	229	226	Solido
83	129	97	Solido
181	254	245	Solido
25	53	61	Solido
169	240	232	Solido
33	54	43	Solido
171	242	231	Solido
101	144	120	Solido
170	238	226	Solido
177	248	244	Solido
170	239	231	Solido
95	139	109	Solido
175	248	235	Solido
159	228	209	Solido
185	253	250	Solido
35	64	49	Solido
176	245	240	Solido
77	122	102	Solido
92	135	109	Solido
182	248	233	Solido
173	241	235	Solido
141	210	189	Solido
181	254	247	Solido
52	92	89	Solido
39	68	60	Solido
23	49	39	Solido
175	245	235	Solido
161	231	225	Solido
184	254	246	Solido
94	139	107	Solido
47	79	61	Solido
186	254	254	Solido
179	244	237	Solido
99	140	114	Solido
191	254	254	Solido
159	227	225	Solido
85	127	103	Solido
171	243	237	Solido
179	249	241	Solido
49	90	87	Solido
187	252	241	Solido
167	240	233	Solido
98	149	110	Solido
175	246	239	Solido
106	150	142	Solido
172	236	225	Solido
177	249	236	Solido
93	141	108	Solido
24	50	40	Solido
24	46	35	Solido
31	59	46	Solido
190	254	246	Solido
94	132	132	Solido
183	245	239	Solido
49	91	77	Solido
181	249	246	Solido
173	239	237	Solido
138	189	153	Solido
72	108	96	Solido
92	136	99	Solido
177	241	240	Solido
108	149	110	Solido
52	95	72	Solido
178	244	236	Solido
177	251	242	Solido
37	64	54	Solido
167	239	231	Solido
166	234	226	Solido
167	235	224	Solido
23	48	37	Solido
27	66	58	Solido
26	52	41	Solido
173	246	237	Solido
131	199	201	Solido
178	249	241	Solido
106	145	116	Solido
100	138	162	Solido
27	57	40	Solido
28	57	53	Solido
180	253	245	Solido
183	254	246	Solido
2	22	23	Solido
163	233	227	Solido
168	232	215	Solido
174	248	235	Solido
179	254	248	Solido
95	161	165	Solido
109	140	127	Solido
176	240	235	Solido
156	214	237	Solido
179	248	237	Solido
49	73	57	Solido
168	229	190	Solido
174	245	242	Solido
46	81	73	Solido
179	249	245	Solido
142	188	153	Solido
53	88	64	Solido
63	98	74	Solido
38	66	66	Solido
178	247	239	Solido
165	231	221	Solido
173	245	237	Solido
173	244	232	Solido
166	240	237	Solido
166	233	220	Solido
118	147	126	Solido
178	240	240	Solido
164	232	224	Solido
41	66	55	Solido
87	130	100	Solido
176	242	239	Solido
175	248	241	Solido
171	246	240	Solido
102	144	113	Solido
189	254	251	Solido
99	138	102	Solido
173	244	237	Solido
27	45	48	Solido
180	241	237	Solido
173	242	237	Solido
67	110	89	Solido
172	247	230	Solido
170	240	234	Solido
173	246	237	Solido
119	170	158	Solido
171	243	231	Solido
87	131	103	Solido
165	236	229	Solido
47	78	61	Solido
163	237	224	Solido
172	244	233	Solido
184	247	246	Solido
176	241	240	Solido
179	253	248	Solido
158	230	226	Solido
155	215	208	Solido
171	242	231	Solido
178	248	241	Solido
179	241	237	Solido
170	238	231	Solido
175	245	241	Solido
164	237	229	Solido
163	231	213	Solido
36	64	59	Solido
133	186	189	Solido
178	242	237	Solido
87	139	137	Solido
172	242	235	Solido
179	248	244	Solido
55	95	72	Solido
9	24	30	Solido
36	71	59	Solido
156	227	221	Solido
181	252	245	Solido
177	251	242	Solido
28	51	50	Solido
175	237	231	Solido
181	244	234	Solido
23	51	41	Solido
20	47	41	Solido
159	226	205	Solido
153	223	214	Solido
19	43	50	Solido
170	232	225	Solido
181	245	201	Solido
59	92	73	Solido
183	252	244	Solido
169	230	227	Solido
173	241	235	Solido
150	221	220	Solido
178	249	238	Solido
187	251	238	Solido
171	241	231	Solido
175	246	237	Solido
96	134	108	Solido
172	246	237	Solido
41	69	51	Solido
179	245	249	Solido
96	137	126	Solido
168	242	235	Solido
107	149	108	Solido
181	250	243	Solido
161	229	221	Solido
46	79	70	Solido
54	84	66	Solido
171	240	232	Solido
33	66	59	Solido
167	237	224	Solido
165	240	232	Solido
86	128	98	Solido
172	243	241	Solido
21	45	51	Solido
178	247	241	Solido
102	141	113	Solido
181	245	245	Solido
170	228	227	Solido
165	233	226	Solido
20	50	47	Solido
185	254	246	Solido
88	126	100	Solido
171	245	238	Solido
89	133	105	Solido
77	110	90	Solido
10	25	21	Solido
170	244	235	Solido
165	227	220	Solido
88	131	101	Solido
186	252	249	Solido
68	109	89	Solido
183	250	209	Solido
177	240	236	Solido
156	215	172	Solido
57	97	71	Solido
40	70	59	Solido
191	254	212	Solido
149	208	203	Solido
175	249	244	Solido
138	187	145	Solido
55	81	60	Solido
181	250	233	Solido
103	145	105	Solido
156	227	225	Solido
178	248	243	Solido
34	51	45	Solido
186	249	242	Solido
21	41	42	Solido
154	217	227	Solido
177	247	242	Solido
94	135	100	Solido
85	124	96	Solido
156	219	209	Solido
93	138	109	Solido
164	224	212	Solido
170	230	218	Solido
161	234	217	Solido
51	84	66	Solido
43	71	66	Solido
81	130	114	Solido
31	59	52	Solido
153	221	220	Solido
33	56	46	Solido
171	246	240	Solido
24	44	34	Solido
157	225	224	Solido
90	139	118	Solido
34	54	45	Solido
24	46	41	Solido
180	252	245	Solido
89	133	104	Solido
161	234	234	Solido
176	248	243	Solido
179	248	245	Solido
60	98	74	Solido
171	239	234	Solido
177	243	240	Solido
177	250	244	Solido
29	57	54	Solido
177	249	243	Solido
175	249	243	Solido
178	252	246	Solido
43	79	78	Solido
172	243	234	Solido
175	247	241	Solido
134	187	176	Solido
35	63	52	Solido
75	113	99	Solido
102	159	153	Solido
31	58	45	Solido
157	220	203	Solido
177	249	235	Solido
175	249	241	Solido
31	60	52	Solido
37	58	70	Solido
49	80	64	Solido
168	233	224	Solido
181	253	247	Solido
28	51	53	Solido
174	244	236	Solido
166	234	233	Solido
176	248	240	Solido
147	214	206	Solido
182	248	231	Solido
130	181	143	Solido
179	243	244	Solido
182	254	250	Solido
174	232	231	Solido
147	215	212	Solido
167	240	231	Solido
170	236	228	Solido
171	243	235	Solido
22	41	47	Solido
23	44	39	Solido
26	43	34	Solido
32	65	59	Solido
127	189	178	Solido
44	76	55	Solido
108	136	115	Solido
96	145	153	Solido
170	237	230	Solido
173	246	237	Solido
7	24	26	Solido
182	245	239	Solido
168	226	222	Solido
169	239	233	Solido
182	246	238	Solido
172	245	238	Solido
33	66	56	Solido
87	127	101	Solido
181	254	249	Solido
177	247	237	Solido
170	245	235	Solido
31	59	49	Solido
49	79	76	Solido
181	251	241	Solido
171	242	235	Solido
86	126	96	Solido
180	248	240	Solido
176	248	243	Solido
174	238	240	Solido
78	112	101	Solido
76	115	94	Solido
42	71	59	Solido
170	232	221	Solido
160	234	220	Solido
12	30	36	Solido
174	237	235	Solido
180	250	243	Solido
96	132	97	Solido
169	238	229	Solido
183	249	243	Solido
75	111	97	Solido
96	138	110	Solido
30	51	47	Solido
173	245	242	Solido
185	251	242	Solido
169	244	233	Solido
178	252	244	Solido
175	243	237	Solido
21	46	50	Solido
175	245	237	Solido
29	52	61	Solido
37	57	59	Solido
150	209	211	Solido
163	225	230	Solido
172	241	235	Solido
86	123	91	Solido
166	228	223	Solido
40	69	58	Solido
37	67	52	Solido
59	86	77	Solido
175	244	234	Solido
181	247	239	Solido
167	240	233	Solido
176	248	238	Solido
34	56	45	Solido
167	233	218	Solido
168	227	226	Solido
88	129	103	Solido
171	239	231	Solido
61	106	89	Solido
30	63	63	Solido
113	156	128	Solido
182	252	242	Solido
60	96	89	Solido
65	95	79	Solido
161	229	228	Solido
176	248	240	Solido
167	235	231	Solido
32	61	51	Solido
170	231	220	Solido
116	173	154	Solido
180	244	211	Solido
65	96	67	Solido
99	139	111	Solido
44	73	57	Solido
95	137	104	Solido
48	76	66	Solido
105	158	117	Solido
175	248	242	Solido
189	252	241	Solido
176	243	226	Solido
17	36	34	Solido
170	247	237	Solido
169	237	227	Solido
93	138	109	Solido
175	244	237	Solido
54	84	72	Solido
169	244	239	Solido
34	58	52	Solido
172	246	241	Solido
151	213	216	Solido
167	232	232	Solido
157	229	222	Solido
49	73	76	Solido
104	153	165	Solido
181	246	247	Solido
47	74	63	Solido
36	51	43	Solido
128	168	147	Solido
149	223	195	Solido
179	252	243	Solido
171	238	237	Solido
20	50	50	Solido
28	54	42	Solido
66	93	71	Solido
159	222	226	Solido
49	76	58	Solido
86	122	130	Solido
91	123	129	Solido
167	240	233	Solido
43	80	67	Solido
168	240	233	Solido
159	226	222	Solido
161	239	226	Solido
86	124	98	Solido
169	239	237	Solido
28	52	40	Solido
177	242	233	Solido
57	86	96	Solido
42	65	50	Solido
81	127	104	Solido
189	254	254	Solido
173	243	230	Solido
173	244	238	Solido
156	217	218	Solido
94	140	110	Solido
64	104	77	Solido
177	250	244	Solido
87	129	100	Solido
69	99	72	Solido
33	62	52	Solido
167	232	225	Solido
16	38	39	Solido
60	93	70	Solido
71	113	82	Solido
169	242	234	Solido
23	48	38	Solido
177	246	242	Solido
174	245	240	Solido
175	247	243	Solido
156	229	222	Solido
98	145	114	Solido
143	201	211	Solido
71	107	88	Solido
180	246	215	Solido
13	31	37	Solido
30	59	52	Solido
177	250	241	Solido
181	249	243	Solido
173	246	236	Solido
179	244	243	Solido
177	248	243	Solido
181	243	254	Solido
45	74	62	Solido
45	76	63	Solido
172	242	237	Solido
26	43	45	Solido
167	235	229	Solido
56	101	90	Solido
15	30	36	Solido
169	235	225	Solido
179	253	241	Solido
37	61	52	Solido
70	106	89	Solido
178	248	239	Solido
83	116	141	Solido
167	241	232	Solido
124	201	200	Solido
91	135	110	Solido
169	236	234	Solido
53	74	60	Solido
140	197	189	Solido
182	242	246	Solido
167	235	234	Solido
32	54	46	Solido
108	159	126	Solido
157	216	173	Solido
25	47	47	Solido
179	252	244	Solido
171	241	237	Solido
51	84	69	Solido
183	254	245	Solido
96	140	104	Solido
180	254	248	Solido
171	244	241	Solido
109	161	122	Solido
182	247	218	Solido
179	249	237	Solido
171	243	236	Solido
44	73	69	Solido
174	246	241	Solido
38	66	61	Solido
158	226	219	Solido
25	55	47	Solido
173	242	237	Solido
149	213	210	Solido
86	128	157	Solido
178	243	200	Solido
149	221	202	Solido
185	250	248	Solido
173	244	235	Solido
25	48	43	Solido
171	239	228	Solido
181	254	246	Solido
161	237	221	Solido
183	254	243	Solido
165	232	224	Solido
169	240	233	Solido
165	232	227	Solido
80	127	84	Solido
87	132	102	Solido
92	133	105	Solido
177	253	245	Solido
169	232	228	Solido
161	220	223	Solido
33	65	51	Solido
181	247	223	Solido
185	254	247	Solido
50	74	64	Solido
165	227	218	Solido
34	52	51	Solido
114	160	166	Solido
166	235	216	Solido
172	244	240	Solido
179	250	247	Solido
175	240	239	Solido
26	49	40	Solido
30	49	44	Solido
83	117	105	Solido
160	230	222	Solido
186	251	252	Solido
179	243	232	Solido
186	249	254	Solido
156	215	222	Solido
70	102	85	Solido
173	246	232	Solido
54	91	94	Solido
145	198	159	Solido
27	54	52	Solido
177	251	242	Solido
165	225	223	Solido
172	245	237	Solido
32	60	49	Solido
166	236	233	Solido
64	97	70	Solido
169	239	233	Solido
110	175	171	Solido
171	243	235	Solido
175	245	237	Solido
93	142	113	Solido
107	161	119	Solido
95	127	102	Solido
68	104	93	Solido
88	124	81	Solido
177	247	242	Solido
175	244	232	Solido
189	254	222	Solido
179	243	243	Solido
181	250	244	Solido
23	59	51	Solido
34	66	53	Solido
76	105	119	Solido
169	235	232	Solido
177	242	230	Solido
91	133	107	Solido
168	241	228	Solido
188	254	235	Solido
165	235	228	Solido
182	248	242	Solido
36	67	52	Solido
171	240	233	Solido
15	34	36	Solido
18	38	38	Solido
126	193	194	Solido
37	60	44	Solido
22	45	40	Solido
176	244	239	Solido
114	169	198	Solido
173	247	234	Solido
183	254	249	Solido
58	86	82	Solido
177	249	242	Solido
97	139	112	Solido
90	127	114	Solido
175	246	238	Solido
183	247	237	Solido
180	245	230	Solido
70	119	120	Solido
124	177	137	Solido
80	114	91	Solido
180	245	243	Solido
171	246	232	Solido
175	250	235	Solido
168	239	232	Solido
175	250	244	Solido
34	62	57	Solido
24	45	39	Solido
26	52	45	Solido
38	80	69	Solido
175	247	240	Solido
147	213	205	Solido
153	219	214	Solido
41	73	62	Solido
163	234	233	Solido
15	39	38	Solido
145	202	205	Solido
90	136	99	Solido
182	252	244	Solido
183	249	241	Solido
33	54	53	Solido
99	141	107	Solido
31	56	52	Solido
178	245	242	Solido
63	91	85	Solido
172	243	236	Solido
174	250	245	Solido
174	243	233	Solido
40	71	59	Solido
157	222	202	Solido
15	34	31	Solido
90	131	113	Solido
40	68	47	Solido
179	241	235	Solido
190	254	236	Solido
175	240	224	Solido
181	254	248	Solido
171	244	236	Solido
178	252	243	Solido
82	118	109	Solido
178	252	246	Solido
40	66	47	Solido
51	76	75	Solido
176	246	241	Solido
174	246	239	Solido
15	39	30	Solido
178	238	204	Solido
167	230	221	Solido
175	243	235	Solido
182	245	246	Solido
184	252	244	Solido
185	251	247	Solido
159	228	219	Solido
167	237	232	Solido
32	62	62	Solido
168	233	221	Solido
41	69	66	Solido
179	253	244	Solido
23	35	34	Solido
83	118	98	Solido
93	133	106	Solido
175	245	244	Solido
183	254	249	Solido
56	99	85	Solido
167	232	230	Solido
108	154	120	Solido
167	234	228	Solido
167	236	227	Solido
40	76	64	Solido
170	233	225	Solido
158	223	221	Solido
42	74	66	Solido
18	34	31	Solido
173	239	244	Solido
54	85	75	Solido
55	90	73	Solido
184	252	239	Solido
174	245	236	Solido
41	62	54	Solido
170	237	230	Solido
179	250	245	Solido
55	85	78	Solido
38	70	59	Solido
30	48	41	Solido
177	240	243	Solido
164	231	228	Solido
150	227	207	Solido
80	119	96	Solido
81	118	124	Solido
175	246	240	Solido
173	244	237	Solido
163	230	216	Solido
87	126	111	Solido
176	248	240	Solido
14	31	33	Solido
179	245	241	Solido
135	185	184	Solido
109	154	119	Solido
33	52	40	Solido
185	245	199	Solido
26	43	30	Solido
93	133	107	Solido
167	237	226	Solido
30	58	50	Solido
180	247	239	Solido
175	243	238	Solido
177	246	243	Solido
171	245	238	Solido
168	235	229	Solido
174	246	238	Solido
102	141	108	Solido
156	220	208	Solido
76	113	96	Solido
94	141	117	Solido
28	52	50	Solido
157	222	217	Solido
28	63	50	Solido
42	69	54	Solido
171	242	229	Solido
171	236	238	Solido
95	124	122	Solido
77	114	93	Solido
167	238	227	Solido
59	94	78	Solido
95	144	162	Solido
194	254	226	Solido
31	58	42	Solido
179	246	236	Solido
173	234	231	Solido
169	240	223	Solido
68	97	77	Solido
38	68	49	Solido
172	243	237	Solido
71	106	70	Solido
177	242	240	Solido
90	131	97	Solido
78	113	73	Solido
30	49	50	Solido
162	236	228	Solido
162	223	185	Solido
51	82	71	Solido
26	54	45	Solido
15	34	38	Solido
48	88	87	Solido
121	170	139	Solido
63	86	82	Solido
183	247	246	Solido
19	31	29	Solido
173	244	239	Solido
159	224	228	Solido
84	125	108	Solido
166	239	237	Solido
174	248	239	Solido
162	234	235	Solido
166	230	234	Solido
30	52	46	Solido
18	38	39	Solido
34	62	51	Solido
21	44	39	Solido
40	67	58	Solido
170	242	242	Solido
22	48	44	Solido
172	244	237	Solido
175	242	242	Solido
164	237	233	Solido
175	245	239	Solido
171	244	234	Solido
179	251	245	Solido
178	240	226	Solido
171	243	238	Solido
30	57	48	Solido
171	245	238	Solido
171	240	229	Solido
171	242	237	Solido
31	68	61	Solido
24	49	40	Solido
184	249	245	Solido
159	230	208	Solido
156	225	207	Solido
181	251	239	Solido
168	237	232	Solido
81	112	92	Solido
186	254	226	Solido
177	249	244	Solido
100	142	116	Solido
175	244	236	Solido
172	231	236	Solido
88	133	115	Solido
169	235	224	Solido
174	246	240	Solido
128	178	138	Solido
169	234	230	Solido
181	246	248	Solido
179	243	230	Solido
30	64	54	Solido
40	71	60	Solido
168	240	237	Solido
160	223	215	Solido
171	248	238	Solido
30	60	54	Solido
103	149	123	Solido
34	59	56	Solido
163	222	222	Solido
27	55	44	Solido
33	61	63	Solido
46	84	74	Solido
47	76	68	Solido
173	245	240	Solido
40	61	53	Solido
173	236	229	Solido
174	248	242	Solido
52	76	66	Solido
183	254	252	Solido
87	122	96	Solido
22	51	37	Solido
177	245	239	Solido
103	148	113	Solido
172	245	241	Solido
22	48	40	Solido
42	58	50	Solido
182	248	248	Solido
149	217	209	Solido
177	246	242	Solido
183	249	249	Solido
20	35	27	Solido
161	231	216	Solido
173	245	235	Solido
176	241	222	Solido
151	206	178	Solido
73	108	85	Solido
176	251	240	Solido
69	115	90	Solido
175	248	238	Solido
80	125	97	Solido
153	214	222	Solido
173	238	225	Solido
67	97	79	Solido
69	107	89	Solido
43	74	60	Solido
104	153	133	Solido
169	238	233	Solido
174	236	231	Solido
160	237	218	Solido
67	102	90	Solido
167	237	238	Solido
10	23	25	Solido
172	236	235	Solido
38	61	59	Solido
169	236	221	Solido
28	48	40	Solido
163	240	223	Solido
50	78	68	Solido
166	226	224	Solido
44	69	49	Solido
95	135	112	Solido
158	234	217	Solido
169	242	233	Solido
181	251	241	Solido
172	247	233	Solido
43	71	58	Solido
162	228	229	Solido
43	74	59	Solido
19	43	42	Solido
175	245	233	Solido
135	180	161	Solido
181	242	246	Solido
181	254	237	Solido
178	243	242	Solido
177	240	230	Solido
168	237	232	Solido
178	242	234	Solido
156	221	220	Solido
177	248	238	Solido
174	242	239	Solido
26	48	41	Solido
34	60	51	Solido
97	136	94	Solido
135	197	194	Solido
177	249	240	Solido
173	245	239	Solido
33	67	55	Solido
163	231	229	Solido
135	185	220	Solido
152	221	216	Solido
176	240	224	Solido
154	218	222	Solido
183	254	245	Solido
169	237	230	Solido
120	197	189	Solido
182	249	244	Solido
176	250	239	Solido
165	240	225	Solido
171	239	228	Solido
25	37	40	Solido
61	101	68	Solido
92	139	106	Solido
154	221	193	Solido
169	240	232	Solido
183	252	221	Solido
90	127	109	Solido
33	55	47	Solido
175	240	228	Solido
184	249	202	Solido
58	94	69	Solido
77	113	91	Solido
165	231	215	Solido
181	246	245	Solido
164	233	230	Solido
152	212	205	Solido
161	230	225	Solido
182	253	240	Solido
84	127	101	Solido
32	62	46	Solido
76	110	89	Solido
178	252	243	Solido
104	147	117	Solido
109	150	125	Solido
95	142	109	Solido
87	127	95	Solido
175	240	231	Solido
19	30	33	Solido
172	240	234	Solido
180	249	224	Solido
167	234	225	Solido
169	241	233	Solido
175	244	239	Solido
12	23	22	Solido
161	231	218	Solido
37	60	52	Solido
134	183	147	Solido
175	242	243	Solido
16	35	29	Solido
43	70	66	Solido
53	82	68	Solido
172	242	236	Solido
177	248	235	Solido
167	232	226	Solido
58	86	106	Solido
159	232	220	Solido
174	244	235	Solido
163	232	226	Solido
174	249	242	Solido
193	254	254	Solido
172	242	238	Solido
171	242	238	Solido
179	250	243	Solido
169	237	224	Solido
171	240	237	Solido
16	34	37	Solido
167	229	223	Solido
87	130	96	Solido
165	240	233	Solido
84	124	104	Solido
169	238	230	Solido
171	246	234	Solido
96	137	100	Solido
33	61	51	Solido
24	57	48	Solido
163	235	223	Solido
87	129	105	Solido
179	249	229	Solido
28	62	61	Solido
163	227	227	Solido
158	231	229	Solido
145	210	216	Solido
141	214	202	Solido
107	152	121	Solido
160	213	173	Solido
65	105	98	Solido
30	58	50	Solido
31	54	45	Solido
164	228	229	Solido
51	75	59	Solido
28	52	47	Solido
16	32	35	Solido
191	252	254	Solido
169	239	224	Solido
168	238	233	Solido
159	229	201	Solido
170	237	225	Solido
66	101	89	Solido
175	245	241	Solido
98	141	106	Solido
172	244	235	Solido
19	40	47	Solido
179	250	244	Solido
167	231	224	Solido
172	244	242	Solido
119	162	123	Solido
181	246	242	Solido
23	45	41	Solido
96	150	106	Solido
172	241	231	Solido
175	249	245	Solido
27	46	39	Solido
87	127	103	Solido
178	249	241	Solido
181	248	242	Solido
172	239	234	Solido
185	254	251	Solido
178	249	244	Solido
191	254	249	Solido
175	246	237	Solido
178	249	243	Solido
175	247	243	Solido
173	245	243	Solido
171	242	234	Solido
178	250	242	Solido
169	239	232	Solido
101	156	144	Solido
173	244	236	Solido
20	33	33	Solido
55	92	73	Solido
89	132	106	Solido
42	60	67	Solido
108	147	125	Solido
173	244	240	Solido
191	254	221	Solido
181	252	242	Solido
168	238	231	Solido
94	137	106	Solido
179	247	238	Solido
168	240	226	Solido
181	254	247	Solido
173	239	236	Solido
82	126	117	Solido
90	131	106	Solido
182	254	243	Solido
173	238	232	Solido
159	230	225	Solido
23	44	37	Solido
159	223	214	Solido
171	240	230	Solido
163	224	192	Solido
20	41	41	Solido
191	254	223	Solido
179	252	246	Solido
162	232	226	Solido
127	178	157	Solido
158	230	220	Solido
171	242	233	Solido
177	244	238	Solido
15	28	31	Solido
177	250	241	Solido
16	42	30	Solido
175	247	240	Solido
191	251	249	Solido
163	221	183	Solido
83	116	91	Solido
176	248	243	Solido
184	248	232	Solido
168	238	233	Solido
160	222	213	Solido
69	98	83	Solido
60	95	74	Solido
191	254	252	Solido
183	254	248	Solido
180	247	251	Solido
15	31	38	Solido
86	124	108	Solido
86	128	121	Solido
24	50	44	Solido
93	137	104	Solido
88	130	104	Solido
182	247	242	Solido
64	98	87	Solido
164	234	223	Solido
187	254	247	Solido
58	95	85	Solido
90	129	97	Solido
161	229	232	Solido
170	245	235	Solido
93	138	109	Solido
175	244	239	Solido
62	99	76	Solido
41	68	47	Solido
175	246	241	Solido
179	250	242	Solido
154	214	198	Solido
181	247	226	Solido
166	237	228	Solido
60	96	117	Solido
26	56	48	Solido
15	31	32	Solido
169	241	234	Solido
178	251	246	Solido
174	245	239	Solido
181	254	245	Solido
82	120	92	Solido
165	234	229	Solido
183	254	243	Solido
45	84	68	Solido
162	233	225	Solido
181	248	240	Solido
176	242	237	Solido
32	72	60	Solido
175	242	236	Solido
173	246	234	Solido
175	251	241	Solido
147	205	210	Solido
173	248	239	Solido
181	252	242	Solido
174	245	238	Solido
171	243	236	Solido
177	249	242	Solido
181	254	245	Solido
175	246	240	Solido
163	222	222	Solido
169	238	226	Solido
177	252	246	Solido
169	241	234	Solido
29	55	49	Solido
79	114	97	Solido
29	57	49	Solido
66	98	82	Solido
79	113	111	Solido
33	60	52	Solido
142	198	196	Solido
14	36	37	Solido
179	248	241	Solido
70	110	93	Solido
107	161	120	Solido
