29	101	133	Poro
21	79	128	Poro
83	135	112	Poro
46	124	155	Poro
35	99	119	Poro
29	97	135	Poro
1	53	62	Poro
63	159	187	Poro
27	121	170	Poro
42	124	153	Poro
76	156	166	Poro
36	125	164	Poro
61	141	158	Poro
40	120	161	Poro
51	129	139	Poro
31	121	158	Poro
16	52	96	Poro
66	128	136	Poro
41	117	121	Poro
39	131	169	Poro
42	121	166	Poro
61	153	176	Poro
24	75	106	Poro
42	79	84	Poro
30	126	176	Poro
25	119	171	Poro
65	147	149	Poro
68	154	161	Poro
42	117	153	Poro
30	107	133	Poro
59	113	118	Poro
26	101	141	Poro
33	101	129	Poro
35	125	167	Poro
32	119	176	Poro
41	127	155	Poro
59	138	157	Poro
26	119	172	Poro
31	108	147	Poro
29	122	167	Poro
55	133	150	Poro
25	111	152	Poro
55	147	173	Poro
35	115	134	Poro
36	115	148	Poro
26	90	111	Poro
30	109	135	Poro
57	129	151	Poro
25	116	167	Poro
31	119	154	Poro
33	116	160	Poro
52	139	172	Poro
90	172	181	Poro
23	92	119	Poro
54	120	133	Poro
69	157	180	Poro
60	119	131	Poro
54	147	169	Poro
21	93	93	Poro
33	95	118	Poro
46	101	99	Poro
35	123	165	Poro
80	165	176	Poro
40	99	128	Poro
32	112	150	Poro
40	119	138	Poro
32	105	118	Poro
35	115	139	Poro
47	116	122	Poro
66	137	153	Poro
33	127	176	Poro
96	147	140	Poro
58	133	141	Poro
38	96	137	Poro
39	125	138	Poro
32	127	184	Poro
51	128	158	Poro
35	127	169	Poro
38	123	156	Poro
70	153	173	Poro
39	97	112	Poro
76	151	161	Poro
40	124	137	Poro
21	78	103	Poro
35	120	162	Poro
32	122	178	Poro
21	93	100	Poro
23	92	111	Poro
51	137	168	Poro
78	155	174	Poro
31	113	144	Poro
41	98	105	Poro
22	95	119	Poro
21	93	108	Poro
71	150	169	Poro
32	98	123	Poro
36	120	148	Poro
95	157	157	Poro
41	108	115	Poro
37	117	140	Poro
23	95	111	Poro
40	136	180	Poro
16	75	85	Poro
37	127	165	Poro
22	55	69	Poro
69	163	187	Poro
18	98	125	Poro
90	151	129	Poro
33	112	137	Poro
32	113	140	Poro
40	77	79	Poro
70	124	133	Poro
47	125	135	Poro
21	99	143	Poro
45	118	136	Poro
24	91	92	Poro
78	160	179	Poro
28	120	153	Poro
65	142	161	Poro
22	79	97	Poro
24	88	136	Poro
39	120	126	Poro
20	104	157	Poro
33	91	90	Poro
43	94	119	Poro
36	132	178	Poro
25	118	169	Poro
33	115	142	Poro
41	124	142	Poro
39	129	163	Poro
46	106	132	Poro
42	131	167	Poro
41	112	128	Poro
50	132	154	Poro
17	86	101	Poro
41	127	164	Poro
29	121	169	Poro
42	94	100	Poro
38	129	172	Poro
102	158	151	Poro
29	115	157	Poro
39	109	133	Poro
78	146	153	Poro
47	123	145	Poro
71	122	135	Poro
32	124	176	Poro
27	118	168	Poro
25	94	129	Poro
43	124	137	Poro
53	124	123	Poro
29	107	123	Poro
20	90	100	Poro
47	120	135	Poro
34	130	177	Poro
38	72	72	Poro
62	152	173	Poro
80	162	167	Poro
46	102	141	Poro
46	122	141	Poro
31	110	144	Poro
56	131	163	Poro
23	106	131	Poro
55	138	141	Poro
23	83	101	Poro
40	106	109	Poro
32	123	170	Poro
37	111	125	Poro
38	112	127	Poro
61	120	143	Poro
52	94	103	Poro
20	72	104	Poro
23	83	92	Poro
28	122	164	Poro
26	99	137	Poro
51	102	97	Poro
41	119	138	Poro
32	109	145	Poro
46	120	124	Poro
65	160	188	Poro
32	71	73	Poro
18	72	92	Poro
30	124	183	Poro
23	78	74	Poro
25	119	168	Poro
74	143	151	Poro
24	116	171	Poro
24	92	116	Poro
58	140	148	Poro
53	133	146	Poro
39	130	155	Poro
42	115	137	Poro
15	48	57	Poro
25	66	108	Poro
52	123	131	Poro
26	121	179	Poro
36	124	168	Poro
62	140	158	Poro
77	145	157	Poro
69	150	161	Poro
58	137	154	Poro
38	129	179	Poro
34	114	160	Poro
56	144	173	Poro
95	160	162	Poro
39	124	156	Poro
54	143	177	Poro
91	165	173	Poro
31	115	174	Poro
67	150	177	Poro
43	91	111	Poro
31	111	164	Poro
72	152	156	Poro
25	99	146	Poro
44	112	107	Poro
19	83	111	Poro
59	145	176	Poro
44	134	166	Poro
34	116	162	Poro
75	150	162	Poro
45	131	161	Poro
31	121	163	Poro
63	141	155	Poro
46	114	121	Poro
46	101	113	Poro
31	103	135	Poro
61	118	120	Poro
30	109	117	Poro
43	130	148	Poro
59	143	166	Poro
28	117	137	Poro
40	124	169	Poro
31	105	133	Poro
28	87	85	Poro
31	112	137	Poro
60	151	185	Poro
62	151	176	Poro
66	148	173	Poro
31	115	164	Poro
27	117	167	Poro
66	154	175	Poro
39	120	128	Poro
39	94	98	Poro
29	108	135	Poro
31	114	163	Poro
29	97	139	Poro
59	138	162	Poro
90	151	152	Poro
84	172	185	Poro
41	131	176	Poro
60	137	150	Poro
25	116	166	Poro
25	89	103	Poro
59	144	172	Poro
63	159	181	Poro
25	93	135	Poro
42	134	150	Poro
57	139	150	Poro
29	100	154	Poro
48	133	142	Poro
38	128	147	Poro
42	118	146	Poro
22	81	105	Poro
28	125	182	Poro
41	128	169	Poro
37	109	115	Poro
28	121	161	Poro
48	106	116	Poro
61	133	159	Poro
61	117	127	Poro
38	126	139	Poro
29	103	132	Poro
29	113	169	Poro
78	128	123	Poro
29	120	166	Poro
33	106	121	Poro
69	150	151	Poro
34	131	186	Poro
55	136	158	Poro
22	91	109	Poro
23	115	165	Poro
38	95	131	Poro
46	95	98	Poro
50	121	134	Poro
62	89	86	Poro
74	160	182	Poro
56	130	134	Poro
40	109	120	Poro
65	140	151	Poro
69	137	148	Poro
19	69	123	Poro
50	116	128	Poro
36	126	165	Poro
56	140	165	Poro
28	98	131	Poro
41	124	163	Poro
28	109	140	Poro
69	134	133	Poro
65	141	155	Poro
90	143	119	Poro
43	112	137	Poro
53	123	134	Poro
37	125	172	Poro
25	94	114	Poro
32	119	168	Poro
19	78	102	Poro
49	133	156	Poro
30	87	102	Poro
25	98	144	Poro
42	84	91	Poro
32	121	169	Poro
36	113	123	Poro
26	96	128	Poro
28	112	144	Poro
69	158	185	Poro
48	111	123	Poro
35	107	140	Poro
34	125	174	Poro
31	114	166	Poro
41	117	113	Poro
48	122	133	Poro
31	110	136	Poro
27	119	169	Poro
31	103	131	Poro
87	166	175	Poro
39	93	109	Poro
27	102	139	Poro
84	161	155	Poro
34	120	159	Poro
52	144	159	Poro
31	119	163	Poro
42	127	157	Poro
70	146	154	Poro
61	146	157	Poro
66	112	107	Poro
64	124	115	Poro
33	123	163	Poro
28	108	152	Poro
30	108	156	Poro
27	97	99	Poro
47	134	157	Poro
31	125	166	Poro
86	142	136	Poro
30	76	77	Poro
61	143	156	Poro
87	156	162	Poro
39	113	159	Poro
61	143	174	Poro
34	104	131	Poro
55	122	137	Poro
51	125	139	Poro
27	119	170	Poro
37	112	141	Poro
38	123	135	Poro
40	117	131	Poro
29	106	151	Poro
66	144	151	Poro
28	120	146	Poro
62	139	151	Poro
22	68	106	Poro
65	144	140	Poro
60	154	187	Poro
46	102	108	Poro
27	114	163	Poro
68	159	192	Poro
23	87	106	Poro
48	137	155	Poro
37	123	147	Poro
33	106	120	Poro
41	128	167	Poro
38	112	118	Poro
41	126	165	Poro
22	117	169	Poro
90	146	141	Poro
58	123	118	Poro
35	111	148	Poro
55	123	139	Poro
51	131	159	Poro
51	122	122	Poro
30	120	170	Poro
51	97	102	Poro
58	138	151	Poro
77	148	158	Poro
61	154	188	Poro
34	123	157	Poro
26	117	157	Poro
45	128	152	Poro
60	127	140	Poro
38	123	151	Poro
49	113	116	Poro
36	122	163	Poro
92	171	178	Poro
28	121	176	Poro
32	131	185	Poro
71	108	114	Poro
38	110	133	Poro
63	135	147	Poro
18	73	88	Poro
74	122	116	Poro
29	114	138	Poro
36	101	118	Poro
37	109	118	Poro
28	116	153	Poro
37	116	123	Poro
47	124	140	Poro
60	129	116	Poro
44	94	96	Poro
27	107	120	Poro
33	111	144	Poro
50	118	134	Poro
89	161	169	Poro
75	162	176	Poro
73	150	167	Poro
32	75	77	Poro
63	148	167	Poro
37	107	126	Poro
31	94	108	Poro
50	112	115	Poro
59	149	179	Poro
34	125	171	Poro
33	108	144	Poro
34	117	166	Poro
56	117	122	Poro
51	127	149	Poro
31	118	156	Poro
28	103	147	Poro
32	117	145	Poro
60	136	152	Poro
38	120	149	Poro
27	117	170	Poro
58	136	151	Poro
51	139	164	Poro
56	128	156	Poro
56	137	167	Poro
69	151	166	Poro
39	129	161	Poro
26	99	131	Poro
45	123	171	Poro
34	117	142	Poro
44	115	119	Poro
31	115	155	Poro
24	117	161	Poro
67	144	153	Poro
16	85	122	Poro
39	120	135	Poro
34	128	172	Poro
88	157	157	Poro
27	110	154	Poro
67	147	159	Poro
47	118	120	Poro
67	121	125	Poro
47	127	157	Poro
60	120	134	Poro
68	149	165	Poro
54	135	137	Poro
37	129	169	Poro
38	124	136	Poro
81	134	124	Poro
29	118	147	Poro
56	127	145	Poro
30	114	168	Poro
47	126	160	Poro
23	116	164	Poro
39	125	161	Poro
29	108	134	Poro
76	149	158	Poro
52	136	165	Poro
47	111	121	Poro
37	128	166	Poro
90	176	189	Poro
25	99	133	Poro
47	131	145	Poro
64	131	132	Poro
81	139	139	Poro
26	96	135	Poro
32	115	166	Poro
41	117	132	Poro
89	137	120	Poro
32	118	170	Poro
29	109	126	Poro
34	129	177	Poro
66	162	188	Poro
72	149	163	Poro
28	105	111	Poro
27	117	156	Poro
51	134	168	Poro
29	108	148	Poro
41	105	144	Poro
26	102	139	Poro
41	127	152	Poro
44	120	140	Poro
38	100	123	Poro
73	135	145	Poro
27	121	154	Poro
80	132	109	Poro
35	124	173	Poro
30	113	163	Poro
28	109	144	Poro
55	116	133	Poro
25	108	134	Poro
45	135	155	Poro
35	120	143	Poro
36	131	179	Poro
35	122	158	Poro
50	94	102	Poro
47	136	152	Poro
32	91	98	Poro
33	121	170	Poro
90	168	172	Poro
43	131	146	Poro
60	143	155	Poro
65	131	146	Poro
45	124	152	Poro
43	115	137	Poro
65	158	191	Poro
41	117	161	Poro
25	111	163	Poro
68	145	150	Poro
27	117	164	Poro
27	94	121	Poro
32	98	109	Poro
72	151	164	Poro
80	156	163	Poro
35	87	102	Poro
67	158	181	Poro
47	112	123	Poro
40	130	177	Poro
36	123	140	Poro
61	146	172	Poro
33	118	151	Poro
36	132	163	Poro
37	119	139	Poro
29	123	173	Poro
57	144	166	Poro
22	95	110	Poro
70	159	185	Poro
41	106	135	Poro
50	136	172	Poro
38	121	155	Poro
13	67	92	Poro
56	131	153	Poro
37	107	127	Poro
35	115	160	Poro
30	112	159	Poro
34	120	151	Poro
32	123	170	Poro
40	131	165	Poro
39	83	80	Poro
53	113	125	Poro
26	97	137	Poro
69	141	154	Poro
56	138	152	Poro
46	130	157	Poro
62	158	189	Poro
50	131	140	Poro
34	75	78	Poro
41	127	160	Poro
20	102	140	Poro
67	160	195	Poro
35	128	150	Poro
35	132	171	Poro
66	138	162	Poro
43	119	137	Poro
64	151	179	Poro
76	165	189	Poro
52	125	140	Poro
36	124	172	Poro
64	143	161	Poro
80	141	151	Poro
31	121	156	Poro
69	132	136	Poro
72	147	157	Poro
33	122	173	Poro
34	106	116	Poro
34	112	155	Poro
29	117	175	Poro
66	153	146	Poro
32	94	126	Poro
23	80	129	Poro
59	138	161	Poro
40	109	109	Poro
23	100	119	Poro
29	118	171	Poro
52	132	153	Poro
36	119	167	Poro
22	81	98	Poro
85	136	137	Poro
19	45	51	Poro
29	116	149	Poro
27	94	120	Poro
91	171	177	Poro
57	133	143	Poro
82	163	173	Poro
36	72	82	Poro
53	127	129	Poro
51	139	176	Poro
29	106	155	Poro
28	121	177	Poro
67	151	175	Poro
39	91	108	Poro
33	123	182	Poro
45	125	149	Poro
28	110	162	Poro
31	120	169	Poro
24	72	114	Poro
63	145	161	Poro
48	131	149	Poro
29	119	161	Poro
28	118	144	Poro
31	113	144	Poro
29	101	131	Poro
69	156	186	Poro
47	117	143	Poro
75	142	142	Poro
39	93	99	Poro
21	78	111	Poro
60	140	152	Poro
40	110	121	Poro
49	127	144	Poro
33	110	150	Poro
70	120	125	Poro
26	122	171	Poro
67	152	171	Poro
24	103	133	Poro
31	111	143	Poro
63	153	165	Poro
73	144	140	Poro
29	122	179	Poro
49	129	144	Poro
40	114	134	Poro
34	96	111	Poro
29	112	122	Poro
40	134	165	Poro
40	124	165	Poro
44	134	171	Poro
37	121	173	Poro
41	95	126	Poro
80	163	182	Poro
57	147	180	Poro
35	108	157	Poro
31	102	155	Poro
24	109	167	Poro
40	123	162	Poro
69	145	153	Poro
35	92	101	Poro
41	111	129	Poro
29	106	156	Poro
27	111	135	Poro
27	88	143	Poro
60	132	148	Poro
31	76	82	Poro
33	117	156	Poro
77	162	175	Poro
26	120	180	Poro
42	132	175	Poro
29	116	147	Poro
52	122	115	Poro
18	76	130	Poro
31	119	171	Poro
87	146	150	Poro
49	130	157	Poro
59	156	192	Poro
35	128	173	Poro
26	95	118	Poro
27	99	131	Poro
60	136	145	Poro
65	140	155	Poro
57	138	160	Poro
32	111	162	Poro
34	111	145	Poro
39	130	179	Poro
28	123	173	Poro
27	111	140	Poro
87	147	137	Poro
60	139	155	Poro
47	132	155	Poro
66	158	186	Poro
54	138	167	Poro
42	114	123	Poro
40	123	151	Poro
59	128	145	Poro
44	127	159	Poro
45	115	118	Poro
45	129	147	Poro
90	178	189	Poro
33	93	106	Poro
36	105	133	Poro
20	91	125	Poro
26	97	145	Poro
99	175	182	Poro
65	152	173	Poro
27	117	168	Poro
49	110	132	Poro
26	119	166	Poro
29	105	125	Poro
25	105	130	Poro
86	162	171	Poro
51	114	109	Poro
17	70	103	Poro
40	134	180	Poro
39	113	129	Poro
23	103	136	Poro
28	123	170	Poro
42	106	146	Poro
34	116	142	Poro
56	109	114	Poro
23	93	103	Poro
24	91	123	Poro
29	109	131	Poro
93	161	162	Poro
37	114	147	Poro
72	129	144	Poro
34	110	153	Poro
31	99	121	Poro
24	115	167	Poro
43	109	112	Poro
39	113	138	Poro
35	119	171	Poro
83	163	176	Poro
35	127	177	Poro
41	115	133	Poro
33	88	124	Poro
33	109	147	Poro
37	118	150	Poro
33	122	164	Poro
52	133	143	Poro
34	105	158	Poro
33	129	163	Poro
22	68	106	Poro
34	113	138	Poro
62	140	153	Poro
13	59	114	Poro
69	149	157	Poro
53	139	164	Poro
25	109	144	Poro
26	89	125	Poro
129	184	157	Poro
14	75	89	Poro
60	146	168	Poro
58	145	171	Poro
50	135	153	Poro
42	118	138	Poro
81	143	125	Poro
38	128	133	Poro
51	131	141	Poro
48	125	146	Poro
67	155	182	Poro
40	120	145	Poro
61	138	161	Poro
34	70	72	Poro
38	125	168	Poro
41	116	127	Poro
85	155	164	Poro
37	126	173	Poro
32	105	142	Poro
57	131	139	Poro
33	112	149	Poro
45	124	150	Poro
84	143	143	Poro
36	120	153	Poro
51	124	137	Poro
63	136	144	Poro
27	88	90	Poro
40	118	143	Poro
35	123	163	Poro
45	141	160	Poro
40	130	171	Poro
83	159	169	Poro
25	114	164	Poro
36	113	158	Poro
45	124	139	Poro
41	110	142	Poro
78	159	177	Poro
33	113	155	Poro
63	140	153	Poro
28	101	109	Poro
20	85	99	Poro
31	123	170	Poro
28	117	160	Poro
66	135	149	Poro
65	160	194	Poro
30	98	114	Poro
40	126	171	Poro
38	117	135	Poro
51	130	150	Poro
95	179	183	Poro
71	150	170	Poro
37	121	161	Poro
19	48	56	Poro
28	106	155	Poro
37	115	154	Poro
31	115	139	Poro
25	91	114	Poro
60	156	171	Poro
26	106	135	Poro
26	110	148	Poro
38	107	126	Poro
53	129	146	Poro
59	150	172	Poro
65	142	152	Poro
26	97	109	Poro
75	151	157	Poro
24	89	140	Poro
63	149	175	Poro
67	133	139	Poro
33	85	108	Poro
72	151	162	Poro
29	117	167	Poro
17	76	101	Poro
69	121	134	Poro
33	107	124	Poro
37	113	126	Poro
41	118	154	Poro
16	83	99	Poro
8	68	77	Poro
23	112	168	Poro
27	92	91	Poro
28	100	140	Poro
29	94	139	Poro
54	132	153	Poro
65	145	145	Poro
43	123	139	Poro
9	44	66	Poro
5	56	72	Poro
31	129	177	Poro
48	128	153	Poro
26	109	158	Poro
61	130	123	Poro
33	116	123	Poro
30	102	131	Poro
27	109	131	Poro
28	105	129	Poro
63	155	183	Poro
27	100	112	Poro
36	116	154	Poro
55	146	184	Poro
60	118	122	Poro
32	120	163	Poro
24	82	102	Poro
39	104	115	Poro
33	67	67	Poro
85	124	131	Poro
64	158	187	Poro
84	158	167	Poro
20	102	151	Poro
42	120	142	Poro
37	127	163	Poro
21	96	127	Poro
67	145	154	Poro
40	131	177	Poro
30	103	133	Poro
38	112	123	Poro
73	158	163	Poro
57	144	176	Poro
86	169	183	Poro
58	128	130	Poro
73	145	167	Poro
62	146	161	Poro
34	113	165	Poro
36	121	168	Poro
92	176	185	Poro
81	157	173	Poro
66	157	173	Poro
45	132	150	Poro
62	150	169	Poro
99	146	127	Poro
37	120	162	Poro
35	111	126	Poro
34	90	110	Poro
24	86	89	Poro
66	163	177	Poro
51	138	157	Poro
72	155	171	Poro
37	125	163	Poro
26	106	151	Poro
43	126	171	Poro
44	94	97	Poro
33	87	130	Poro
68	147	162	Poro
51	147	167	Poro
61	140	153	Poro
32	102	109	Poro
45	125	143	Poro
35	119	171	Poro
24	85	105	Poro
7	57	113	Poro
58	140	155	Poro
80	156	169	Poro
43	129	173	Poro
22	72	127	Poro
53	141	167	Poro
36	88	129	Poro
27	118	159	Poro
34	77	81	Poro
33	109	135	Poro
46	129	160	Poro
84	167	176	Poro
24	81	93	Poro
54	136	159	Poro
29	118	171	Poro
21	103	127	Poro
42	114	122	Poro
53	117	117	Poro
41	135	159	Poro
36	121	155	Poro
44	136	165	Poro
45	108	129	Poro
31	125	172	Poro
50	125	132	Poro
38	111	140	Poro
37	123	153	Poro
59	145	176	Poro
39	121	149	Poro
75	141	148	Poro
27	99	112	Poro
37	69	74	Poro
25	94	111	Poro
51	138	164	Poro
58	142	151	Poro
66	149	166	Poro
26	94	120	Poro
26	121	169	Poro
38	110	132	Poro
59	126	147	Poro
49	127	135	Poro
69	128	129	Poro
29	116	166	Poro
31	115	143	Poro
66	138	151	Poro
48	135	169	Poro
61	149	174	Poro
41	123	155	Poro
37	121	158	Poro
37	111	144	Poro
25	112	159	Poro
30	121	181	Poro
22	100	152	Poro
34	131	165	Poro
36	129	177	Poro
31	108	132	Poro
26	107	138	Poro
59	144	165	Poro
70	154	173	Poro
24	81	135	Poro
26	114	158	Poro
51	116	125	Poro
33	113	122	Poro
65	160	197	Poro
38	116	165	Poro
46	131	167	Poro
23	82	116	Poro
71	159	186	Poro
52	118	143	Poro
21	93	122	Poro
49	125	161	Poro
20	73	84	Poro
40	124	153	Poro
35	100	127	Poro
77	166	197	Poro
36	91	111	Poro
43	128	164	Poro
41	115	136	Poro
58	152	179	Poro
56	114	134	Poro
48	133	174	Poro
53	147	175	Poro
37	109	150	Poro
69	146	163	Poro
53	136	151	Poro
44	112	139	Poro
39	130	149	Poro
18	84	112	Poro
29	84	98	Poro
75	150	160	Poro
33	113	146	Poro
59	138	154	Poro
55	136	161	Poro
55	127	149	Poro
38	97	107	Poro
29	102	146	Poro
54	133	146	Poro
57	133	154	Poro
38	121	150	Poro
36	97	126	Poro
49	126	165	Poro
78	151	166	Poro
40	125	157	Poro
41	106	121	Poro
27	76	111	Poro
29	111	130	Poro
42	117	145	Poro
15	98	139	Poro
27	105	133	Poro
33	115	150	Poro
27	105	140	Poro
100	183	193	Poro
47	123	147	Poro
43	119	149	Poro
37	105	136	Poro
39	124	153	Poro
45	124	147	Poro
41	121	163	Poro
30	108	112	Poro
46	140	167	Poro
50	136	163	Poro
40	126	166	Poro
19	48	72	Poro
48	123	159	Poro
32	115	166	Poro
82	167	185	Poro
29	87	91	Poro
37	104	123	Poro
42	123	134	Poro
64	141	149	Poro
32	97	114	Poro
77	159	169	Poro
34	106	153	Poro
33	89	95	Poro
28	85	118	Poro
32	113	128	Poro
22	88	118	Poro
37	100	111	Poro
45	135	166	Poro
48	109	121	Poro
27	83	89	Poro
36	103	135	Poro
40	130	156	Poro
77	137	143	Poro
46	117	143	Poro
53	131	139	Poro
56	147	174	Poro
25	89	85	Poro
79	157	179	Poro
51	141	164	Poro
24	94	105	Poro
42	118	134	Poro
35	105	133	Poro
39	97	106	Poro
26	102	142	Poro
40	119	147	Poro
41	124	152	Poro
30	115	159	Poro
85	170	197	Poro
34	99	131	Poro
66	156	179	Poro
37	101	115	Poro
32	117	140	Poro
1	52	95	Poro
37	115	121	Poro
37	109	142	Poro
69	159	185	Poro
26	82	100	Poro
43	128	152	Poro
30	120	154	Poro
25	114	151	Poro
78	162	176	Poro
39	111	150	Poro
50	109	115	Poro
41	107	131	Poro
49	142	175	Poro
28	93	100	Poro
21	76	103	Poro
39	124	161	Poro
42	129	138	Poro
30	102	119	Poro
31	117	141	Poro
68	130	133	Poro
39	122	141	Poro
50	118	154	Poro
25	77	79	Poro
42	129	164	Poro
24	84	122	Poro
24	86	106	Poro
31	100	119	Poro
26	68	75	Poro
36	129	170	Poro
44	117	142	Poro
18	81	115	Poro
33	101	144	Poro
109	160	141	Poro
85	165	187	Poro
49	124	143	Poro
40	120	157	Poro
31	116	167	Poro
39	113	138	Poro
40	104	127	Poro
30	121	169	Poro
32	80	110	Poro
54	135	165	Poro
64	157	185	Poro
31	86	117	Poro
34	118	153	Poro
37	115	163	Poro
23	82	112	Poro
70	152	176	Poro
28	122	161	Poro
36	101	129	Poro
102	185	186	Poro
37	121	133	Poro
60	147	167	Poro
18	93	112	Poro
37	121	150	Poro
57	123	140	Poro
94	177	195	Poro
32	81	113	Poro
43	120	150	Poro
36	117	149	Poro
35	131	172	Poro
30	109	141	Poro
26	80	122	Poro
35	97	105	Poro
45	127	162	Poro
45	135	150	Poro
45	128	159	Poro
29	124	170	Poro
58	151	177	Poro
38	117	144	Poro
36	109	129	Poro
36	122	161	Poro
26	94	125	Poro
24	94	89	Poro
55	137	154	Poro
43	114	147	Poro
31	122	159	Poro
19	73	99	Poro
45	121	141	Poro
50	136	154	Poro
66	160	185	Poro
31	126	173	Poro
35	114	145	Poro
8	46	81	Poro
24	95	105	Poro
39	128	158	Poro
79	165	195	Poro
70	126	126	Poro
38	102	122	Poro
33	109	141	Poro
30	100	138	Poro
35	125	167	Poro
31	111	122	Poro
27	110	151	Poro
40	129	153	Poro
42	115	149	Poro
41	125	144	Poro
11	73	109	Poro
39	113	147	Poro
121	169	151	Poro
27	114	143	Poro
40	117	158	Poro
49	120	151	Poro
43	105	130	Poro
30	122	170	Poro
67	147	180	Poro
22	80	111	Poro
74	146	150	Poro
24	90	110	Poro
41	116	149	Poro
19	72	92	Poro
37	111	143	Poro
29	77	90	Poro
39	122	139	Poro
33	118	163	Poro
36	124	141	Poro
53	136	160	Poro
54	140	166	Poro
38	99	108	Poro
23	97	135	Poro
31	101	127	Poro
47	126	150	Poro
35	131	181	Poro
27	84	106	Poro
46	115	157	Poro
66	143	166	Poro
90	150	137	Poro
29	102	107	Poro
79	153	174	Poro
43	106	115	Poro
41	123	163	Poro
42	115	116	Poro
33	112	137	Poro
32	104	131	Poro
42	127	147	Poro
28	108	154	Poro
38	112	154	Poro
125	186	175	Poro
25	92	114	Poro
36	106	112	Poro
69	146	167	Poro
60	146	166	Poro
46	124	149	Poro
21	73	81	Poro
34	119	156	Poro
33	127	168	Poro
41	124	161	Poro
26	104	129	Poro
43	127	136	Poro
36	108	146	Poro
36	80	103	Poro
61	141	153	Poro
69	130	146	Poro
22	88	130	Poro
39	98	113	Poro
29	97	124	Poro
23	89	114	Poro
35	131	178	Poro
34	113	130	Poro
32	109	153	Poro
66	159	187	Poro
34	105	123	Poro
31	117	141	Poro
32	119	138	Poro
23	95	140	Poro
53	137	159	Poro
29	121	164	Poro
29	102	119	Poro
31	105	137	Poro
31	119	166	Poro
36	111	140	Poro
18	85	126	Poro
29	101	118	Poro
29	124	162	Poro
72	144	153	Poro
24	82	99	Poro
34	86	97	Poro
33	121	144	Poro
78	163	179	Poro
21	73	107	Poro
39	116	134	Poro
26	84	98	Poro
29	91	112	Poro
32	123	169	Poro
32	127	175	Poro
40	115	121	Poro
38	127	169	Poro
33	109	151	Poro
49	126	149	Poro
27	96	109	Poro
31	120	163	Poro
32	112	132	Poro
73	150	165	Poro
27	71	99	Poro
64	143	151	Poro
28	122	158	Poro
110	163	147	Poro
56	120	133	Poro
11	68	107	Poro
53	142	170	Poro
64	139	155	Poro
33	87	94	Poro
41	111	150	Poro
33	119	167	Poro
36	118	149	Poro
36	117	153	Poro
28	123	172	Poro
28	110	139	Poro
44	121	149	Poro
34	110	142	Poro
28	92	105	Poro
47	117	143	Poro
93	172	183	Poro
84	167	185	Poro
69	153	177	Poro
33	120	143	Poro
45	121	154	Poro
29	98	123	Poro
52	124	150	Poro
34	106	125	Poro
50	125	166	Poro
28	98	120	Poro
71	138	139	Poro
44	130	166	Poro
31	99	121	Poro
38	99	124	Poro
31	119	168	Poro
32	115	151	Poro
32	106	134	Poro
29	114	142	Poro
69	141	148	Poro
25	109	137	Poro
50	129	158	Poro
73	157	181	Poro
34	97	129	Poro
45	137	163	Poro
42	111	141	Poro
26	87	118	Poro
44	124	147	Poro
38	119	151	Poro
34	90	91	Poro
44	120	147	Poro
32	104	125	Poro
35	105	131	Poro
46	134	171	Poro
36	114	153	Poro
43	117	130	Poro
29	118	147	Poro
86	170	196	Poro
31	87	88	Poro
31	116	154	Poro
30	114	132	Poro
31	93	115	Poro
86	150	153	Poro
29	85	104	Poro
22	71	81	Poro
60	142	156	Poro
38	114	150	Poro
30	114	143	Poro
39	129	159	Poro
37	107	127	Poro
27	95	116	Poro
26	110	142	Poro
45	123	148	Poro
37	101	136	Poro
72	163	194	Poro
27	93	130	Poro
31	102	114	Poro
84	168	175	Poro
67	148	161	Poro
65	145	144	Poro
58	127	152	Poro
60	136	147	Poro
49	120	151	Poro
30	101	142	Poro
62	147	171	Poro
44	124	156	Poro
39	102	139	Poro
89	151	159	Poro
24	80	92	Poro
42	113	136	Poro
43	121	139	Poro
41	135	170	Poro
40	125	160	Poro
33	117	160	Poro
52	120	126	Poro
54	134	167	Poro
56	146	165	Poro
81	146	138	Poro
57	133	139	Poro
51	137	171	Poro
43	119	149	Poro
44	133	168	Poro
61	119	117	Poro
11	70	109	Poro
84	165	181	Poro
44	119	122	Poro
28	73	79	Poro
69	158	184	Poro
38	114	120	Poro
26	90	103	Poro
43	96	102	Poro
75	148	156	Poro
47	112	129	Poro
21	89	127	Poro
71	156	184	Poro
33	123	168	Poro
31	95	120	Poro
62	151	173	Poro
76	138	148	Poro
82	167	188	Poro
39	99	108	Poro
37	129	172	Poro
62	144	169	Poro
33	108	126	Poro
31	106	115	Poro
48	126	141	Poro
33	100	113	Poro
16	88	111	Poro
28	115	156	Poro
41	105	134	Poro
30	89	102	Poro
40	119	164	Poro
62	137	170	Poro
61	142	166	Poro
41	100	121	Poro
35	119	139	Poro
34	114	136	Poro
68	145	158	Poro
28	78	86	Poro
27	99	145	Poro
38	119	142	Poro
94	170	172	Poro
66	149	148	Poro
80	161	174	Poro
46	120	147	Poro
39	122	138	Poro
45	131	146	Poro
62	136	132	Poro
37	104	113	Poro
35	113	143	Poro
53	113	115	Poro
32	83	102	Poro
34	97	120	Poro
40	106	108	Poro
16	76	106	Poro
41	115	149	Poro
25	107	151	Poro
41	94	121	Poro
56	136	145	Poro
33	108	138	Poro
50	111	139	Poro
26	78	88	Poro
41	124	130	Poro
32	97	124	Poro
20	60	82	Poro
23	77	101	Poro
24	85	98	Poro
26	93	118	Poro
26	97	96	Poro
35	102	119	Poro
56	135	153	Poro
79	157	173	Poro
28	96	122	Poro
75	148	146	Poro
41	125	163	Poro
46	128	165	Poro
47	138	165	Poro
41	133	154	Poro
47	134	149	Poro
34	110	131	Poro
46	119	148	Poro
38	99	101	Poro
59	139	149	Poro
42	116	130	Poro
38	110	134	Poro
47	142	168	Poro
26	105	115	Poro
36	125	170	Poro
32	91	99	Poro
41	117	151	Poro
53	131	139	Poro
71	133	127	Poro
47	110	141	Poro
83	169	195	Poro
71	132	132	Poro
90	172	191	Poro
74	162	190	Poro
30	123	174	Poro
89	173	191	Poro
36	117	147	Poro
34	95	133	Poro
87	175	184	Poro
31	105	123	Poro
34	106	139	Poro
53	131	143	Poro
32	117	156	Poro
42	114	131	Poro
43	120	131	Poro
38	122	174	Poro
32	110	139	Poro
41	121	155	Poro
45	121	161	Poro
48	125	133	Poro
28	110	157	Poro
99	183	184	Poro
31	117	149	Poro
33	108	150	Poro
27	81	105	Poro
38	116	143	Poro
31	109	145	Poro
52	126	144	Poro
51	138	163	Poro
38	121	144	Poro
43	115	144	Poro
28	67	93	Poro
38	123	161	Poro
108	173	168	Poro
30	100	114	Poro
34	113	145	Poro
42	95	107	Poro
20	78	98	Poro
19	98	133	Poro
61	139	162	Poro
36	93	97	Poro
40	124	149	Poro
47	134	151	Poro
31	100	105	Poro
32	118	152	Poro
105	189	201	Poro
54	133	159	Poro
60	141	162	Poro
97	179	195	Poro
66	155	182	Poro
24	76	109	Poro
28	95	126	Poro
75	157	173	Poro
22	70	87	Poro
52	131	139	Poro
54	106	121	Poro
54	142	166	Poro
21	91	118	Poro
35	115	123	Poro
31	111	164	Poro
48	122	157	Poro
27	113	153	Poro
34	93	122	Poro
57	117	143	Poro
39	111	125	Poro
21	87	93	Poro
43	111	138	Poro
47	123	161	Poro
36	107	130	Poro
36	103	108	Poro
86	174	178	Poro
33	109	145	Poro
75	150	143	Poro
33	105	117	Poro
32	103	113	Poro
26	87	123	Poro
29	109	124	Poro
34	106	107	Poro
71	153	144	Poro
59	116	98	Poro
38	127	154	Poro
50	133	151	Poro
94	160	151	Poro
78	136	124	Poro
38	116	135	Poro
64	126	114	Poro
51	134	153	Poro
29	85	77	Poro
63	145	161	Poro
71	150	150	Poro
23	77	76	Poro
50	130	135	Poro
70	123	107	Poro
70	121	99	Poro
45	104	89	Poro
47	134	153	Poro
59	137	145	Poro
46	119	125	Poro
63	130	121	Poro
62	145	153	Poro
65	143	142	Poro
61	131	125	Poro
55	133	125	Poro
31	104	127	Poro
51	119	120	Poro
54	111	97	Poro
48	122	144	Poro
34	122	147	Poro
64	125	122	Poro
31	114	135	Poro
51	136	139	Poro
61	139	140	Poro
43	102	87	Poro
67	131	116	Poro
112	165	138	Poro
50	117	99	Poro
129	188	159	Poro
52	118	112	Poro
33	89	74	Poro
59	135	130	Poro
55	130	119	Poro
51	118	114	Poro
41	115	127	Poro
37	93	76	Poro
58	135	145	Poro
40	95	85	Poro
81	148	137	Poro
61	130	122	Poro
41	124	134	Poro
47	116	115	Poro
63	129	114	Poro
50	127	139	Poro
64	126	110	Poro
56	118	113	Poro
51	102	87	Poro
67	111	95	Poro
59	107	103	Poro
63	138	137	Poro
57	138	145	Poro
43	120	138	Poro
40	121	139	Poro
90	139	117	Poro
76	146	142	Poro
50	131	137	Poro
51	117	106	Poro
91	163	158	Poro
51	123	131	Poro
55	136	144	Poro
29	107	124	Poro
61	141	150	Poro
40	135	161	Poro
74	150	152	Poro
64	129	132	Poro
20	60	58	Poro
59	134	138	Poro
25	69	53	Poro
42	135	158	Poro
30	82	70	Poro
50	126	139	Poro
60	144	142	Poro
48	126	149	Poro
37	105	104	Poro
61	136	135	Poro
43	96	81	Poro
38	111	135	Poro
54	138	147	Poro
39	93	75	Poro
28	78	60	Poro
48	139	153	Poro
23	68	62	Poro
46	114	108	Poro
48	115	98	Poro
42	138	163	Poro
69	150	145	Poro
40	123	134	Poro
50	116	107	Poro
76	132	125	Poro
48	121	124	Poro
21	94	105	Poro
48	130	139	Poro
49	118	114	Poro
71	133	118	Poro
34	91	80	Poro
57	113	105	Poro
43	108	99	Poro
76	151	144	Poro
36	113	134	Poro
71	122	101	Poro
66	149	155	Poro
73	140	136	Poro
43	121	121	Poro
21	66	88	Poro
47	125	159	Poro
26	115	163	Poro
26	118	159	Poro
73	159	179	Poro
29	113	132	Poro
54	140	158	Poro
49	125	153	Poro
23	68	92	Poro
26	116	164	Poro
30	116	149	Poro
33	120	153	Poro
26	90	134	Poro
18	81	105	Poro
66	147	158	Poro
28	97	126	Poro
32	120	164	Poro
29	103	136	Poro
23	92	110	Poro
35	112	141	Poro
17	57	74	Poro
49	121	131	Poro
39	124	152	Poro
46	132	159	Poro
34	101	115	Poro
36	120	140	Poro
24	112	164	Poro
33	115	136	Poro
59	130	142	Poro
40	123	152	Poro
31	103	120	Poro
40	131	163	Poro
30	116	141	Poro
31	118	146	Poro
56	119	130	Poro
28	118	163	Poro
28	116	139	Poro
61	138	153	Poro
49	130	157	Poro
34	112	123	Poro
64	134	152	Poro
42	111	140	Poro
72	139	155	Poro
65	144	167	Poro
45	119	143	Poro
39	75	84	Poro
53	135	162	Poro
60	144	163	Poro
25	83	117	Poro
58	133	158	Poro
32	115	137	Poro
73	146	160	Poro
69	158	182	Poro
30	119	161	Poro
41	128	159	Poro
33	105	153	Poro
28	118	168	Poro
27	83	112	Poro
25	83	113	Poro
38	123	151	Poro
33	122	155	Poro
45	116	150	Poro
22	75	107	Poro
42	122	167	Poro
26	100	135	Poro
43	118	143	Poro
37	80	101	Poro
51	126	148	Poro
37	103	150	Poro
24	78	108	Poro
52	134	161	Poro
26	68	87	Poro
71	157	172	Poro
39	79	86	Poro
54	129	169	Poro
46	118	138	Poro
14	49	58	Poro
51	140	165	Poro
40	119	136	Poro
56	137	151	Poro
56	139	164	Poro
29	121	159	Poro
29	103	134	Poro
29	103	128	Poro
54	144	168	Poro
66	156	176	Poro
28	99	122	Poro
30	114	159	Poro
52	143	174	Poro
11	50	72	Poro
66	142	151	Poro
32	103	135	Poro
54	129	134	Poro
28	85	110	Poro
39	127	156	Poro
56	138	155	Poro
42	124	145	Poro
28	113	162	Poro
54	113	124	Poro
46	115	129	Poro
28	98	128	Poro
27	116	153	Poro
39	93	124	Poro
31	119	147	Poro
28	106	145	Poro
51	92	100	Poro
51	133	161	Poro
48	115	145	Poro
56	148	183	Poro
44	118	139	Poro
69	158	172	Poro
32	99	110	Poro
30	78	103	Poro
43	131	159	Poro
28	118	157	Poro
51	125	142	Poro
30	109	145	Poro
31	120	160	Poro
51	127	161	Poro
42	102	135	Poro
30	121	156	Poro
58	149	175	Poro
55	144	169	Poro
39	108	135	Poro
56	142	172	Poro
26	111	142	Poro
56	142	171	Poro
49	124	133	Poro
65	145	175	Poro
40	114	139	Poro
23	112	162	Poro
52	134	159	Poro
41	127	154	Poro
24	97	122	Poro
45	113	133	Poro
10	66	100	Poro
46	138	166	Poro
27	105	151	Poro
40	104	122	Poro
48	135	160	Poro
45	132	150	Poro
30	111	154	Poro
39	99	117	Poro
24	107	128	Poro
13	70	93	Poro
26	83	111	Poro
32	94	115	Poro
35	108	129	Poro
33	119	163	Poro
27	76	102	Poro
54	132	171	Poro
66	143	156	Poro
59	146	173	Poro
45	127	152	Poro
69	156	171	Poro
24	85	118	Poro
25	92	129	Poro
42	105	132	Poro
29	109	156	Poro
68	157	179	Poro
67	129	145	Poro
28	78	119	Poro
34	107	122	Poro
41	114	133	Poro
39	108	122	Poro
36	122	153	Poro
23	74	106	Poro
29	117	165	Poro
21	69	95	Poro
27	117	165	Poro
47	129	155	Poro
52	137	165	Poro
37	123	149	Poro
31	109	133	Poro
34	100	130	Poro
44	127	148	Poro
44	135	161	Poro
29	94	114	Poro
41	116	141	Poro
28	118	161	Poro
27	117	155	Poro
49	102	106	Poro
23	72	98	Poro
39	109	126	Poro
52	124	153	Poro
46	130	154	Poro
95	161	171	Poro
39	128	163	Poro
27	83	110	Poro
38	108	128	Poro
38	101	136	Poro
50	138	162	Poro
22	69	92	Poro
41	129	158	Poro
30	108	132	Poro
27	115	145	Poro
31	121	167	Poro
29	115	164	Poro
42	120	149	Poro
67	151	177	Poro
36	115	134	Poro
32	121	152	Poro
28	99	121	Poro
43	121	151	Poro
28	65	62	Poro
19	89	100	Poro
35	101	114	Poro
24	64	71	Poro
44	119	133	Poro
69	128	136	Poro
108	161	145	Poro
38	119	148	Poro
61	141	140	Poro
26	99	142	Poro
20	82	121	Poro
34	113	129	Poro
21	102	120	Poro
22	99	114	Poro
39	126	141	Poro
40	98	97	Poro
26	103	143	Poro
34	106	121	Poro
96	152	148	Poro
42	105	110	Poro
38	102	135	Poro
62	154	158	Poro
29	70	71	Poro
29	72	72	Poro
34	115	151	Poro
24	57	60	Poro
26	68	75	Poro
28	104	117	Poro
33	97	107	Poro
13	50	57	Poro
27	65	66	Poro
41	122	137	Poro
55	130	121	Poro
29	72	78	Poro
28	107	133	Poro
18	57	61	Poro
20	92	131	Poro
19	79	98	Poro
30	72	73	Poro
18	85	118	Poro
29	74	68	Poro
26	65	61	Poro
20	85	119	Poro
27	68	67	Poro
26	64	68	Poro
33	91	115	Poro
21	54	60	Poro
31	83	84	Poro
57	148	157	Poro
29	91	117	Poro
44	121	132	Poro
33	108	127	Poro
25	68	66	Poro
42	121	141	Poro
27	62	61	Poro
37	131	152	Poro
49	139	155	Poro
42	132	155	Poro
34	113	134	Poro
49	141	155	Poro
24	70	75	Poro
58	139	138	Poro
27	82	89	Poro
33	89	95	Poro
18	53	58	Poro
31	110	129	Poro
43	113	122	Poro
34	123	146	Poro
27	99	138	Poro
33	121	146	Poro
15	50	57	Poro
37	131	156	Poro
38	89	83	Poro
39	120	137	Poro
90	149	132	Poro
28	73	67	Poro
31	122	149	Poro
61	146	151	Poro
57	116	114	Poro
70	131	119	Poro
31	79	76	Poro
23	57	61	Poro
25	60	63	Poro
32	112	147	Poro
51	143	155	Poro
19	93	113	Poro
30	73	77	Poro
14	48	58	Poro
15	51	60	Poro
17	54	59	Poro
23	98	130	Poro
29	102	136	Poro
67	127	126	Poro
114	156	132	Solido
161	227	224	Solido
119	164	141	Solido
135	179	148	Solido
165	224	210	Solido
27	52	57	Solido
105	149	133	Solido
18	24	42	Solido
128	173	155	Solido
47	86	77	Solido
19	33	29	Solido
132	187	174	Solido
171	236	232	Solido
155	211	191	Solido
19	35	33	Solido
16	32	20	Solido
132	187	175	Solido
14	37	33	Solido
139	204	205	Solido
127	181	178	Solido
151	215	208	Solido
25	51	43	Solido
14	36	33	Solido
37	75	63	Solido
143	200	189	Solido
44	72	46	Solido
107	142	95	Solido
40	74	63	Solido
122	176	163	Solido
75	110	98	Solido
153	215	199	Solido
97	129	129	Solido
35	44	36	Solido
161	223	215	Solido
20	42	44	Solido
37	59	49	Solido
29	56	42	Solido
122	163	138	Solido
159	228	225	Solido
28	49	38	Solido
33	43	36	Solido
133	187	160	Solido
39	65	50	Solido
158	220	215	Solido
23	46	47	Solido
46	74	69	Solido
147	210	197	Solido
18	33	25	Solido
135	195	168	Solido
148	206	199	Solido
19	29	30	Solido
30	51	49	Solido
27	48	38	Solido
54	84	84	Solido
12	28	31	Solido
147	205	180	Solido
149	212	211	Solido
169	220	183	Solido
46	75	53	Solido
139	190	161	Solido
19	35	28	Solido
25	42	42	Solido
85	129	129	Solido
18	28	31	Solido
125	168	144	Solido
46	83	61	Solido
58	82	73	Solido
143	203	192	Solido
115	157	118	Solido
163	221	222	Solido
39	51	45	Solido
145	204	198	Solido
139	196	186	Solido
125	182	165	Solido
24	41	33	Solido
17	20	47	Solido
104	150	126	Solido
132	183	169	Solido
112	162	156	Solido
49	92	108	Solido
133	192	185	Solido
109	162	144	Solido
78	101	97	Solido
134	197	183	Solido
134	195	194	Solido
79	117	110	Solido
26	46	41	Solido
138	192	177	Solido
69	106	49	Solido
23	51	39	Solido
96	130	111	Solido
31	58	56	Solido
37	52	57	Solido
21	38	34	Solido
108	152	136	Solido
155	212	194	Solido
38	80	79	Solido
116	155	127	Solido
31	73	70	Solido
119	171	155	Solido
157	223	214	Solido
34	62	56	Solido
135	194	175	Solido
137	206	205	Solido
19	34	27	Solido
51	63	49	Solido
120	171	135	Solido
43	66	68	Solido
9	26	26	Solido
34	64	57	Solido
76	107	93	Solido
131	183	160	Solido
105	157	139	Solido
26	39	37	Solido
143	202	192	Solido
68	84	69	Solido
135	191	175	Solido
91	148	136	Solido
156	215	209	Solido
33	65	66	Solido
57	79	73	Solido
153	210	192	Solido
159	222	223	Solido
166	223	200	Solido
169	236	232	Solido
155	206	179	Solido
165	232	230	Solido
67	100	98	Solido
11	35	41	Solido
107	150	117	Solido
158	220	217	Solido
158	220	215	Solido
147	202	176	Solido
84	113	121	Solido
23	39	34	Solido
127	185	191	Solido
138	193	163	Solido
158	220	210	Solido
29	61	53	Solido
169	235	232	Solido
20	37	34	Solido
12	24	27	Solido
132	189	187	Solido
27	49	44	Solido
36	65	57	Solido
84	115	87	Solido
154	214	209	Solido
45	72	75	Solido
50	81	62	Solido
125	182	173	Solido
105	153	152	Solido
30	49	34	Solido
34	75	70	Solido
107	159	146	Solido
22	38	34	Solido
147	205	206	Solido
129	185	167	Solido
120	163	155	Solido
20	41	32	Solido
32	62	53	Solido
48	66	88	Solido
46	70	68	Solido
125	181	158	Solido
13	24	27	Solido
157	219	216	Solido
27	47	41	Solido
157	214	216	Solido
105	179	160	Solido
87	123	122	Solido
74	102	111	Solido
125	170	149	Solido
40	77	63	Solido
15	29	27	Solido
124	180	183	Solido
137	183	185	Solido
48	74	66	Solido
56	97	88	Solido
34	65	57	Solido
158	224	216	Solido
157	215	214	Solido
33	44	50	Solido
126	180	179	Solido
144	198	187	Solido
123	169	170	Solido
99	138	109	Solido
24	46	37	Solido
92	131	104	Solido
165	225	222	Solido
158	222	214	Solido
128	180	155	Solido
141	198	181	Solido
26	35	62	Solido
32	53	48	Solido
35	67	56	Solido
153	213	204	Solido
25	47	43	Solido
125	179	172	Solido
22	53	64	Solido
21	42	36	Solido
46	77	83	Solido
129	191	181	Solido
98	137	140	Solido
16	47	56	Solido
89	117	95	Solido
165	232	228	Solido
27	38	46	Solido
157	219	216	Solido
41	49	48	Solido
62	93	81	Solido
78	117	109	Solido
105	150	137	Solido
43	69	70	Solido
52	86	72	Solido
133	185	157	Solido
11	19	21	Solido
163	224	222	Solido
151	211	200	Solido
140	186	165	Solido
31	57	47	Solido
159	220	224	Solido
137	196	193	Solido
18	29	31	Solido
12	32	29	Solido
161	224	217	Solido
1	20	35	Solido
21	41	39	Solido
137	195	194	Solido
158	222	214	Solido
16	26	23	Solido
135	194	184	Solido
128	170	154	Solido
26	60	58	Solido
161	225	223	Solido
156	213	197	Solido
45	68	57	Solido
18	40	47	Solido
130	190	143	Solido
144	199	185	Solido
140	193	180	Solido
143	197	191	Solido
146	209	197	Solido
65	83	48	Solido
128	189	177	Solido
143	198	191	Solido
14	31	25	Solido
138	182	145	Solido
18	32	27	Solido
149	209	204	Solido
21	40	36	Solido
36	64	49	Solido
116	180	173	Solido
59	93	99	Solido
124	178	150	Solido
23	49	46	Solido
29	57	45	Solido
109	157	131	Solido
43	80	73	Solido
32	63	56	Solido
18	36	35	Solido
151	190	154	Solido
31	58	38	Solido
148	206	207	Solido
19	41	36	Solido
12	24	43	Solido
24	35	31	Solido
107	141	97	Solido
19	43	41	Solido
23	40	38	Solido
108	168	162	Solido
126	167	162	Solido
32	64	54	Solido
99	132	109	Solido
149	207	203	Solido
92	130	112	Solido
19	37	27	Solido
17	26	39	Solido
19	41	39	Solido
14	23	38	Solido
19	45	46	Solido
14	39	37	Solido
157	223	217	Solido
163	225	220	Solido
164	232	225	Solido
26	42	32	Solido
109	162	151	Solido
157	217	209	Solido
159	227	222	Solido
31	54	25	Solido
158	224	204	Solido
41	71	58	Solido
140	197	189	Solido
30	62	60	Solido
72	102	98	Solido
16	34	29	Solido
33	47	57	Solido
30	43	38	Solido
83	120	94	Solido
165	231	230	Solido
122	175	176	Solido
151	212	192	Solido
149	212	189	Solido
158	224	215	Solido
141	191	147	Solido
143	210	204	Solido
47	76	58	Solido
69	101	83	Solido
16	35	37	Solido
21	44	45	Solido
164	232	228	Solido
157	220	224	Solido
168	236	226	Solido
14	31	28	Solido
99	138	113	Solido
66	86	54	Solido
32	67	64	Solido
155	219	211	Solido
28	58	50	Solido
133	194	177	Solido
52	86	64	Solido
72	97	85	Solido
153	213	210	Solido
150	210	199	Solido
125	186	153	Solido
11	26	26	Solido
165	232	228	Solido
143	201	195	Solido
38	63	57	Solido
13	36	34	Solido
166	231	228	Solido
69	100	101	Solido
26	57	57	Solido
54	85	79	Solido
141	198	189	Solido
14	20	25	Solido
15	31	31	Solido
27	56	47	Solido
12	30	32	Solido
124	174	143	Solido
35	101	115	Solido
129	189	161	Solido
138	189	167	Solido
167	230	232	Solido
29	51	45	Solido
67	101	89	Solido
73	102	87	Solido
146	200	187	Solido
24	51	46	Solido
24	51	34	Solido
35	66	58	Solido
54	84	72	Solido
103	137	107	Solido
154	215	202	Solido
105	157	146	Solido
21	45	36	Solido
31	58	54	Solido
20	35	30	Solido
102	144	124	Solido
16	32	28	Solido
113	150	117	Solido
157	222	220	Solido
18	34	31	Solido
141	191	180	Solido
159	223	221	Solido
127	178	158	Solido
18	35	25	Solido
122	172	157	Solido
143	198	175	Solido
34	66	74	Solido
29	52	41	Solido
22	29	59	Solido
27	50	52	Solido
72	110	120	Solido
126	172	151	Solido
23	36	40	Solido
133	179	138	Solido
71	96	90	Solido
148	208	202	Solido
56	79	75	Solido
148	209	201	Solido
25	38	44	Solido
137	187	162	Solido
131	193	181	Solido
34	52	71	Solido
16	27	31	Solido
74	103	94	Solido
151	208	200	Solido
21	32	31	Solido
24	49	42	Solido
109	145	142	Solido
19	35	29	Solido
102	148	117	Solido
33	50	63	Solido
162	218	207	Solido
14	27	56	Solido
151	210	206	Solido
145	191	171	Solido
66	129	120	Solido
44	74	52	Solido
161	225	220	Solido
28	59	42	Solido
14	34	36	Solido
38	70	63	Solido
148	212	199	Solido
48	75	55	Solido
32	55	57	Solido
90	112	86	Solido
161	222	210	Solido
99	141	125	Solido
113	158	155	Solido
50	71	76	Solido
111	149	141	Solido
164	230	226	Solido
35	61	44	Solido
70	91	80	Solido
135	187	184	Solido
14	44	33	Solido
57	75	57	Solido
37	68	65	Solido
154	214	183	Solido
124	172	147	Solido
161	227	220	Solido
142	204	201	Solido
125	183	169	Solido
48	80	68	Solido
112	161	140	Solido
17	28	25	Solido
17	29	24	Solido
33	50	45	Solido
26	49	41	Solido
61	88	78	Solido
151	217	212	Solido
110	167	136	Solido
31	58	50	Solido
10	28	32	Solido
143	185	169	Solido
145	204	203	Solido
26	51	43	Solido
19	27	49	Solido
15	31	30	Solido
159	218	179	Solido
53	75	73	Solido
9	19	41	Solido
132	187	179	Solido
161	220	206	Solido
165	228	220	Solido
13	29	28	Solido
49	82	87	Solido
21	28	51	Solido
21	43	36	Solido
114	153	136	Solido
20	30	41	Solido
20	30	36	Solido
122	170	149	Solido
26	57	53	Solido
146	213	209	Solido
149	213	205	Solido
36	68	52	Solido
104	154	158	Solido
22	32	33	Solido
17	29	37	Solido
26	65	56	Solido
60	93	78	Solido
125	179	156	Solido
149	208	203	Solido
38	61	55	Solido
33	50	37	Solido
23	44	39	Solido
19	32	28	Solido
37	58	40	Solido
85	123	112	Solido
116	162	157	Solido
115	157	151	Solido
122	165	140	Solido
166	231	227	Solido
12	32	30	Solido
23	48	36	Solido
163	227	219	Solido
109	153	111	Solido
165	229	227	Solido
129	178	153	Solido
24	43	56	Solido
31	48	40	Solido
24	38	38	Solido
91	130	105	Solido
107	154	119	Solido
115	173	175	Solido
146	211	197	Solido
57	77	67	Solido
26	34	27	Solido
56	83	70	Solido
30	43	37	Solido
31	51	45	Solido
57	75	48	Solido
36	72	69	Solido
29	55	52	Solido
47	67	62	Solido
18	38	29	Solido
151	215	212	Solido
131	183	140	Solido
33	62	61	Solido
20	45	47	Solido
101	139	110	Solido
28	57	53	Solido
128	185	178	Solido
91	131	124	Solido
100	142	159	Solido
27	53	49	Solido
21	32	27	Solido
15	37	38	Solido
22	36	38	Solido
143	202	186	Solido
145	202	193	Solido
148	209	197	Solido
117	169	131	Solido
15	31	23	Solido
98	149	136	Solido
19	38	30	Solido
107	167	132	Solido
28	48	39	Solido
155	208	187	Solido
101	143	125	Solido
159	222	209	Solido
163	230	222	Solido
69	106	116	Solido
23	46	45	Solido
18	33	28	Solido
96	132	131	Solido
22	38	30	Solido
84	152	159	Solido
143	201	174	Solido
146	205	195	Solido
162	224	219	Solido
116	162	161	Solido
33	65	59	Solido
61	91	73	Solido
42	73	60	Solido
13	27	30	Solido
149	208	207	Solido
16	24	34	Solido
13	27	25	Solido
97	125	102	Solido
58	97	89	Solido
26	59	45	Solido
127	177	165	Solido
164	228	222	Solido
133	183	159	Solido
18	34	30	Solido
19	33	47	Solido
102	152	132	Solido
163	224	225	Solido
157	223	216	Solido
155	221	212	Solido
133	192	177	Solido
169	232	232	Solido
29	59	49	Solido
10	33	29	Solido
167	232	224	Solido
19	47	46	Solido
171	236	235	Solido
24	61	62	Solido
145	205	190	Solido
130	175	147	Solido
18	32	29	Solido
20	41	33	Solido
36	64	52	Solido
15	32	20	Solido
163	229	221	Solido
164	223	209	Solido
163	229	221	Solido
161	227	220	Solido
157	221	214	Solido
38	82	63	Solido
11	27	24	Solido
21	41	39	Solido
56	78	49	Solido
109	154	120	Solido
147	208	168	Solido
49	81	69	Solido
33	52	48	Solido
49	100	89	Solido
21	35	35	Solido
114	166	148	Solido
146	200	194	Solido
116	160	139	Solido
28	57	53	Solido
141	198	203	Solido
132	196	194	Solido
95	146	118	Solido
29	59	38	Solido
139	197	159	Solido
135	194	189	Solido
135	196	179	Solido
48	73	62	Solido
129	186	147	Solido
19	39	38	Solido
52	80	53	Solido
162	217	194	Solido
64	99	85	Solido
23	30	47	Solido
57	73	98	Solido
10	26	30	Solido
142	197	201	Solido
47	74	59	Solido
131	184	165	Solido
41	66	62	Solido
72	105	87	Solido
16	37	28	Solido
135	194	174	Solido
155	214	204	Solido
20	38	55	Solido
29	64	49	Solido
137	196	192	Solido
18	33	29	Solido
16	30	31	Solido
8	32	32	Solido
37	77	72	Solido
141	206	208	Solido
145	198	169	Solido
159	215	205	Solido
125	185	181	Solido
106	146	131	Solido
71	102	81	Solido
152	212	212	Solido
156	217	220	Solido
15	35	23	Solido
25	43	36	Solido
123	172	155	Solido
43	77	64	Solido
119	154	146	Solido
137	192	163	Solido
86	123	97	Solido
22	35	30	Solido
163	227	225	Solido
145	202	191	Solido
148	211	208	Solido
137	182	133	Solido
147	209	201	Solido
130	184	177	Solido
158	213	178	Solido
153	211	204	Solido
68	102	96	Solido
151	208	202	Solido
18	33	28	Solido
101	143	156	Solido
15	34	36	Solido
143	202	194	Solido
126	179	181	Solido
155	214	209	Solido
36	57	54	Solido
35	64	42	Solido
56	90	82	Solido
127	180	147	Solido
101	139	124	Solido
16	27	30	Solido
131	185	165	Solido
11	19	25	Solido
148	206	203	Solido
30	55	48	Solido
34	65	61	Solido
161	223	222	Solido
19	43	37	Solido
26	38	60	Solido
127	176	139	Solido
25	43	37	Solido
88	134	123	Solido
136	192	175	Solido
27	51	50	Solido
166	229	228	Solido
132	183	149	Solido
99	137	112	Solido
162	219	209	Solido
122	179	175	Solido
76	114	102	Solido
16	42	36	Solido
17	26	46	Solido
30	55	55	Solido
139	197	167	Solido
152	210	199	Solido
33	64	58	Solido
96	155	146	Solido
148	203	191	Solido
91	129	121	Solido
161	228	225	Solido
148	212	209	Solido
158	217	212	Solido
58	93	69	Solido
21	36	38	Solido
160	226	219	Solido
22	29	29	Solido
157	217	220	Solido
22	46	44	Solido
90	126	106	Solido
42	64	43	Solido
21	37	33	Solido
24	37	41	Solido
139	194	158	Solido
17	40	43	Solido
151	213	199	Solido
1	39	36	Solido
145	191	159	Solido
10	33	39	Solido
124	175	130	Solido
146	204	195	Solido
143	197	169	Solido
86	119	95	Solido
113	169	157	Solido
15	33	29	Solido
158	219	212	Solido
149	208	183	Solido
102	140	112	Solido
109	151	109	Solido
102	147	149	Solido
17	41	36	Solido
110	179	173	Solido
64	102	70	Solido
120	164	127	Solido
28	53	49	Solido
75	102	83	Solido
33	58	42	Solido
149	208	208	Solido
9	42	64	Solido
149	206	213	Solido
21	33	59	Solido
22	43	41	Solido
43	58	65	Solido
149	199	161	Solido
110	162	154	Solido
95	135	116	Solido
154	209	203	Solido
144	204	200	Solido
13	28	20	Solido
14	28	32	Solido
92	129	107	Solido
103	143	114	Solido
16	36	26	Solido
151	210	205	Solido
20	37	33	Solido
96	139	106	Solido
54	89	76	Solido
55	81	76	Solido
52	117	111	Solido
107	146	111	Solido
116	159	133	Solido
112	152	142	Solido
19	42	36	Solido
96	133	111	Solido
43	68	57	Solido
20	44	48	Solido
126	175	153	Solido
69	101	114	Solido
121	178	155	Solido
33	56	44	Solido
30	55	48	Solido
13	32	35	Solido
24	52	49	Solido
136	181	161	Solido
155	209	189	Solido
42	69	56	Solido
159	226	226	Solido
15	40	43	Solido
18	30	29	Solido
118	165	142	Solido
114	161	156	Solido
9	19	32	Solido
153	214	214	Solido
139	202	170	Solido
75	104	100	Solido
61	101	82	Solido
148	207	199	Solido
47	68	77	Solido
46	87	77	Solido
140	204	203	Solido
22	46	45	Solido
17	32	24	Solido
47	83	89	Solido
50	82	75	Solido
162	225	218	Solido
114	162	118	Solido
162	222	223	Solido
102	143	117	Solido
40	56	65	Solido
35	62	56	Solido
81	121	104	Solido
153	210	198	Solido
166	223	224	Solido
138	185	187	Solido
147	216	208	Solido
142	206	203	Solido
77	113	95	Solido
44	79	68	Solido
149	209	195	Solido
171	235	232	Solido
41	52	51	Solido
15	31	29	Solido
13	33	33	Solido
14	30	35	Solido
149	211	205	Solido
135	189	178	Solido
26	45	37	Solido
166	229	223	Solido
162	222	220	Solido
71	97	85	Solido
161	226	225	Solido
138	195	180	Solido
153	216	203	Solido
133	197	179	Solido
70	102	77	Solido
104	153	142	Solido
22	36	29	Solido
25	41	45	Solido
126	171	141	Solido
20	36	33	Solido
127	176	155	Solido
143	206	205	Solido
15	39	38	Solido
60	94	87	Solido
164	225	224	Solido
15	37	43	Solido
43	69	59	Solido
36	66	53	Solido
158	222	209	Solido
44	77	68	Solido
38	72	53	Solido
144	198	175	Solido
68	104	90	Solido
13	24	27	Solido
25	53	55	Solido
40	53	63	Solido
15	23	32	Solido
33	60	49	Solido
1	19	18	Solido
167	235	233	Solido
149	208	202	Solido
41	66	68	Solido
54	77	76	Solido
66	98	99	Solido
142	207	197	Solido
38	70	43	Solido
118	181	166	Solido
52	82	66	Solido
36	64	61	Solido
60	101	89	Solido
25	41	44	Solido
50	73	79	Solido
20	44	40	Solido
150	209	205	Solido
71	142	133	Solido
110	152	131	Solido
29	67	55	Solido
112	160	136	Solido
16	31	26	Solido
164	226	225	Solido
16	30	27	Solido
97	133	87	Solido
119	171	155	Solido
28	51	52	Solido
29	49	35	Solido
71	116	104	Solido
90	151	124	Solido
31	47	43	Solido
19	39	38	Solido
26	48	40	Solido
93	134	126	Solido
31	61	49	Solido
164	227	218	Solido
83	117	85	Solido
145	202	198	Solido
169	235	230	Solido
40	74	59	Solido
142	197	185	Solido
40	64	52	Solido
138	194	189	Solido
137	186	170	Solido
154	215	208	Solido
41	81	77	Solido
154	220	212	Solido
20	35	35	Solido
141	192	156	Solido
14	27	27	Solido
133	180	180	Solido
137	195	179	Solido
38	67	64	Solido
52	74	70	Solido
119	172	147	Solido
14	36	21	Solido
142	201	196	Solido
37	71	63	Solido
154	206	205	Solido
21	29	54	Solido
146	208	211	Solido
163	229	225	Solido
55	82	78	Solido
163	225	225	Solido
113	163	138	Solido
148	213	200	Solido
142	201	188	Solido
135	195	183	Solido
25	55	53	Solido
41	77	52	Solido
11	24	26	Solido
26	54	57	Solido
95	143	137	Solido
24	48	41	Solido
132	191	183	Solido
69	97	87	Solido
152	210	203	Solido
33	61	55	Solido
31	51	38	Solido
157	219	214	Solido
127	183	179	Solido
15	26	27	Solido
119	176	167	Solido
35	69	60	Solido
145	202	193	Solido
82	109	82	Solido
17	32	23	Solido
134	190	183	Solido
29	58	57	Solido
169	233	230	Solido
36	69	57	Solido
94	124	110	Solido
37	50	54	Solido
59	84	71	Solido
126	176	154	Solido
21	48	50	Solido
22	41	41	Solido
27	60	58	Solido
23	35	30	Solido
22	48	36	Solido
147	205	197	Solido
159	223	216	Solido
142	194	188	Solido
154	214	210	Solido
158	218	214	Solido
117	165	156	Solido
153	213	204	Solido
94	119	87	Solido
40	57	50	Solido
76	134	133	Solido
17	31	35	Solido
158	222	216	Solido
25	46	45	Solido
111	157	133	Solido
159	216	201	Solido
140	195	193	Solido
34	66	59	Solido
26	40	31	Solido
136	191	162	Solido
158	222	218	Solido
141	197	189	Solido
24	54	56	Solido
89	128	112	Solido
148	214	196	Solido
46	83	67	Solido
122	170	125	Solido
121	164	143	Solido
38	49	74	Solido
121	162	133	Solido
139	200	194	Solido
31	48	42	Solido
39	71	46	Solido
19	46	37	Solido
15	28	34	Solido
115	169	159	Solido
11	27	33	Solido
21	47	41	Solido
26	41	42	Solido
149	209	203	Solido
95	135	107	Solido
19	42	37	Solido
125	176	141	Solido
144	208	202	Solido
158	218	201	Solido
39	63	49	Solido
141	202	179	Solido
138	205	199	Solido
45	66	52	Solido
38	52	56	Solido
50	82	86	Solido
111	156	115	Solido
97	136	101	Solido
125	179	145	Solido
158	219	212	Solido
66	97	84	Solido
84	122	121	Solido
145	199	182	Solido
29	60	51	Solido
76	103	93	Solido
120	169	144	Solido
73	108	118	Solido
49	68	78	Solido
14	44	45	Solido
20	41	35	Solido
19	43	38	Solido
148	220	189	Solido
165	232	225	Solido
49	87	77	Solido
63	93	91	Solido
113	173	179	Solido
112	158	138	Solido
73	105	88	Solido
1	29	52	Solido
55	108	81	Solido
64	84	72	Solido
37	69	55	Solido
132	192	179	Solido
37	47	35	Solido
50	75	55	Solido
150	208	205	Solido
133	190	183	Solido
30	50	42	Solido
135	194	190	Solido
154	218	218	Solido
23	32	36	Solido
25	52	50	Solido
43	66	71	Solido
27	56	50	Solido
59	91	87	Solido
23	50	51	Solido
157	224	215	Solido
23	36	38	Solido
149	211	196	Solido
22	44	36	Solido
129	181	157	Solido
80	112	101	Solido
27	58	51	Solido
149	207	200	Solido
143	200	188	Solido
131	197	189	Solido
135	193	157	Solido
157	221	218	Solido
27	50	47	Solido
139	198	187	Solido
155	210	196	Solido
128	189	181	Solido
38	57	68	Solido
143	198	192	Solido
14	25	22	Solido
134	183	139	Solido
25	39	35	Solido
143	201	202	Solido
43	80	70	Solido
154	211	201	Solido
134	194	179	Solido
122	171	151	Solido
130	179	160	Solido
113	152	136	Solido
140	187	136	Solido
29	53	46	Solido
153	211	204	Solido
106	149	143	Solido
18	32	29	Solido
35	80	59	Solido
15	27	26	Solido
15	27	29	Solido
29	47	38	Solido
116	154	133	Solido
107	149	130	Solido
147	204	199	Solido
40	58	70	Solido
149	212	203	Solido
21	49	35	Solido
34	64	56	Solido
29	49	37	Solido
161	220	212	Solido
31	64	59	Solido
19	43	43	Solido
146	205	197	Solido
154	212	186	Solido
40	73	62	Solido
144	201	199	Solido
36	64	53	Solido
41	80	75	Solido
158	213	202	Solido
102	139	125	Solido
148	211	206	Solido
122	170	157	Solido
141	190	145	Solido
167	231	230	Solido
26	55	40	Solido
96	131	116	Solido
20	40	43	Solido
90	127	105	Solido
19	42	37	Solido
82	122	108	Solido
25	61	61	Solido
161	216	163	Solido
139	198	190	Solido
34	46	46	Solido
159	221	218	Solido
6	24	28	Solido
40	56	54	Solido
154	212	205	Solido
159	225	217	Solido
72	108	106	Solido
143	201	178	Solido
143	191	153	Solido
133	190	182	Solido
84	158	158	Solido
32	64	65	Solido
13	29	26	Solido
19	41	33	Solido
55	75	65	Solido
138	191	186	Solido
29	55	51	Solido
23	51	44	Solido
139	201	185	Solido
15	37	36	Solido
25	50	26	Solido
159	223	209	Solido
15	24	38	Solido
108	146	119	Solido
141	202	192	Solido
59	91	75	Solido
146	207	191	Solido
147	210	199	Solido
11	23	20	Solido
155	219	211	Solido
18	38	34	Solido
168	230	223	Solido
163	228	222	Solido
31	74	66	Solido
52	105	82	Solido
63	87	95	Solido
57	77	79	Solido
119	170	138	Solido
13	24	24	Solido
23	37	33	Solido
156	213	203	Solido
167	234	229	Solido
38	65	61	Solido
14	37	33	Solido
152	209	205	Solido
45	70	67	Solido
87	126	81	Solido
157	221	200	Solido
132	171	139	Solido
41	65	57	Solido
77	135	126	Solido
153	211	206	Solido
61	87	69	Solido
153	212	208	Solido
11	27	26	Solido
104	157	144	Solido
129	175	165	Solido
146	203	195	Solido
23	48	38	Solido
33	51	38	Solido
162	229	223	Solido
157	222	217	Solido
52	70	76	Solido
20	41	53	Solido
42	71	54	Solido
27	65	59	Solido
114	166	142	Solido
127	187	172	Solido
25	48	38	Solido
148	214	201	Solido
16	27	35	Solido
33	58	48	Solido
39	61	55	Solido
113	171	164	Solido
27	36	45	Solido
37	82	97	Solido
23	42	65	Solido
159	223	215	Solido
172	233	231	Solido
119	160	136	Solido
51	77	61	Solido
149	209	199	Solido
75	114	103	Solido
124	174	149	Solido
60	94	76	Solido
150	207	188	Solido
24	35	40	Solido
39	70	60	Solido
21	45	34	Solido
28	41	58	Solido
169	234	232	Solido
143	203	191	Solido
18	39	43	Solido
15	46	57	Solido
20	28	43	Solido
10	16	17	Solido
18	38	29	Solido
117	158	147	Solido
131	184	164	Solido
14	25	44	Solido
102	148	130	Solido
96	120	78	Solido
14	32	37	Solido
30	63	61	Solido
103	153	139	Solido
130	178	171	Solido
100	143	110	Solido
152	217	201	Solido
136	194	196	Solido
24	33	40	Solido
153	219	200	Solido
158	220	212	Solido
21	32	39	Solido
157	218	211	Solido
148	211	203	Solido
139	188	156	Solido
127	168	166	Solido
149	204	190	Solido
145	199	178	Solido
91	129	116	Solido
20	42	36	Solido
26	47	40	Solido
74	124	116	Solido
126	179	166	Solido
102	131	100	Solido
81	113	102	Solido
80	109	100	Solido
54	79	73	Solido
159	220	218	Solido
61	92	87	Solido
135	195	173	Solido
55	82	76	Solido
36	60	52	Solido
83	121	129	Solido
145	210	201	Solido
14	40	55	Solido
144	200	200	Solido
159	220	216	Solido
102	156	151	Solido
123	175	168	Solido
171	239	232	Solido
109	156	130	Solido
40	71	58	Solido
105	145	146	Solido
26	55	57	Solido
23	42	38	Solido
160	225	219	Solido
40	64	55	Solido
52	82	58	Solido
22	47	50	Solido
154	213	179	Solido
22	46	29	Solido
144	199	175	Solido
54	81	72	Solido
98	157	129	Solido
20	48	40	Solido
27	58	44	Solido
22	61	60	Solido
51	94	113	Solido
25	39	54	Solido
125	184	169	Solido
41	69	55	Solido
89	132	134	Solido
13	18	23	Solido
36	71	55	Solido
138	201	199	Solido
31	66	69	Solido
161	224	206	Solido
159	221	216	Solido
154	214	208	Solido
103	149	116	Solido
141	194	161	Solido
100	131	82	Solido
34	58	47	Solido
148	213	215	Solido
157	222	218	Solido
153	212	210	Solido
33	53	36	Solido
160	228	224	Solido
55	96	83	Solido
24	34	42	Solido
132	185	141	Solido
28	48	38	Solido
157	218	206	Solido
59	91	85	Solido
107	151	137	Solido
73	111	80	Solido
29	51	51	Solido
60	90	71	Solido
152	218	203	Solido
29	47	30	Solido
21	46	39	Solido
148	207	203	Solido
134	186	183	Solido
18	40	30	Solido
28	51	47	Solido
118	167	151	Solido
71	104	102	Solido
71	108	95	Solido
119	167	157	Solido
16	42	61	Solido
147	215	209	Solido
160	221	216	Solido
120	171	142	Solido
23	39	29	Solido
157	218	217	Solido
17	35	31	Solido
155	214	204	Solido
19	34	38	Solido
20	41	38	Solido
125	176	161	Solido
142	205	197	Solido
21	52	58	Solido
163	229	219	Solido
31	62	33	Solido
143	207	202	Solido
22	44	42	Solido
137	195	183	Solido
115	164	142	Solido
151	210	203	Solido
94	138	117	Solido
41	75	51	Solido
18	25	37	Solido
149	209	200	Solido
28	49	44	Solido
33	68	56	Solido
157	222	207	Solido
167	231	228	Solido
161	227	225	Solido
101	145	137	Solido
153	212	208	Solido
52	77	65	Solido
149	213	210	Solido
150	213	178	Solido
87	131	139	Solido
16	23	43	Solido
13	26	30	Solido
17	45	29	Solido
21	43	43	Solido
165	231	232	Solido
17	39	38	Solido
11	24	28	Solido
67	100	82	Solido
75	111	90	Solido
153	216	169	Solido
19	36	33	Solido
103	153	133	Solido
109	167	157	Solido
152	214	201	Solido
34	64	54	Solido
56	80	90	Solido
22	42	29	Solido
90	159	156	Solido
69	93	99	Solido
153	214	197	Solido
72	108	117	Solido
65	105	84	Solido
165	223	199	Solido
6	34	29	Solido
137	199	183	Solido
85	120	106	Solido
87	124	91	Solido
116	167	154	Solido
145	212	202	Solido
72	87	57	Solido
24	37	36	Solido
146	207	193	Solido
11	24	23	Solido
149	212	168	Solido
153	211	177	Solido
59	95	96	Solido
53	100	114	Solido
28	40	43	Solido
16	27	33	Solido
11	38	51	Solido
29	50	38	Solido
157	219	212	Solido
15	39	27	Solido
151	205	158	Solido
147	206	202	Solido
163	223	214	Solido
90	131	102	Solido
52	95	88	Solido
10	36	36	Solido
167	234	229	Solido
14	32	44	Solido
48	70	47	Solido
32	62	54	Solido
73	111	104	Solido
163	231	226	Solido
120	175	135	Solido
24	43	46	Solido
96	138	116	Solido
137	193	148	Solido
149	212	206	Solido
132	180	150	Solido
30	57	55	Solido
156	214	208	Solido
161	224	222	Solido
165	224	222	Solido
133	186	164	Solido
134	192	179	Solido
17	27	39	Solido
151	214	206	Solido
19	33	28	Solido
153	210	206	Solido
140	195	177	Solido
158	223	218	Solido
45	62	38	Solido
19	39	35	Solido
21	44	39	Solido
92	129	132	Solido
128	181	171	Solido
156	222	217	Solido
131	186	188	Solido
24	59	60	Solido
35	65	76	Solido
19	47	45	Solido
25	51	44	Solido
19	32	25	Solido
143	203	190	Solido
79	109	80	Solido
158	221	209	Solido
138	192	160	Solido
26	52	50	Solido
49	74	57	Solido
18	45	47	Solido
137	194	165	Solido
36	54	59	Solido
46	75	80	Solido
104	140	132	Solido
169	226	222	Solido
48	83	75	Solido
104	169	164	Solido
56	80	102	Solido
148	209	184	Solido
162	228	226	Solido
165	230	225	Solido
36	61	54	Solido
151	216	208	Solido
54	82	69	Solido
145	207	191	Solido
160	222	217	Solido
166	231	220	Solido
30	47	39	Solido
132	185	171	Solido
159	224	218	Solido
3	24	16	Solido
100	139	123	Solido
42	74	62	Solido
32	54	46	Solido
91	127	103	Solido
88	128	113	Solido
105	142	128	Solido
32	56	53	Solido
154	212	204	Solido
153	219	212	Solido
47	82	63	Solido
147	205	190	Solido
84	119	97	Solido
103	141	115	Solido
68	110	102	Solido
138	195	182	Solido
137	197	200	Solido
162	221	219	Solido
31	60	53	Solido
5	24	33	Solido
30	49	32	Solido
164	229	224	Solido
55	76	54	Solido
121	175	144	Solido
17	42	51	Solido
36	75	73	Solido
138	183	183	Solido
58	97	79	Solido
121	181	142	Solido
148	214	211	Solido
75	123	106	Solido
44	71	58	Solido
121	173	174	Solido
145	207	206	Solido
17	39	38	Solido
39	79	82	Solido
41	91	98	Solido
17	29	21	Solido
17	28	28	Solido
102	143	78	Solido
152	211	203	Solido
155	216	211	Solido
41	63	53	Solido
13	26	25	Solido
33	58	57	Solido
21	35	29	Solido
16	31	29	Solido
64	96	76	Solido
123	169	165	Solido
29	45	40	Solido
157	212	204	Solido
66	85	59	Solido
22	40	39	Solido
26	53	45	Solido
22	34	33	Solido
56	87	73	Solido
17	23	28	Solido
28	48	42	Solido
145	200	192	Solido
123	177	141	Solido
19	38	33	Solido
22	44	23	Solido
141	200	189	Solido
38	64	55	Solido
38	69	58	Solido
111	140	128	Solido
23	35	31	Solido
14	26	29	Solido
43	75	62	Solido
89	119	103	Solido
16	41	51	Solido
23	31	32	Solido
156	222	199	Solido
24	49	45	Solido
147	209	207	Solido
38	65	50	Solido
123	166	125	Solido
165	226	221	Solido
82	119	89	Solido
120	177	160	Solido
23	31	53	Solido
30	46	41	Solido
26	54	55	Solido
23	43	38	Solido
18	36	34	Solido
45	65	51	Solido
42	72	64	Solido
71	101	85	Solido
49	73	62	Solido
127	184	172	Solido
92	146	97	Solido
109	158	150	Solido
151	214	198	Solido
24	50	47	Solido
32	48	39	Solido
111	155	147	Solido
142	200	199	Solido
137	193	188	Solido
147	211	202	Solido
33	62	63	Solido
35	70	51	Solido
27	53	43	Solido
55	87	69	Solido
149	210	204	Solido
135	183	153	Solido
28	50	55	Solido
132	196	190	Solido
36	70	64	Solido
23	48	38	Solido
19	26	37	Solido
128	180	152	Solido
102	141	111	Solido
42	58	55	Solido
39	70	54	Solido
167	230	185	Solido
37	66	51	Solido
111	170	153	Solido
161	224	220	Solido
11	36	38	Solido
145	201	187	Solido
106	150	145	Solido
147	207	195	Solido
149	210	177	Solido
118	161	139	Solido
141	201	183	Solido
152	213	209	Solido
93	133	107	Solido
137	191	171	Solido
30	47	50	Solido
33	48	46	Solido
12	19	28	Solido
72	114	102	Solido
157	219	213	Solido
154	209	198	Solido
100	134	99	Solido
79	102	90	Solido
121	190	183	Solido
113	156	133	Solido
108	168	149	Solido
29	49	38	Solido
13	26	29	Solido
147	211	198	Solido
153	210	196	Solido
17	35	32	Solido
13	26	24	Solido
59	87	85	Solido
107	162	156	Solido
131	175	162	Solido
148	197	170	Solido
131	183	161	Solido
59	89	74	Solido
156	216	216	Solido
107	156	141	Solido
139	197	181	Solido
27	55	51	Solido
46	84	75	Solido
46	79	63	Solido
131	185	175	Solido
68	103	90	Solido
29	50	56	Solido
145	205	200	Solido
80	150	141	Solido
43	64	46	Solido
31	51	40	Solido
14	28	28	Solido
160	219	207	Solido
13	25	28	Solido
161	220	219	Solido
128	179	179	Solido
159	219	219	Solido
164	226	228	Solido
148	206	202	Solido
136	190	152	Solido
44	71	70	Solido
131	200	187	Solido
11	26	21	Solido
23	35	45	Solido
153	213	205	Solido
47	70	51	Solido
117	162	142	Solido
24	41	32	Solido
151	210	203	Solido
59	84	61	Solido
145	202	185	Solido
16	43	41	Solido
22	43	36	Solido
17	60	33	Solido
156	221	214	Solido
149	199	180	Solido
24	49	44	Solido
154	218	207	Solido
16	27	23	Solido
169	239	233	Solido
143	209	210	Solido
23	51	45	Solido
18	38	38	Solido
155	214	211	Solido
78	120	82	Solido
19	30	59	Solido
73	112	88	Solido
148	205	201	Solido
22	44	45	Solido
15	27	27	Solido
14	38	42	Solido
38	64	45	Solido
20	58	64	Solido
67	106	104	Solido
149	214	191	Solido
103	141	112	Solido
37	62	66	Solido
38	46	44	Solido
37	75	67	Solido
150	209	201	Solido
53	83	68	Solido
20	38	33	Solido
138	185	171	Solido
143	191	177	Solido
122	163	126	Solido
25	41	39	Solido
12	28	32	Solido
169	232	229	Solido
121	172	144	Solido
125	167	146	Solido
51	77	82	Solido
38	64	84	Solido
80	118	102	Solido
99	135	109	Solido
149	198	182	Solido
159	224	218	Solido
151	209	183	Solido
46	76	67	Solido
49	77	66	Solido
27	50	49	Solido
33	51	43	Solido
42	71	70	Solido
153	215	202	Solido
119	165	147	Solido
4	19	24	Solido
109	166	147	Solido
64	99	103	Solido
23	40	57	Solido
29	51	49	Solido
120	168	131	Solido
19	28	31	Solido
9	24	24	Solido
131	182	166	Solido
111	164	146	Solido
141	199	183	Solido
54	81	84	Solido
105	144	118	Solido
89	135	117	Solido
26	50	49	Solido
27	60	59	Solido
41	101	94	Solido
48	73	58	Solido
19	49	50	Solido
126	183	174	Solido
73	140	131	Solido
119	162	155	Solido
119	174	166	Solido
35	65	57	Solido
138	184	144	Solido
135	187	161	Solido
26	50	45	Solido
18	37	31	Solido
32	49	41	Solido
32	47	69	Solido
155	217	213	Solido
31	68	59	Solido
15	42	42	Solido
155	212	214	Solido
145	210	204	Solido
19	31	29	Solido
168	231	180	Solido
142	200	194	Solido
76	101	82	Solido
24	45	37	Solido
151	206	195	Solido
157	225	218	Solido
163	232	224	Solido
40	50	43	Solido
31	47	39	Solido
17	39	39	Solido
16	24	26	Solido
107	154	146	Solido
121	182	141	Solido
123	175	174	Solido
128	184	183	Solido
150	212	200	Solido
49	68	63	Solido
42	77	73	Solido
20	47	49	Solido
33	44	76	Solido
149	212	213	Solido
138	194	181	Solido
33	66	58	Solido
100	145	127	Solido
156	215	203	Solido
42	71	64	Solido
32	55	52	Solido
147	208	202	Solido
101	142	117	Solido
152	212	200	Solido
18	26	52	Solido
18	39	35	Solido
161	226	222	Solido
65	102	91	Solido
78	102	81	Solido
119	175	173	Solido
32	57	52	Solido
28	39	46	Solido
44	71	55	Solido
137	176	130	Solido
15	39	35	Solido
157	217	210	Solido
154	208	187	Solido
42	60	70	Solido
131	187	161	Solido
180	233	171	Solido
18	38	25	Solido
67	94	74	Solido
35	72	66	Solido
93	134	105	Solido
130	181	151	Solido
147	208	209	Solido
152	212	203	Solido
142	197	191	Solido
92	138	144	Solido
7	35	40	Solido
68	101	94	Solido
167	233	228	Solido
53	81	67	Solido
28	42	41	Solido
12	38	32	Solido
41	66	73	Solido
140	197	155	Solido
157	222	214	Solido
127	181	171	Solido
88	129	102	Solido
22	38	33	Solido
19	32	27	Solido
42	68	77	Solido
32	48	35	Solido
93	136	123	Solido
34	70	61	Solido
39	65	57	Solido
156	219	210	Solido
151	202	173	Solido
133	176	146	Solido
91	128	110	Solido
34	67	59	Solido
26	45	44	Solido
144	203	189	Solido
47	74	57	Solido
75	123	92	Solido
124	163	135	Solido
116	154	125	Solido
110	159	167	Solido
63	86	62	Solido
142	207	205	Solido
143	198	178	Solido
128	185	179	Solido
25	42	35	Solido
35	70	73	Solido
65	96	83	Solido
78	112	88	Solido
28	44	37	Solido
139	205	187	Solido
60	81	85	Solido
147	212	206	Solido
149	209	194	Solido
22	29	34	Solido
32	68	55	Solido
66	105	81	Solido
53	88	70	Solido
41	99	89	Solido
151	209	207	Solido
57	80	50	Solido
37	63	56	Solido
114	159	135	Solido
133	183	166	Solido
17	40	39	Solido
16	44	57	Solido
25	42	35	Solido
110	165	158	Solido
165	229	226	Solido
36	63	60	Solido
157	218	214	Solido
143	198	199	Solido
152	214	210	Solido
22	38	26	Solido
27	38	34	Solido
21	39	40	Solido
147	203	199	Solido
144	207	191	Solido
152	214	203	Solido
32	61	50	Solido
143	201	187	Solido
46	74	72	Solido
29	55	48	Solido
55	95	70	Solido
161	221	204	Solido
159	217	211	Solido
33	61	62	Solido
31	56	47	Solido
76	115	73	Solido
81	114	96	Solido
13	24	41	Solido
120	176	165	Solido
119	170	140	Solido
143	200	194	Solido
152	211	208	Solido
96	139	121	Solido
35	44	55	Solido
26	35	46	Solido
36	62	52	Solido
23	31	46	Solido
149	213	195	Solido
146	214	199	Solido
72	117	113	Solido
153	216	207	Solido
69	96	81	Solido
154	219	215	Solido
132	181	160	Solido
21	43	42	Solido
155	217	212	Solido
116	168	165	Solido
149	212	203	Solido
137	196	194	Solido
84	123	106	Solido
47	71	62	Solido
94	132	104	Solido
149	209	201	Solido
147	202	194	Solido
24	35	33	Solido
21	43	40	Solido
41	70	60	Solido
147	207	196	Solido
25	54	53	Solido
152	214	193	Solido
22	36	31	Solido
153	213	199	Solido
12	29	26	Solido
53	79	91	Solido
21	48	49	Solido
66	85	53	Solido
60	84	50	Solido
16	30	26	Solido
29	52	51	Solido
88	137	103	Solido
169	236	233	Solido
135	188	172	Solido
19	48	45	Solido
122	170	146	Solido
155	216	211	Solido
25	54	40	Solido
100	146	150	Solido
31	53	39	Solido
32	64	62	Solido
118	160	124	Solido
33	65	59	Solido
159	219	213	Solido
42	76	61	Solido
150	205	204	Solido
56	75	87	Solido
104	156	143	Solido
26	39	40	Solido
158	226	219	Solido
154	219	220	Solido
47	79	67	Solido
143	200	174	Solido
24	30	34	Solido
134	182	148	Solido
104	159	162	Solido
48	73	60	Solido
20	36	32	Solido
32	58	56	Solido
145	203	189	Solido
38	71	62	Solido
160	228	226	Solido
19	40	38	Solido
102	138	133	Solido
89	122	137	Solido
118	160	163	Solido
19	30	31	Solido
147	207	192	Solido
115	164	157	Solido
108	162	150	Solido
130	186	169	Solido
145	202	191	Solido
27	47	45	Solido
132	190	191	Solido
145	202	192	Solido
151	210	198	Solido
110	148	141	Solido
166	233	231	Solido
141	205	208	Solido
145	204	195	Solido
7	34	27	Solido
38	62	43	Solido
119	163	142	Solido
30	46	32	Solido
29	55	56	Solido
30	47	41	Solido
151	211	199	Solido
151	214	212	Solido
36	83	80	Solido
16	23	24	Solido
35	66	57	Solido
169	234	230	Solido
124	178	173	Solido
148	199	183	Solido
153	216	215	Solido
120	183	175	Solido
162	224	199	Solido
155	216	216	Solido
104	136	110	Solido
68	105	100	Solido
32	57	53	Solido
151	216	207	Solido
40	74	73	Solido
157	219	202	Solido
140	193	163	Solido
110	162	141	Solido
132	183	182	Solido
80	111	92	Solido
72	107	100	Solido
69	106	81	Solido
14	26	31	Solido
31	49	47	Solido
154	217	209	Solido
166	234	230	Solido
13	33	35	Solido
36	55	40	Solido
135	195	150	Solido
162	227	222	Solido
137	197	167	Solido
24	41	36	Solido
149	210	209	Solido
110	164	140	Solido
21	40	34	Solido
22	40	27	Solido
26	60	56	Solido
156	218	204	Solido
53	86	73	Solido
26	55	54	Solido
26	68	54	Solido
144	187	140	Solido
32	52	82	Solido
130	186	172	Solido
126	179	148	Solido
25	50	48	Solido
129	183	151	Solido
167	230	230	Solido
147	213	208	Solido
45	75	65	Solido
54	85	78	Solido
146	200	173	Solido
156	221	214	Solido
10	26	28	Solido
148	210	206	Solido
162	224	225	Solido
23	51	40	Solido
19	36	36	Solido
51	78	66	Solido
161	228	225	Solido
30	55	47	Solido
71	100	80	Solido
57	86	88	Solido
142	200	187	Solido
22	32	30	Solido
40	54	70	Solido
19	29	25	Solido
28	53	43	Solido
44	83	87	Solido
117	188	182	Solido
139	205	193	Solido
147	199	201	Solido
21	40	33	Solido
139	196	196	Solido
95	154	146	Solido
36	54	40	Solido
78	113	91	Solido
13	26	28	Solido
26	52	52	Solido
136	195	177	Solido
146	209	206	Solido
141	203	187	Solido
130	176	128	Solido
154	214	210	Solido
32	53	42	Solido
17	38	51	Solido
59	91	92	Solido
163	226	223	Solido
139	202	202	Solido
35	61	76	Solido
22	37	33	Solido
101	153	148	Solido
140	199	190	Solido
19	37	33	Solido
145	203	203	Solido
26	39	43	Solido
26	39	39	Solido
32	55	40	Solido
11	31	30	Solido
21	34	29	Solido
12	26	35	Solido
22	35	28	Solido
126	173	155	Solido
168	223	204	Solido
47	80	60	Solido
117	173	136	Solido
130	187	181	Solido
71	123	102	Solido
147	205	203	Solido
137	188	147	Solido
139	194	201	Solido
133	191	183	Solido
135	187	152	Solido
155	220	176	Solido
115	160	157	Solido
18	38	48	Solido
121	162	153	Solido
67	91	88	Solido
19	39	30	Solido
100	143	121	Solido
21	35	31	Solido
122	181	177	Solido
14	41	40	Solido
165	229	225	Solido
149	200	158	Solido
42	65	61	Solido
16	26	33	Solido
147	200	202	Solido
139	204	201	Solido
18	39	31	Solido
115	156	158	Solido
33	42	65	Solido
144	204	198	Solido
25	44	35	Solido
149	212	204	Solido
48	78	76	Solido
155	214	205	Solido
36	69	53	Solido
158	218	200	Solido
30	59	62	Solido
167	232	228	Solido
161	222	218	Solido
125	189	179	Solido
129	181	150	Solido
148	210	202	Solido
149	209	200	Solido
33	53	40	Solido
143	199	176	Solido
92	141	136	Solido
142	210	200	Solido
35	53	39	Solido
28	41	49	Solido
116	150	120	Solido
109	164	160	Solido
59	78	55	Solido
130	192	176	Solido
147	209	189	Solido
96	137	90	Solido
30	59	61	Solido
39	51	55	Solido
53	80	83	Solido
103	146	128	Solido
122	181	181	Solido
65	102	111	Solido
131	190	172	Solido
18	37	39	Solido
134	194	189	Solido
125	183	158	Solido
127	180	161	Solido
56	80	56	Solido
143	202	199	Solido
160	224	223	Solido
32	65	51	Solido
137	196	201	Solido
154	203	170	Solido
118	161	136	Solido
28	42	37	Solido
89	125	97	Solido
11	27	28	Solido
118	165	155	Solido
50	86	74	Solido
161	223	223	Solido
18	43	37	Solido
44	65	55	Solido
36	67	63	Solido
34	65	55	Solido
153	213	215	Solido
60	75	68	Solido
140	196	182	Solido
19	30	26	Solido
10	25	27	Solido
127	190	164	Solido
85	145	132	Solido
146	204	200	Solido
145	202	201	Solido
88	130	100	Solido
143	206	180	Solido
152	211	203	Solido
119	160	155	Solido
156	219	206	Solido
73	88	53	Solido
16	26	35	Solido
22	30	41	Solido
63	83	50	Solido
156	222	205	Solido
9	22	22	Solido
39	68	54	Solido
93	126	114	Solido
24	38	33	Solido
13	38	41	Solido
132	181	111	Solido
90	132	114	Solido
149	205	194	Solido
22	40	30	Solido
32	61	54	Solido
57	87	65	Solido
51	87	72	Solido
154	215	200	Solido
137	193	167	Solido
22	48	44	Solido
24	37	64	Solido
167	235	233	Solido
70	105	88	Solido
29	55	49	Solido
35	52	35	Solido
32	60	49	Solido
135	177	165	Solido
92	137	124	Solido
36	70	62	Solido
152	220	212	Solido
169	234	231	Solido
149	207	204	Solido
24	55	38	Solido
68	86	69	Solido
79	112	91	Solido
107	151	124	Solido
112	155	124	Solido
35	66	62	Solido
163	222	213	Solido
128	186	185	Solido
150	216	189	Solido
30	62	55	Solido
17	30	24	Solido
58	81	81	Solido
156	220	207	Solido
161	221	214	Solido
27	78	63	Solido
50	73	54	Solido
33	63	50	Solido
20	48	55	Solido
133	190	149	Solido
157	212	197	Solido
107	143	115	Solido
22	44	43	Solido
61	96	67	Solido
141	201	185	Solido
129	181	163	Solido
52	68	67	Solido
19	39	35	Solido
23	51	46	Solido
11	28	20	Solido
125	182	176	Solido
134	187	163	Solido
33	50	70	Solido
158	216	216	Solido
16	37	29	Solido
10	25	23	Solido
147	204	182	Solido
161	224	221	Solido
76	134	126	Solido
19	34	28	Solido
157	224	215	Solido
13	26	21	Solido
107	166	160	Solido
112	149	131	Solido
39	71	57	Solido
8	16	19	Solido
26	55	55	Solido
166	230	226	Solido
25	50	37	Solido
59	95	85	Solido
60	92	93	Solido
136	181	156	Solido
29	42	42	Solido
124	184	163	Solido
38	64	50	Solido
163	225	224	Solido
142	197	169	Solido
138	200	171	Solido
156	218	212	Solido
22	27	45	Solido
135	193	183	Solido
114	167	135	Solido
25	69	89	Solido
141	201	191	Solido
117	161	145	Solido
16	37	30	Solido
19	36	28	Solido
28	56	60	Solido
139	195	163	Solido
36	50	67	Solido
43	70	89	Solido
161	224	176	Solido
157	215	216	Solido
68	96	82	Solido
159	223	217	Solido
130	187	179	Solido
16	33	36	Solido
32	58	46	Solido
112	165	152	Solido
153	212	205	Solido
83	119	103	Solido
69	93	96	Solido
111	153	127	Solido
140	197	189	Solido
163	227	223	Solido
143	212	199	Solido
153	217	212	Solido
159	220	215	Solido
133	187	161	Solido
32	55	43	Solido
31	51	45	Solido
147	208	203	Solido
149	211	213	Solido
121	170	155	Solido
26	46	39	Solido
20	43	44	Solido
30	48	37	Solido
20	45	44	Solido
20	44	36	Solido
31	51	37	Solido
73	109	81	Solido
104	151	146	Solido
15	35	23	Solido
7	20	29	Solido
21	44	50	Solido
146	207	207	Solido
147	206	197	Solido
41	71	72	Solido
32	67	42	Solido
165	231	228	Solido
117	160	165	Solido
33	67	59	Solido
29	63	55	Solido
107	147	139	Solido
155	216	210	Solido
141	199	187	Solido
112	156	126	Solido
35	59	51	Solido
160	226	221	Solido
107	153	134	Solido
20	41	42	Solido
163	225	217	Solido
165	230	227	Solido
17	34	32	Solido
23	34	34	Solido
140	192	150	Solido
148	205	191	Solido
131	189	180	Solido
163	230	222	Solido
151	210	179	Solido
159	221	219	Solido
162	221	221	Solido
56	71	103	Solido
28	44	44	Solido
87	131	108	Solido
25	50	43	Solido
148	207	198	Solido
114	175	172	Solido
55	75	97	Solido
152	216	198	Solido
30	60	48	Solido
42	66	62	Solido
163	224	221	Solido
26	51	44	Solido
70	104	113	Solido
137	199	186	Solido
48	71	88	Solido
125	177	159	Solido
61	95	87	Solido
35	52	42	Solido
19	40	33	Solido
147	205	203	Solido
95	128	128	Solido
47	60	49	Solido
39	76	62	Solido
121	165	147	Solido
110	156	134	Solido
31	47	36	Solido
29	59	39	Solido
16	25	25	Solido
16	30	27	Solido
15	32	34	Solido
126	185	187	Solido
51	80	85	Solido
55	75	80	Solido
28	53	57	Solido
36	71	65	Solido
124	165	120	Solido
30	60	53	Solido
16	28	43	Solido
127	175	153	Solido
24	47	45	Solido
158	219	214	Solido
69	95	91	Solido
97	132	102	Solido
25	53	48	Solido
99	144	109	Solido
33	66	63	Solido
147	207	185	Solido
162	227	220	Solido
26	68	71	Solido
77	110	92	Solido
24	34	31	Solido
51	77	79	Solido
158	218	201	Solido
126	171	126	Solido
72	118	97	Solido
148	202	183	Solido
31	46	48	Solido
18	33	29	Solido
59	88	65	Solido
151	210	205	Solido
133	188	186	Solido
95	132	122	Solido
140	196	181	Solido
168	231	228	Solido
69	103	104	Solido
153	217	208	Solido
34	49	39	Solido
125	179	158	Solido
138	188	168	Solido
16	26	34	Solido
161	224	224	Solido
14	43	51	Solido
11	22	22	Solido
162	227	229	Solido
111	159	135	Solido
103	141	139	Solido
34	56	43	Solido
159	223	210	Solido
30	59	43	Solido
67	95	100	Solido
21	40	35	Solido
131	189	186	Solido
64	94	91	Solido
134	187	173	Solido
16	23	29	Solido
45	78	67	Solido
15	30	24	Solido
150	209	193	Solido
65	96	90	Solido
52	83	86	Solido
17	45	53	Solido
103	134	102	Solido
31	59	51	Solido
22	33	31	Solido
14	37	32	Solido
152	212	207	Solido
150	205	187	Solido
163	225	226	Solido
113	166	129	Solido
20	41	42	Solido
171	232	229	Solido
17	39	33	Solido
28	46	34	Solido
1	24	22	Solido
31	55	46	Solido
96	157	150	Solido
126	177	144	Solido
156	218	213	Solido
92	133	138	Solido
55	83	74	Solido
21	39	34	Solido
59	83	72	Solido
162	229	227	Solido
89	122	104	Solido
166	231	228	Solido
51	94	65	Solido
21	32	43	Solido
23	46	47	Solido
132	181	166	Solido
36	47	49	Solido
22	44	36	Solido
67	93	87	Solido
43	70	59	Solido
146	202	170	Solido
20	30	43	Solido
40	66	58	Solido
163	227	223	Solido
43	70	63	Solido
139	189	181	Solido
163	229	226	Solido
30	62	52	Solido
17	31	32	Solido
69	107	88	Solido
92	130	129	Solido
43	81	71	Solido
79	120	107	Solido
107	154	118	Solido
138	196	184	Solido
14	27	26	Solido
146	199	189	Solido
116	165	151	Solido
17	31	61	Solido
155	217	213	Solido
15	47	36	Solido
131	180	168	Solido
43	77	67	Solido
151	216	210	Solido
171	239	234	Solido
134	178	139	Solido
120	160	138	Solido
61	104	95	Solido
16	29	44	Solido
132	186	178	Solido
26	50	47	Solido
16	39	37	Solido
112	152	120	Solido
159	222	219	Solido
32	48	46	Solido
155	221	223	Solido
80	112	89	Solido
26	54	49	Solido
155	223	215	Solido
153	219	206	Solido
161	219	206	Solido
146	198	181	Solido
146	205	195	Solido
156	212	199	Solido
150	203	186	Solido
163	218	189	Solido
136	187	161	Solido
17	30	36	Solido
108	148	154	Solido
118	171	134	Solido
66	94	93	Solido
38	74	64	Solido
166	230	224	Solido
135	187	161	Solido
21	31	40	Solido
147	210	201	Solido
127	177	124	Solido
72	106	108	Solido
62	86	89	Solido
25	50	53	Solido
27	43	28	Solido
46	70	87	Solido
163	227	222	Solido
60	81	50	Solido
44	78	72	Solido
55	93	101	Solido
125	174	149	Solido
152	213	200	Solido
36	80	70	Solido
127	184	160	Solido
149	209	191	Solido
20	42	37	Solido
56	94	85	Solido
28	54	53	Solido
8	28	31	Solido
18	37	45	Solido
27	37	41	Solido
60	82	77	Solido
26	46	34	Solido
42	62	75	Solido
155	220	208	Solido
147	206	198	Solido
43	72	51	Solido
17	32	29	Solido
85	125	113	Solido
117	171	134	Solido
46	65	45	Solido
125	180	162	Solido
35	73	73	Solido
171	239	231	Solido
98	139	109	Solido
149	204	182	Solido
142	210	207	Solido
169	235	233	Solido
48	64	56	Solido
130	180	174	Solido
5	11	29	Solido
78	124	101	Solido
31	47	35	Solido
10	24	31	Solido
153	216	209	Solido
69	86	52	Solido
52	80	56	Solido
21	35	47	Solido
21	43	42	Solido
124	170	169	Solido
107	152	131	Solido
124	163	132	Solido
159	225	219	Solido
131	183	151	Solido
172	237	233	Solido
26	49	42	Solido
149	208	202	Solido
128	180	145	Solido
143	204	195	Solido
114	156	135	Solido
98	136	123	Solido
86	124	109	Solido
66	95	71	Solido
171	237	235	Solido
17	30	30	Solido
15	33	38	Solido
117	163	149	Solido
118	168	163	Solido
39	76	69	Solido
22	50	45	Solido
160	226	222	Solido
20	49	55	Solido
41	67	55	Solido
53	104	82	Solido
145	197	169	Solido
122	184	167	Solido
155	216	207	Solido
16	27	48	Solido
113	175	152	Solido
144	198	179	Solido
116	173	145	Solido
36	62	53	Solido
166	228	221	Solido
21	42	40	Solido
37	69	47	Solido
15	31	37	Solido
19	43	35	Solido
24	40	32	Solido
72	125	100	Solido
135	194	181	Solido
24	45	41	Solido
148	216	207	Solido
10	32	47	Solido
145	194	181	Solido
165	227	229	Solido
100	159	153	Solido
17	32	31	Solido
161	226	219	Solido
168	232	196	Solido
30	54	45	Solido
140	184	137	Solido
26	55	58	Solido
42	66	48	Solido
97	143	128	Solido
157	221	218	Solido
24	42	51	Solido
155	217	220	Solido
44	78	67	Solido
74	104	93	Solido
141	202	196	Solido
172	239	235	Solido
17	45	52	Solido
23	48	42	Solido
31	49	42	Solido
15	24	24	Solido
133	178	160	Solido
154	216	208	Solido
19	44	40	Solido
99	160	136	Solido
139	196	188	Solido
135	190	178	Solido
17	44	41	Solido
96	148	117	Solido
43	71	54	Solido
104	160	130	Solido
60	99	86	Solido
136	187	164	Solido
14	20	45	Solido
16	31	34	Solido
96	144	112	Solido
29	54	51	Solido
25	46	38	Solido
13	24	26	Solido
121	164	131	Solido
24	49	42	Solido
169	233	229	Solido
13	34	24	Solido
29	53	49	Solido
46	101	88	Solido
106	153	126	Solido
11	24	28	Solido
13	42	41	Solido
83	123	109	Solido
84	120	96	Solido
45	77	69	Solido
42	69	61	Solido
139	195	174	Solido
28	56	49	Solido
144	206	200	Solido
143	197	187	Solido
140	200	201	Solido
26	46	51	Solido
145	209	191	Solido
76	118	101	Solido
157	218	218	Solido
20	32	28	Solido
148	208	191	Solido
141	192	163	Solido
157	221	206	Solido
151	210	202	Solido
154	214	204	Solido
33	69	73	Solido
98	135	99	Solido
157	221	215	Solido
107	147	126	Solido
137	193	183	Solido
116	164	149	Solido
145	202	190	Solido
11	28	15	Solido
73	110	96	Solido
43	71	59	Solido
140	197	175	Solido
130	175	125	Solido
137	193	181	Solido
122	169	157	Solido
107	152	133	Solido
45	66	55	Solido
134	193	186	Solido
153	217	207	Solido
87	131	125	Solido
91	136	102	Solido
52	82	96	Solido
164	229	224	Solido
91	129	151	Solido
15	35	34	Solido
36	46	55	Solido
18	35	27	Solido
145	208	198	Solido
74	130	118	Solido
127	169	137	Solido
48	87	78	Solido
23	50	42	Solido
161	224	218	Solido
60	85	102	Solido
28	66	50	Solido
100	147	135	Solido
29	42	41	Solido
150	213	198	Solido
19	33	26	Solido
157	225	219	Solido
46	73	61	Solido
161	226	219	Solido
126	164	149	Solido
148	196	172	Solido
141	205	192	Solido
99	160	141	Solido
11	35	34	Solido
12	32	33	Solido
109	156	127	Solido
21	40	41	Solido
115	169	155	Solido
41	72	61	Solido
131	178	176	Solido
165	228	220	Solido
133	183	158	Solido
17	32	29	Solido
12	23	24	Solido
161	223	219	Solido
131	179	153	Solido
41	76	41	Solido
24	46	45	Solido
89	118	74	Solido
117	171	163	Solido
15	25	28	Solido
32	63	61	Solido
133	189	172	Solido
21	41	30	Solido
51	78	55	Solido
58	86	99	Solido
19	34	28	Solido
61	76	51	Solido
19	33	30	Solido
24	40	34	Solido
16	28	28	Solido
118	169	168	Solido
79	106	80	Solido
24	52	48	Solido
147	207	187	Solido
37	76	73	Solido
167	231	231	Solido
50	93	99	Solido
25	51	45	Solido
17	29	43	Solido
28	46	39	Solido
141	199	198	Solido
21	46	53	Solido
128	177	164	Solido
156	214	201	Solido
161	226	222	Solido
37	65	61	Solido
46	68	76	Solido
28	40	38	Solido
96	123	95	Solido
53	84	79	Solido
88	144	136	Solido
151	201	166	Solido
24	45	31	Solido
18	33	29	Solido
100	133	105	Solido
84	114	121	Solido
16	39	33	Solido
151	217	203	Solido
