21	103	152	Poro
30	99	126	Poro
30	113	147	Poro
17	89	135	Poro
21	108	159	Poro
19	95	134	Poro
16	91	163	Poro
10	78	99	Poro
22	101	153	Poro
19	54	88	Poro
48	128	149	Poro
38	107	141	Poro
23	98	138	Poro
30	102	121	Poro
13	62	108	Poro
35	117	147	Poro
19	94	164	Poro
15	91	150	Poro
25	76	89	Poro
26	108	145	Poro
23	89	114	Poro
38	121	141	Poro
5	26	59	Poro
10	46	84	Poro
24	115	170	Poro
24	108	164	Poro
30	115	145	Poro
21	88	122	Poro
30	106	156	Poro
5	29	59	Poro
14	86	121	Poro
22	103	166	Poro
37	96	112	Poro
29	116	149	Poro
20	80	101	Poro
41	113	129	Poro
61	116	136	Poro
12	81	120	Poro
24	85	115	Poro
9	44	71	Poro
34	106	117	Poro
7	64	99	Poro
7	32	56	Poro
43	100	108	Poro
18	82	139	Poro
19	104	159	Poro
19	91	138	Poro
19	101	162	Poro
19	102	150	Poro
29	118	151	Poro
29	111	163	Poro
16	101	158	Poro
13	75	112	Poro
18	90	131	Poro
15	58	78	Poro
30	119	159	Poro
14	84	125	Poro
22	71	86	Poro
18	107	159	Poro
19	93	135	Poro
13	60	87	Poro
30	123	157	Poro
14	77	112	Poro
20	101	156	Poro
22	113	170	Poro
58	138	154	Poro
14	83	151	Poro
14	62	101	Poro
18	95	142	Poro
21	91	125	Poro
24	65	75	Poro
57	123	135	Poro
31	119	162	Poro
27	62	70	Poro
17	89	160	Poro
16	32	29	Poro
11	73	105	Poro
9	63	122	Poro
30	100	123	Poro
21	114	171	Poro
19	94	141	Poro
21	110	167	Poro
27	107	142	Poro
16	69	131	Poro
33	61	47	Poro
24	115	170	Poro
13	70	93	Poro
32	110	141	Poro
25	66	65	Poro
101	173	164	Poro
20	103	155	Poro
34	120	156	Poro
32	116	153	Poro
32	112	148	Poro
15	71	89	Poro
19	109	164	Poro
22	104	151	Poro
25	115	167	Poro
24	57	58	Poro
53	127	156	Poro
9	44	74	Poro
58	131	138	Poro
14	53	85	Poro
21	86	138	Poro
15	79	108	Poro
51	132	163	Poro
20	101	153	Poro
20	99	142	Poro
24	105	149	Poro
19	105	167	Poro
21	91	136	Poro
25	106	158	Poro
14	90	131	Poro
32	95	104	Poro
12	91	154	Poro
20	77	113	Poro
19	104	158	Poro
44	104	122	Poro
21	80	126	Poro
12	58	88	Poro
12	26	27	Poro
30	90	104	Poro
28	119	154	Poro
14	62	100	Poro
14	76	96	Poro
32	122	154	Poro
24	82	104	Poro
23	111	167	Poro
31	114	165	Poro
27	115	152	Poro
48	107	129	Poro
36	123	175	Poro
15	87	123	Poro
15	92	157	Poro
37	118	149	Poro
17	91	162	Poro
17	104	150	Poro
31	91	95	Poro
23	110	170	Poro
22	100	168	Poro
51	131	134	Poro
16	72	108	Poro
17	79	114	Poro
24	89	123	Poro
31	97	119	Poro
36	117	140	Poro
16	86	124	Poro
12	39	42	Poro
18	102	164	Poro
18	97	141	Poro
19	97	135	Poro
30	96	137	Poro
19	95	143	Poro
16	91	142	Poro
19	99	141	Poro
66	148	178	Poro
21	86	113	Poro
43	131	160	Poro
28	74	67	Poro
15	90	157	Poro
20	98	155	Poro
27	115	153	Poro
32	90	106	Poro
25	78	85	Poro
20	106	163	Poro
18	100	160	Poro
36	78	71	Poro
19	106	167	Poro
16	66	96	Poro
18	91	125	Poro
20	95	155	Poro
65	116	119	Poro
16	90	138	Poro
34	119	158	Poro
25	97	137	Poro
18	95	157	Poro
15	56	79	Poro
18	80	107	Poro
36	109	116	Poro
10	36	40	Poro
11	58	99	Poro
31	116	139	Poro
29	106	140	Poro
21	93	143	Poro
36	101	100	Poro
23	98	143	Poro
13	55	81	Poro
42	124	126	Poro
17	90	125	Poro
18	98	158	Poro
29	122	159	Poro
16	86	139	Poro
32	88	108	Poro
17	94	147	Poro
18	99	159	Poro
15	62	100	Poro
26	69	69	Poro
31	109	130	Poro
15	98	162	Poro
18	59	91	Poro
20	78	87	Poro
41	88	95	Poro
31	91	108	Poro
3	27	40	Poro
34	113	143	Poro
39	126	166	Poro
6	40	68	Poro
17	51	78	Poro
16	82	114	Poro
12	50	72	Poro
15	75	107	Poro
9	38	69	Poro
16	80	113	Poro
23	85	122	Poro
14	25	30	Poro
43	134	160	Poro
32	90	103	Poro
58	123	126	Poro
114	163	153	Poro
33	110	141	Poro
41	127	147	Poro
16	68	107	Poro
4	62	88	Poro
56	135	157	Poro
42	128	158	Poro
15	88	157	Poro
33	121	152	Poro
21	92	134	Poro
21	107	165	Poro
21	98	145	Poro
23	89	108	Poro
15	76	136	Poro
22	77	111	Poro
30	71	64	Poro
27	72	88	Poro
28	114	128	Poro
17	87	135	Poro
37	107	131	Poro
44	139	165	Poro
21	101	137	Poro
9	31	56	Poro
18	96	155	Poro
8	38	65	Poro
22	76	93	Poro
27	75	87	Poro
24	94	133	Poro
19	90	126	Poro
9	36	58	Poro
18	93	161	Poro
19	73	77	Poro
81	124	123	Poro
23	86	117	Poro
29	117	163	Poro
15	91	147	Poro
20	83	127	Poro
50	136	165	Poro
21	99	158	Poro
14	90	163	Poro
11	58	96	Poro
23	94	120	Poro
16	76	107	Poro
24	91	123	Poro
27	111	137	Poro
20	99	158	Poro
24	106	149	Poro
5	60	96	Poro
9	42	70	Poro
47	143	154	Poro
21	108	161	Poro
21	107	160	Poro
21	89	146	Poro
23	113	161	Poro
24	104	161	Poro
22	96	143	Poro
17	66	104	Poro
12	23	25	Poro
20	108	161	Poro
30	100	138	Poro
11	93	132	Poro
19	98	140	Poro
12	87	138	Poro
19	90	121	Poro
31	114	169	Poro
33	121	162	Poro
17	97	149	Poro
58	131	148	Poro
20	99	137	Poro
30	69	88	Poro
19	95	150	Poro
22	92	168	Poro
7	43	71	Poro
19	104	157	Poro
11	57	97	Poro
20	66	82	Poro
17	96	148	Poro
13	31	28	Poro
5	41	64	Poro
26	62	74	Poro
34	116	143	Poro
17	95	160	Poro
35	85	114	Poro
25	118	176	Poro
11	44	61	Poro
15	44	61	Poro
22	112	163	Poro
24	103	155	Poro
16	93	164	Poro
63	139	165	Poro
20	89	105	Poro
7	40	71	Poro
33	118	168	Poro
18	55	73	Poro
23	80	106	Poro
17	65	108	Poro
22	68	82	Poro
22	95	144	Poro
28	114	147	Poro
16	54	87	Poro
24	90	133	Poro
26	101	146	Poro
12	40	39	Poro
33	121	152	Poro
32	109	122	Poro
38	122	154	Poro
16	69	85	Poro
13	63	112	Poro
12	59	100	Poro
43	131	152	Poro
42	124	147	Poro
28	116	163	Poro
17	85	124	Poro
22	57	50	Poro
18	103	150	Poro
37	110	124	Poro
54	129	150	Poro
49	101	133	Poro
11	84	137	Poro
17	68	109	Poro
26	105	153	Poro
25	99	153	Poro
15	82	99	Poro
105	152	149	Poro
12	71	93	Poro
16	64	96	Poro
13	61	90	Poro
16	93	128	Poro
25	89	123	Poro
16	65	104	Poro
31	102	139	Poro
17	69	111	Poro
11	62	129	Poro
33	107	141	Poro
10	67	108	Poro
27	105	139	Poro
22	89	112	Poro
24	67	77	Poro
17	68	113	Poro
15	97	163	Poro
20	96	151	Poro
34	112	140	Poro
12	23	24	Poro
29	87	103	Poro
31	101	117	Poro
28	92	125	Poro
16	60	75	Poro
14	84	138	Poro
22	106	160	Poro
31	119	153	Poro
41	132	168	Poro
38	119	147	Poro
27	104	148	Poro
14	25	31	Poro
46	129	156	Poro
22	95	130	Poro
28	50	39	Poro
23	72	104	Poro
25	99	120	Poro
19	102	141	Poro
65	136	163	Poro
14	59	101	Poro
19	99	162	Poro
20	106	160	Poro
18	93	138	Poro
24	100	174	Poro
20	47	44	Poro
26	113	159	Poro
15	63	79	Poro
14	42	37	Poro
20	104	143	Poro
11	39	39	Poro
18	104	161	Poro
21	101	142	Poro
27	100	136	Poro
13	81	138	Poro
22	106	160	Poro
19	96	150	Poro
48	128	150	Poro
22	58	67	Poro
16	91	136	Poro
33	72	85	Poro
22	71	74	Poro
18	62	105	Poro
17	62	92	Poro
8	37	56	Poro
19	96	138	Poro
21	95	131	Poro
35	103	104	Poro
22	109	167	Poro
20	92	127	Poro
13	55	82	Poro
9	41	66	Poro
17	101	159	Poro
47	100	106	Poro
19	104	165	Poro
17	88	147	Poro
22	103	162	Poro
15	92	159	Poro
28	105	131	Poro
33	119	147	Poro
18	97	151	Poro
12	27	27	Poro
14	57	84	Poro
14	39	35	Poro
14	24	29	Poro
22	88	112	Poro
22	112	159	Poro
18	80	128	Poro
18	79	115	Poro
15	84	128	Poro
18	97	139	Poro
22	109	164	Poro
8	35	48	Poro
21	104	157	Poro
28	103	124	Poro
14	55	85	Poro
16	85	124	Poro
11	37	50	Poro
18	100	163	Poro
12	76	130	Poro
31	73	84	Poro
43	93	120	Poro
19	99	155	Poro
31	118	153	Poro
17	93	141	Poro
23	105	139	Poro
15	43	57	Poro
59	108	121	Poro
13	55	64	Poro
11	48	76	Poro
15	75	121	Poro
7	59	94	Poro
15	68	123	Poro
24	116	173	Poro
2	24	43	Poro
17	74	129	Poro
35	109	138	Poro
26	103	133	Poro
16	100	150	Poro
21	107	145	Poro
25	109	163	Poro
19	102	165	Poro
29	101	119	Poro
23	97	139	Poro
13	75	114	Poro
16	99	142	Poro
15	84	133	Poro
40	117	128	Poro
34	119	152	Poro
16	76	113	Poro
34	127	143	Poro
18	104	161	Poro
22	90	141	Poro
29	118	156	Poro
23	107	151	Poro
45	105	131	Poro
25	120	180	Poro
23	99	134	Poro
34	114	138	Poro
14	64	101	Poro
10	70	111	Poro
17	88	130	Poro
19	104	157	Poro
21	100	158	Poro
18	45	53	Poro
26	119	168	Poro
31	67	93	Poro
18	101	160	Poro
20	101	165	Poro
9	61	92	Poro
23	84	116	Poro
29	85	93	Poro
22	95	129	Poro
55	147	180	Poro
32	109	136	Poro
19	90	138	Poro
32	128	162	Poro
19	104	161	Poro
18	87	123	Poro
14	66	111	Poro
19	65	92	Poro
8	41	67	Poro
38	123	146	Poro
11	68	113	Poro
16	64	72	Poro
23	113	162	Poro
20	104	154	Poro
22	91	126	Poro
14	63	117	Poro
17	71	84	Poro
29	118	159	Poro
23	96	129	Poro
86	159	189	Poro
20	111	167	Poro
22	105	160	Poro
24	99	150	Poro
50	115	109	Poro
19	84	101	Poro
22	77	119	Poro
8	40	70	Poro
25	117	163	Poro
12	87	141	Poro
23	75	110	Poro
19	99	155	Poro
14	90	152	Poro
28	99	113	Poro
17	97	156	Poro
24	117	172	Poro
2	52	97	Poro
26	100	132	Poro
26	99	145	Poro
36	121	157	Poro
23	100	147	Poro
26	104	160	Poro
11	55	95	Poro
36	122	155	Poro
14	60	91	Poro
6	31	63	Poro
22	92	129	Poro
19	104	150	Poro
27	95	122	Poro
20	91	128	Poro
41	129	131	Poro
15	98	151	Poro
34	119	148	Poro
39	95	101	Poro
23	94	131	Poro
23	82	111	Poro
43	88	107	Poro
12	26	27	Poro
16	82	135	Poro
26	61	74	Poro
13	84	150	Poro
20	91	126	Poro
15	94	135	Poro
31	112	161	Poro
25	96	125	Poro
28	114	162	Poro
15	97	146	Poro
29	120	167	Poro
20	90	126	Poro
20	101	162	Poro
21	97	137	Poro
21	111	171	Poro
19	90	127	Poro
12	25	35	Poro
16	91	154	Poro
17	91	130	Poro
22	64	77	Poro
43	124	149	Poro
35	90	104	Poro
21	111	168	Poro
42	95	103	Poro
41	121	120	Poro
20	94	130	Poro
20	103	162	Poro
10	85	137	Poro
42	95	110	Poro
32	122	166	Poro
27	106	145	Poro
16	91	141	Poro
18	101	151	Poro
35	93	113	Poro
25	80	90	Poro
50	91	92	Poro
19	100	154	Poro
21	102	158	Poro
26	90	130	Poro
7	38	68	Poro
17	93	133	Poro
25	115	173	Poro
69	130	138	Poro
25	65	75	Poro
15	107	171	Poro
16	72	108	Poro
49	145	162	Poro
41	127	145	Poro
28	93	124	Poro
29	116	170	Poro
27	62	78	Poro
22	96	142	Poro
31	117	161	Poro
26	72	87	Poro
19	101	147	Poro
20	112	166	Poro
26	115	176	Poro
26	83	102	Poro
19	101	163	Poro
12	85	135	Poro
19	82	146	Poro
22	79	109	Poro
10	75	147	Poro
9	44	80	Poro
13	54	73	Poro
31	107	140	Poro
27	97	133	Poro
23	95	129	Poro
14	75	92	Poro
22	112	169	Poro
26	105	148	Poro
15	81	135	Poro
20	97	136	Poro
23	98	139	Poro
27	95	125	Poro
18	83	117	Poro
38	124	151	Poro
18	94	165	Poro
14	72	103	Poro
18	87	112	Poro
22	91	133	Poro
19	93	141	Poro
23	98	133	Poro
18	92	114	Poro
25	83	120	Poro
14	60	101	Poro
44	131	165	Poro
25	78	87	Poro
15	91	161	Poro
29	103	122	Poro
18	94	138	Poro
14	56	102	Poro
14	61	84	Poro
22	96	136	Poro
22	109	166	Poro
23	90	118	Poro
18	86	117	Poro
11	78	144	Poro
35	92	113	Poro
18	99	149	Poro
27	55	50	Poro
18	88	123	Poro
1	67	128	Poro
29	87	133	Poro
53	115	129	Poro
1	38	61	Poro
45	138	171	Poro
20	93	131	Poro
19	50	44	Poro
15	78	115	Poro
23	100	138	Poro
20	104	156	Poro
26	62	53	Poro
31	119	157	Poro
17	90	155	Poro
22	98	133	Poro
23	69	77	Poro
15	57	98	Poro
58	114	105	Poro
15	93	161	Poro
21	111	173	Poro
28	69	68	Poro
7	38	62	Poro
31	103	133	Poro
20	90	126	Poro
14	71	97	Poro
59	143	158	Poro
24	98	132	Poro
20	114	173	Poro
25	112	176	Poro
12	63	106	Poro
25	76	101	Poro
14	61	95	Poro
41	133	174	Poro
11	57	93	Poro
35	97	118	Poro
31	120	161	Poro
26	120	167	Poro
20	83	115	Poro
21	100	142	Poro
26	114	169	Poro
70	124	130	Poro
22	99	150	Poro
29	118	157	Poro
24	73	88	Poro
29	117	171	Poro
22	103	150	Poro
40	122	143	Poro
89	144	142	Poro
19	58	93	Poro
19	103	155	Poro
18	89	110	Poro
26	94	106	Poro
19	91	131	Poro
14	83	150	Poro
18	97	161	Poro
41	121	118	Poro
18	76	121	Poro
16	86	106	Poro
53	128	140	Poro
29	101	119	Poro
33	124	156	Poro
18	95	141	Poro
20	105	162	Poro
32	105	157	Poro
17	98	141	Poro
18	83	119	Poro
19	94	125	Poro
12	49	79	Poro
14	78	115	Poro
45	115	145	Poro
15	77	146	Poro
23	87	117	Poro
32	107	140	Poro
21	94	133	Poro
35	125	154	Poro
21	94	150	Poro
18	99	139	Poro
15	91	142	Poro
16	69	114	Poro
20	80	116	Poro
32	121	156	Poro
19	82	122	Poro
27	101	137	Poro
17	88	116	Poro
19	93	124	Poro
2	46	87	Poro
25	116	175	Poro
21	93	132	Poro
30	109	142	Poro
66	114	112	Poro
18	69	103	Poro
17	93	144	Poro
15	82	115	Poro
16	79	128	Poro
19	102	162	Poro
18	70	94	Poro
16	48	46	Poro
16	82	122	Poro
65	116	126	Poro
22	112	162	Poro
17	75	103	Poro
29	51	38	Poro
25	115	170	Poro
21	97	133	Poro
30	75	97	Poro
35	118	126	Poro
11	80	149	Poro
28	93	139	Poro
21	88	124	Poro
37	116	140	Poro
28	83	101	Poro
24	100	139	Poro
1	31	55	Poro
24	81	102	Poro
19	95	149	Poro
32	112	148	Poro
21	94	156	Poro
21	101	160	Poro
28	81	89	Poro
14	28	26	Poro
14	48	61	Poro
15	85	149	Poro
25	83	104	Poro
38	114	134	Poro
15	84	153	Poro
15	83	120	Poro
21	76	99	Poro
16	97	155	Poro
52	119	136	Poro
24	84	122	Poro
19	97	162	Poro
24	103	152	Poro
15	64	97	Poro
21	108	157	Poro
19	90	128	Poro
11	51	85	Poro
1	30	44	Poro
25	112	171	Poro
35	119	150	Poro
27	98	135	Poro
24	106	141	Poro
33	117	143	Poro
11	51	83	Poro
15	84	131	Poro
15	93	141	Poro
22	86	131	Poro
19	68	111	Poro
24	92	130	Poro
19	91	123	Poro
11	47	72	Poro
49	115	141	Poro
19	97	130	Poro
33	79	80	Poro
19	104	159	Poro
38	73	103	Poro
22	102	158	Poro
43	87	98	Poro
21	111	160	Poro
41	97	125	Poro
15	81	136	Poro
22	65	84	Poro
19	102	159	Poro
22	110	167	Poro
15	69	118	Poro
20	103	158	Poro
25	114	175	Poro
10	89	132	Poro
24	110	152	Poro
18	89	131	Poro
10	51	103	Poro
24	100	134	Poro
26	114	162	Poro
21	75	123	Poro
7	40	63	Poro
25	108	144	Poro
19	91	121	Poro
19	110	176	Poro
6	47	83	Poro
22	63	103	Poro
26	116	173	Poro
20	89	134	Poro
49	135	145	Poro
25	97	147	Poro
19	105	160	Poro
41	123	153	Poro
41	129	157	Poro
20	110	162	Poro
17	94	166	Poro
15	68	117	Poro
26	108	163	Poro
22	101	135	Poro
35	77	104	Poro
45	135	164	Poro
19	106	166	Poro
22	90	126	Poro
26	108	141	Poro
19	66	75	Poro
17	103	166	Poro
30	96	126	Poro
23	78	120	Poro
38	119	146	Poro
22	106	153	Poro
19	105	144	Poro
26	99	129	Poro
21	47	44	Poro
18	63	101	Poro
20	110	164	Poro
22	113	170	Poro
23	92	107	Poro
29	103	142	Poro
22	89	103	Poro
17	66	103	Poro
22	93	142	Poro
16	73	94	Poro
16	61	99	Poro
72	116	114	Poro
9	69	96	Poro
18	72	110	Poro
32	107	136	Poro
22	114	171	Poro
34	77	76	Poro
26	119	164	Poro
30	91	104	Poro
20	101	159	Poro
21	102	151	Poro
42	106	113	Poro
24	117	160	Poro
10	54	116	Poro
15	88	147	Poro
26	102	147	Poro
18	38	34	Poro
39	101	140	Poro
12	44	72	Poro
56	139	162	Poro
33	64	73	Poro
27	110	163	Poro
29	97	120	Poro
36	127	169	Poro
32	118	159	Poro
26	102	137	Poro
40	118	132	Poro
49	119	137	Poro
17	94	124	Poro
17	93	131	Poro
17	89	149	Poro
21	110	168	Poro
21	102	147	Poro
19	92	156	Poro
35	122	169	Poro
11	74	128	Poro
21	95	127	Poro
18	64	84	Poro
17	103	161	Poro
16	102	150	Poro
22	95	136	Poro
23	101	141	Poro
20	83	125	Poro
21	95	133	Poro
21	102	159	Poro
9	34	49	Poro
24	82	100	Poro
21	106	165	Poro
13	74	112	Poro
34	120	145	Poro
23	105	166	Poro
26	112	163	Poro
6	50	83	Poro
16	73	135	Poro
14	62	87	Poro
14	88	118	Poro
39	82	94	Poro
21	60	53	Poro
30	89	108	Poro
29	119	164	Poro
16	79	114	Poro
30	106	141	Poro
30	117	165	Poro
14	55	81	Poro
29	117	150	Poro
12	92	144	Poro
20	100	146	Poro
26	115	158	Poro
5	38	69	Poro
19	78	93	Poro
46	112	132	Poro
34	118	167	Poro
24	102	138	Poro
13	45	60	Poro
21	93	152	Poro
22	99	122	Poro
17	92	133	Poro
16	71	73	Poro
20	92	128	Poro
63	144	164	Poro
17	91	165	Poro
32	116	171	Poro
10	44	62	Poro
30	97	122	Poro
24	74	83	Poro
15	97	158	Poro
29	74	77	Poro
25	73	73	Poro
35	82	91	Poro
21	65	101	Poro
13	72	97	Poro
14	81	136	Poro
15	54	83	Poro
18	73	95	Poro
12	82	143	Poro
11	43	38	Poro
35	113	142	Poro
33	105	132	Poro
32	85	109	Poro
37	93	92	Poro
17	80	122	Poro
15	99	156	Poro
7	67	102	Poro
17	103	162	Poro
23	102	143	Poro
45	135	137	Poro
30	111	141	Poro
33	121	153	Poro
23	117	172	Poro
27	78	98	Poro
16	81	113	Poro
25	105	158	Poro
13	77	115	Poro
30	100	116	Poro
16	88	119	Poro
18	104	161	Poro
91	156	173	Poro
10	67	103	Poro
18	94	136	Poro
21	57	66	Poro
26	120	179	Poro
34	119	137	Poro
32	83	100	Poro
23	114	165	Poro
21	105	151	Poro
24	75	81	Poro
4	29	49	Poro
20	91	123	Poro
36	130	175	Poro
23	92	115	Poro
21	100	149	Poro
13	69	126	Poro
49	134	141	Poro
8	56	72	Poro
24	117	163	Poro
26	93	117	Poro
21	104	159	Poro
21	113	172	Poro
31	112	143	Poro
17	95	134	Poro
25	97	125	Poro
25	107	142	Poro
36	119	158	Poro
8	75	99	Poro
10	68	98	Poro
17	93	141	Poro
16	67	117	Poro
12	32	36	Poro
11	69	109	Poro
26	105	139	Poro
21	83	117	Poro
53	99	97	Poro
26	116	176	Poro
59	142	171	Poro
27	109	141	Poro
31	120	163	Poro
15	75	108	Poro
16	89	131	Poro
12	48	73	Poro
19	103	160	Poro
19	100	159	Poro
22	116	171	Poro
17	96	162	Poro
19	102	165	Poro
19	69	94	Poro
31	95	131	Poro
40	126	155	Poro
21	112	171	Poro
96	162	152	Poro
18	93	132	Poro
28	115	158	Poro
33	123	152	Poro
12	84	127	Poro
40	130	175	Poro
14	87	147	Poro
21	107	161	Poro
19	103	157	Poro
22	93	131	Poro
37	82	77	Poro
22	106	159	Poro
22	94	146	Poro
15	78	133	Poro
10	64	100	Poro
28	111	164	Poro
19	83	102	Poro
1	24	51	Poro
38	120	162	Poro
13	59	101	Poro
10	47	78	Poro
63	138	164	Poro
18	90	140	Poro
23	96	135	Poro
33	68	69	Poro
21	102	147	Poro
13	59	88	Poro
37	130	173	Poro
21	48	37	Poro
22	100	136	Poro
26	111	159	Poro
23	102	137	Poro
33	91	90	Poro
16	98	151	Poro
21	97	130	Poro
32	90	107	Poro
21	97	147	Poro
18	104	158	Poro
21	58	62	Poro
35	83	86	Poro
21	109	165	Poro
9	70	112	Poro
33	80	90	Poro
13	51	75	Poro
12	77	149	Poro
13	89	139	Poro
20	108	163	Poro
57	107	111	Poro
55	112	111	Poro
10	73	112	Poro
22	95	135	Poro
19	90	114	Poro
47	124	156	Poro
25	109	161	Poro
22	73	108	Poro
21	88	114	Poro
19	77	105	Poro
30	115	145	Poro
24	105	171	Poro
31	90	98	Poro
24	50	38	Poro
58	113	120	Poro
19	96	137	Poro
27	115	166	Poro
18	92	135	Poro
20	105	162	Poro
23	104	161	Poro
23	95	136	Poro
15	74	113	Poro
8	44	72	Poro
15	73	98	Poro
15	101	163	Poro
26	117	170	Poro
49	113	131	Poro
17	97	154	Poro
29	107	131	Poro
24	95	123	Poro
29	109	139	Poro
41	104	117	Poro
28	108	141	Poro
18	91	127	Poro
12	42	45	Poro
16	79	128	Poro
26	99	135	Poro
19	110	165	Poro
19	93	130	Poro
29	106	133	Poro
19	82	112	Poro
17	104	160	Poro
20	91	133	Poro
72	138	149	Poro
19	103	158	Poro
31	99	127	Poro
15	77	117	Poro
17	94	147	Poro
23	115	164	Poro
48	113	128	Poro
31	106	138	Poro
23	119	171	Poro
38	114	133	Poro
17	87	120	Poro
19	96	131	Poro
8	43	76	Poro
20	87	118	Poro
5	63	99	Poro
15	49	73	Poro
15	53	90	Poro
10	71	125	Poro
19	87	128	Poro
17	98	136	Poro
21	112	171	Poro
33	96	113	Poro
27	116	168	Poro
26	77	89	Poro
8	45	75	Poro
58	130	144	Poro
25	113	175	Poro
22	94	118	Poro
23	52	60	Poro
57	114	107	Poro
14	93	145	Poro
20	111	166	Poro
23	97	148	Poro
18	101	164	Poro
16	30	29	Poro
25	116	167	Poro
16	95	157	Poro
19	103	155	Poro
11	54	89	Poro
38	112	135	Poro
27	105	150	Poro
24	98	136	Poro
42	138	174	Poro
9	38	67	Poro
17	92	133	Poro
23	92	133	Poro
6	34	69	Poro
14	87	112	Poro
33	117	147	Poro
16	96	149	Poro
15	92	130	Poro
37	124	167	Poro
9	36	28	Poro
17	62	96	Poro
38	116	143	Poro
26	112	165	Poro
21	100	156	Poro
14	63	106	Poro
58	130	125	Poro
54	122	126	Poro
24	119	179	Poro
24	53	47	Poro
21	106	161	Poro
78	138	152	Poro
23	93	131	Poro
21	88	137	Poro
22	73	97	Poro
23	96	132	Poro
22	93	137	Poro
8	34	61	Poro
32	98	125	Poro
28	107	145	Poro
14	83	135	Poro
20	66	112	Poro
28	111	142	Poro
22	86	127	Poro
18	86	133	Poro
13	47	79	Poro
23	80	100	Poro
17	72	99	Poro
15	69	119	Poro
16	53	78	Poro
15	93	163	Poro
24	92	161	Poro
22	95	128	Poro
45	128	154	Poro
20	106	160	Poro
11	68	98	Poro
33	124	162	Poro
19	103	161	Poro
71	141	141	Poro
23	99	140	Poro
20	95	143	Poro
16	96	138	Poro
23	97	136	Poro
38	83	84	Poro
14	76	109	Poro
44	109	118	Poro
55	104	112	Poro
20	80	120	Poro
24	96	136	Poro
17	84	123	Poro
35	115	143	Poro
23	103	140	Poro
70	119	118	Poro
28	85	102	Poro
15	88	153	Poro
10	54	65	Poro
51	120	139	Poro
30	111	141	Poro
18	96	142	Poro
94	152	148	Poro
61	118	121	Poro
27	107	123	Poro
19	108	153	Poro
19	96	151	Poro
17	98	158	Poro
20	72	98	Poro
20	98	147	Poro
21	106	158	Poro
48	104	108	Poro
21	103	161	Poro
22	95	125	Poro
33	122	161	Poro
16	91	163	Poro
19	86	129	Poro
24	117	176	Poro
23	101	158	Poro
19	85	119	Poro
7	72	123	Poro
19	102	159	Poro
5	55	106	Poro
21	110	174	Poro
34	127	160	Poro
25	112	172	Poro
23	108	159	Poro
33	108	133	Poro
14	87	149	Poro
29	98	115	Poro
17	99	155	Poro
28	80	81	Poro
51	134	157	Poro
18	90	140	Poro
20	105	159	Poro
26	120	165	Poro
36	120	140	Poro
13	27	27	Poro
15	62	96	Poro
19	87	127	Poro
12	53	73	Poro
23	81	127	Poro
60	139	165	Poro
68	151	173	Poro
8	41	71	Poro
12	59	85	Poro
20	43	36	Poro
26	101	109	Poro
20	96	127	Poro
13	99	157	Poro
20	98	154	Poro
14	62	107	Poro
23	99	131	Poro
14	66	112	Poro
29	115	149	Poro
18	87	134	Poro
34	120	144	Poro
14	63	96	Poro
21	101	135	Poro
24	119	183	Poro
11	71	112	Poro
34	114	146	Poro
24	104	159	Poro
21	93	151	Poro
38	116	134	Poro
19	87	132	Poro
27	92	121	Poro
17	98	149	Poro
15	75	117	Poro
24	102	153	Poro
15	99	158	Poro
32	104	124	Poro
18	89	124	Poro
14	63	98	Poro
30	113	166	Poro
21	96	153	Poro
1	21	55	Poro
31	118	151	Poro
22	97	161	Poro
9	25	24	Poro
4	63	105	Poro
19	94	135	Poro
22	96	141	Poro
23	94	139	Poro
23	102	165	Poro
7	52	71	Poro
20	112	165	Poro
36	88	90	Poro
19	100	153	Poro
39	114	134	Poro
24	116	171	Poro
40	99	123	Poro
21	101	145	Poro
29	98	139	Poro
14	79	102	Poro
17	63	78	Poro
17	100	149	Poro
20	81	114	Poro
16	96	156	Poro
28	100	131	Poro
28	104	145	Poro
26	90	111	Poro
38	113	142	Poro
25	96	108	Poro
17	60	102	Poro
12	50	70	Poro
24	79	96	Poro
23	97	130	Poro
19	86	102	Poro
20	78	99	Poro
61	139	151	Poro
31	113	150	Poro
27	101	128	Poro
35	86	107	Poro
29	97	123	Poro
16	76	90	Poro
20	89	116	Poro
38	101	119	Poro
34	111	147	Poro
57	111	108	Poro
17	82	117	Poro
36	119	156	Poro
36	113	142	Poro
53	116	116	Poro
67	148	161	Poro
34	86	95	Poro
33	105	141	Poro
47	119	143	Poro
11	48	73	Poro
33	94	123	Poro
31	97	122	Poro
28	96	114	Poro
51	124	129	Poro
15	70	87	Poro
31	97	119	Poro
32	104	128	Poro
28	79	98	Poro
10	46	81	Poro
25	76	91	Poro
27	101	123	Poro
33	104	138	Poro
43	114	125	Poro
37	112	132	Poro
16	56	72	Poro
34	104	133	Poro
45	126	143	Poro
34	115	154	Poro
21	88	117	Poro
28	100	122	Poro
39	113	133	Poro
56	136	151	Poro
34	103	121	Poro
30	107	141	Poro
10	65	107	Poro
34	109	132	Poro
48	113	128	Poro
19	76	99	Poro
36	105	125	Poro
6	50	72	Poro
23	97	124	Poro
8	45	71	Poro
52	115	132	Poro
46	98	115	Poro
44	82	104	Poro
24	94	118	Poro
65	121	117	Poro
49	128	140	Poro
52	133	151	Poro
36	103	121	Poro
35	106	129	Poro
21	86	99	Poro
58	131	145	Poro
26	90	107	Poro
40	120	138	Poro
40	92	99	Poro
32	109	133	Poro
58	113	113	Poro
40	116	130	Poro
31	106	133	Poro
33	108	134	Poro
34	108	137	Poro
29	104	126	Poro
33	97	116	Poro
33	110	132	Poro
23	82	105	Poro
27	81	100	Poro
36	114	133	Poro
34	102	129	Poro
49	131	149	Poro
41	119	135	Poro
26	95	117	Poro
25	63	90	Poro
27	93	123	Poro
14	42	81	Poro
33	113	149	Poro
16	79	121	Poro
31	104	122	Poro
19	90	119	Poro
37	105	121	Poro
67	139	153	Poro
31	98	117	Poro
32	85	112	Poro
66	143	157	Poro
31	91	109	Poro
32	88	97	Poro
23	77	113	Poro
20	59	83	Poro
32	110	135	Poro
37	115	138	Poro
28	96	118	Poro
43	113	137	Poro
44	122	141	Poro
46	124	142	Poro
47	123	140	Poro
29	95	111	Poro
23	79	109	Poro
29	70	83	Poro
33	114	141	Poro
27	67	92	Poro
35	109	134	Poro
8	34	66	Poro
39	120	153	Poro
26	84	115	Poro
38	91	96	Poro
34	94	107	Poro
26	90	106	Poro
20	104	137	Poro
70	152	163	Poro
46	125	159	Poro
39	98	109	Poro
31	110	142	Poro
51	132	145	Poro
42	122	143	Poro
31	115	143	Poro
47	123	136	Poro
54	124	146	Poro
65	107	106	Poro
37	85	82	Poro
18	68	93	Poro
55	108	111	Poro
21	73	119	Poro
70	137	155	Poro
87	153	127	Poro
51	107	114	Poro
35	89	110	Poro
37	102	140	Poro
34	78	90	Poro
20	75	92	Poro
34	107	142	Poro
26	113	147	Poro
27	99	128	Poro
68	138	158	Poro
50	141	161	Poro
64	153	175	Poro
59	107	112	Poro
59	129	141	Poro
28	103	121	Poro
42	92	109	Poro
78	143	147	Poro
30	95	138	Poro
29	81	116	Poro
28	77	110	Poro
57	145	167	Poro
29	64	94	Poro
89	163	171	Poro
37	122	150	Poro
16	52	87	Poro
76	144	161	Poro
54	117	128	Poro
52	99	116	Poro
25	59	86	Poro
47	117	148	Poro
34	83	101	Poro
42	129	151	Poro
34	114	139	Poro
70	150	161	Poro
42	129	150	Poro
29	102	119	Poro
52	142	163	Poro
41	123	149	Poro
54	133	152	Poro
70	107	118	Poro
34	104	144	Poro
60	134	154	Poro
20	47	66	Poro
41	79	108	Poro
76	136	141	Poro
40	118	139	Poro
78	134	136	Poro
30	99	145	Poro
57	149	166	Poro
24	76	116	Poro
81	149	165	Poro
41	118	139	Poro
25	94	107	Poro
22	57	94	Poro
26	110	129	Poro
33	105	134	Poro
62	153	175	Poro
57	134	147	Poro
28	104	118	Poro
32	113	143	Poro
14	60	103	Poro
77	137	131	Poro
24	106	143	Poro
43	112	146	Poro
66	148	172	Poro
47	135	153	Poro
127	181	160	Poro
50	133	153	Poro
20	77	88	Poro
30	108	146	Poro
54	100	97	Poro
44	103	122	Poro
39	116	136	Poro
45	100	122	Poro
27	96	139	Poro
9	46	64	Poro
26	95	133	Poro
54	104	109	Poro
25	104	137	Poro
56	116	141	Poro
69	134	128	Poro
35	85	86	Poro
46	122	144	Poro
60	116	122	Poro
30	90	117	Poro
9	37	66	Poro
29	107	142	Poro
51	123	148	Poro
36	70	84	Poro
56	140	163	Poro
81	147	140	Poro
42	119	144	Poro
27	108	134	Poro
25	98	130	Poro
58	136	164	Poro
57	144	162	Poro
65	147	169	Poro
49	129	149	Poro
61	139	164	Poro
12	53	79	Poro
28	112	142	Poro
48	129	154	Poro
44	101	102	Poro
52	97	117	Poro
33	102	141	Poro
28	97	121	Poro
57	127	153	Poro
26	108	141	Poro
54	131	155	Poro
50	133	148	Poro
59	133	156	Poro
13	69	94	Poro
32	112	135	Poro
44	105	134	Poro
51	124	144	Poro
36	90	131	Poro
41	64	91	Poro
43	89	83	Poro
21	71	79	Poro
38	111	129	Poro
24	78	99	Poro
30	84	117	Poro
50	93	103	Poro
52	129	150	Poro
24	83	119	Poro
33	115	146	Poro
122	169	163	Poro
37	91	117	Poro
38	61	71	Poro
39	95	108	Poro
45	117	136	Poro
59	124	118	Poro
40	102	109	Poro
81	131	114	Poro
27	91	115	Poro
81	126	124	Poro
81	119	127	Poro
46	89	122	Poro
42	93	94	Poro
50	92	114	Poro
52	113	122	Poro
27	48	82	Poro
24	74	105	Poro
56	134	157	Poro
51	119	127	Poro
28	91	120	Poro
43	81	89	Poro
84	128	123	Poro
53	129	144	Poro
45	116	143	Poro
93	148	135	Poro
27	99	116	Poro
36	112	136	Poro
25	89	101	Poro
50	129	151	Poro
26	53	72	Poro
22	74	95	Poro
44	105	131	Poro
63	152	167	Poro
33	81	99	Poro
22	85	100	Poro
55	141	166	Poro
39	100	134	Poro
13	62	106	Poro
41	102	127	Poro
21	64	74	Poro
139	195	170	Poro
43	103	136	Poro
29	81	107	Poro
24	93	128	Poro
42	119	143	Poro
37	122	152	Poro
19	76	93	Poro
44	117	146	Poro
19	57	83	Poro
18	47	81	Poro
41	117	148	Poro
51	138	151	Poro
67	139	163	Poro
48	130	153	Poro
48	128	150	Poro
79	130	120	Poro
47	100	129	Poro
61	146	161	Poro
36	77	104	Poro
32	104	143	Poro
65	153	171	Poro
32	100	137	Poro
63	119	116	Poro
45	96	96	Poro
50	132	149	Poro
47	127	153	Poro
23	108	144	Poro
38	113	138	Poro
30	108	141	Poro
29	104	131	Poro
61	136	157	Poro
33	97	119	Poro
35	108	121	Poro
54	134	148	Poro
51	110	137	Poro
53	140	156	Poro
56	87	105	Poro
49	124	156	Poro
32	113	148	Poro
32	52	46	Solido
157	222	222	Solido
14	29	26	Solido
82	115	112	Solido
148	210	207	Solido
72	98	126	Solido
44	63	67	Solido
84	122	127	Solido
155	216	189	Solido
106	155	138	Solido
160	223	227	Solido
67	104	84	Solido
164	227	224	Solido
131	185	160	Solido
80	119	127	Solido
79	113	127	Solido
82	122	133	Solido
107	154	155	Solido
27	46	43	Solido
84	120	118	Solido
160	228	227	Solido
88	131	142	Solido
30	49	43	Solido
34	55	47	Solido
151	209	188	Solido
152	215	216	Solido
158	225	224	Solido
161	227	221	Solido
47	73	62	Solido
148	210	209	Solido
114	153	135	Solido
177	239	231	Solido
13	22	25	Solido
124	178	180	Solido
58	88	86	Solido
123	170	157	Solido
146	209	175	Solido
129	183	173	Solido
165	235	229	Solido
124	168	166	Solido
114	159	158	Solido
26	45	37	Solido
98	133	136	Solido
153	220	220	Solido
44	80	58	Solido
149	215	212	Solido
160	228	224	Solido
74	105	110	Solido
158	227	222	Solido
120	163	169	Solido
76	121	135	Solido
58	83	69	Solido
164	232	231	Solido
97	137	139	Solido
145	207	207	Solido
136	197	165	Solido
155	221	220	Solido
102	139	145	Solido
128	178	163	Solido
90	131	103	Solido
131	189	173	Solido
157	225	221	Solido
138	185	173	Solido
120	184	181	Solido
155	222	217	Solido
106	150	147	Solido
21	31	28	Solido
99	144	123	Solido
29	49	69	Solido
160	225	222	Solido
72	96	106	Solido
38	52	65	Solido
158	225	222	Solido
165	232	230	Solido
95	133	133	Solido
153	219	213	Solido
124	172	152	Solido
55	82	86	Solido
130	189	170	Solido
103	138	121	Solido
26	45	49	Solido
37	56	44	Solido
149	218	215	Solido
156	222	217	Solido
159	226	226	Solido
110	153	152	Solido
14	23	24	Solido
31	53	51	Solido
77	114	115	Solido
24	40	31	Solido
151	213	212	Solido
162	234	228	Solido
65	90	95	Solido
105	142	151	Solido
107	160	127	Solido
28	43	38	Solido
132	184	185	Solido
161	226	222	Solido
109	149	149	Solido
156	226	216	Solido
45	65	70	Solido
155	221	218	Solido
28	48	42	Solido
164	233	230	Solido
161	230	227	Solido
73	109	97	Solido
120	163	162	Solido
114	158	138	Solido
141	197	187	Solido
19	31	32	Solido
163	227	220	Solido
129	187	172	Solido
70	99	95	Solido
156	222	223	Solido
15	30	27	Solido
84	124	127	Solido
127	178	148	Solido
141	206	201	Solido
139	196	182	Solido
63	91	78	Solido
153	217	212	Solido
130	174	149	Solido
24	42	38	Solido
120	168	159	Solido
155	217	213	Solido
122	168	155	Solido
25	41	34	Solido
57	86	108	Solido
156	222	215	Solido
86	121	119	Solido
41	62	50	Solido
152	218	214	Solido
133	176	169	Solido
15	25	49	Solido
151	216	213	Solido
161	228	222	Solido
74	101	87	Solido
54	85	82	Solido
166	229	212	Solido
135	188	166	Solido
156	222	217	Solido
163	230	223	Solido
155	222	188	Solido
61	89	100	Solido
85	121	124	Solido
154	222	212	Solido
163	227	223	Solido
75	103	120	Solido
112	166	125	Solido
56	73	71	Solido
11	19	22	Solido
121	178	165	Solido
141	193	171	Solido
114	152	133	Solido
19	32	29	Solido
142	194	191	Solido
135	185	170	Solido
77	111	106	Solido
104	145	125	Solido
153	221	212	Solido
159	225	220	Solido
111	158	151	Solido
130	187	167	Solido
25	40	35	Solido
158	228	223	Solido
88	129	133	Solido
35	59	51	Solido
16	28	28	Solido
154	210	186	Solido
137	194	171	Solido
153	215	215	Solido
113	148	138	Solido
108	155	148	Solido
156	220	218	Solido
163	232	228	Solido
22	36	34	Solido
122	164	147	Solido
37	59	44	Solido
31	50	43	Solido
152	217	211	Solido
148	213	208	Solido
150	207	194	Solido
159	226	220	Solido
48	66	74	Solido
154	222	216	Solido
157	224	213	Solido
147	210	203	Solido
154	221	217	Solido
161	222	211	Solido
16	32	28	Solido
165	234	232	Solido
153	217	214	Solido
52	73	54	Solido
131	181	168	Solido
158	220	221	Solido
160	227	223	Solido
158	226	220	Solido
114	164	169	Solido
134	189	176	Solido
126	164	173	Solido
162	227	220	Solido
157	223	222	Solido
139	192	177	Solido
163	230	224	Solido
102	136	123	Solido
133	181	169	Solido
83	121	124	Solido
149	214	209	Solido
166	236	231	Solido
18	35	35	Solido
77	108	118	Solido
13	23	25	Solido
154	219	219	Solido
73	102	107	Solido
156	218	214	Solido
148	202	174	Solido
90	123	128	Solido
152	215	214	Solido
151	215	215	Solido
153	211	201	Solido
165	231	226	Solido
132	198	192	Solido
161	225	219	Solido
146	198	184	Solido
18	35	29	Solido
169	240	235	Solido
164	230	230	Solido
84	113	117	Solido
159	225	226	Solido
154	222	222	Solido
64	87	94	Solido
151	208	185	Solido
54	89	85	Solido
88	127	125	Solido
15	20	49	Solido
162	229	225	Solido
33	44	47	Solido
131	188	161	Solido
96	139	120	Solido
46	61	62	Solido
82	120	117	Solido
163	232	230	Solido
145	214	206	Solido
155	221	221	Solido
130	185	164	Solido
109	151	145	Solido
98	173	163	Solido
29	49	39	Solido
92	122	129	Solido
165	231	230	Solido
150	216	212	Solido
151	214	214	Solido
161	224	220	Solido
157	221	217	Solido
159	227	221	Solido
22	40	36	Solido
116	187	177	Solido
127	171	175	Solido
138	192	186	Solido
42	66	53	Solido
125	178	154	Solido
21	33	30	Solido
78	114	103	Solido
139	196	157	Solido
24	41	41	Solido
110	151	147	Solido
81	113	125	Solido
163	232	228	Solido
133	183	167	Solido
31	51	40	Solido
22	35	38	Solido
18	29	28	Solido
102	151	133	Solido
151	213	210	Solido
46	73	56	Solido
84	120	136	Solido
14	25	25	Solido
29	47	58	Solido
93	132	135	Solido
41	62	46	Solido
141	197	177	Solido
162	229	228	Solido
59	87	61	Solido
160	230	224	Solido
158	227	220	Solido
14	27	28	Solido
117	160	151	Solido
30	64	53	Solido
34	54	47	Solido
157	226	219	Solido
158	223	225	Solido
64	86	88	Solido
47	71	70	Solido
79	106	107	Solido
162	228	229	Solido
150	203	174	Solido
160	227	223	Solido
110	156	131	Solido
115	164	165	Solido
151	205	194	Solido
53	78	87	Solido
158	221	219	Solido
146	210	209	Solido
60	87	92	Solido
116	157	150	Solido
151	210	188	Solido
155	219	212	Solido
107	162	126	Solido
17	27	31	Solido
103	146	146	Solido
67	97	101	Solido
8	17	20	Solido
136	190	163	Solido
38	72	49	Solido
153	221	218	Solido
158	223	221	Solido
135	185	175	Solido
49	69	96	Solido
146	206	208	Solido
159	224	223	Solido
150	208	191	Solido
157	225	222	Solido
63	96	106	Solido
161	230	225	Solido
163	228	224	Solido
128	177	163	Solido
159	220	209	Solido
166	228	199	Solido
158	225	225	Solido
92	129	135	Solido
165	233	229	Solido
163	232	227	Solido
67	92	119	Solido
37	51	40	Solido
168	238	234	Solido
43	67	69	Solido
155	223	217	Solido
165	232	234	Solido
75	114	125	Solido
69	98	97	Solido
150	218	212	Solido
58	97	77	Solido
161	230	228	Solido
164	235	232	Solido
146	209	206	Solido
105	150	117	Solido
140	207	202	Solido
155	219	219	Solido
68	86	74	Solido
159	226	225	Solido
34	60	44	Solido
169	237	232	Solido
55	96	94	Solido
52	73	98	Solido
93	134	132	Solido
131	185	173	Solido
155	215	205	Solido
120	175	171	Solido
55	79	72	Solido
37	56	58	Solido
158	226	221	Solido
145	206	190	Solido
13	23	22	Solido
158	226	222	Solido
63	93	77	Solido
42	61	54	Solido
24	36	32	Solido
13	19	24	Solido
75	114	93	Solido
156	220	218	Solido
128	191	149	Solido
163	232	229	Solido
166	233	232	Solido
157	223	219	Solido
140	186	172	Solido
23	41	33	Solido
84	121	131	Solido
108	147	115	Solido
165	232	231	Solido
79	110	112	Solido
162	226	222	Solido
139	195	188	Solido
136	197	185	Solido
159	227	220	Solido
78	116	87	Solido
141	201	183	Solido
18	29	35	Solido
160	229	226	Solido
38	56	89	Solido
132	178	175	Solido
42	72	55	Solido
121	169	168	Solido
145	209	171	Solido
74	103	120	Solido
22	32	30	Solido
89	127	115	Solido
160	230	226	Solido
141	207	200	Solido
20	35	31	Solido
151	216	216	Solido
16	24	27	Solido
160	228	226	Solido
157	222	219	Solido
164	229	228	Solido
76	110	110	Solido
158	221	220	Solido
161	227	223	Solido
152	220	212	Solido
12	21	19	Solido
151	213	215	Solido
24	40	31	Solido
150	201	195	Solido
142	207	205	Solido
24	40	34	Solido
165	229	232	Solido
156	225	221	Solido
151	210	210	Solido
50	86	78	Solido
85	120	114	Solido
130	187	169	Solido
145	202	182	Solido
163	228	230	Solido
165	232	232	Solido
149	208	208	Solido
161	229	222	Solido
96	134	129	Solido
127	176	172	Solido
51	73	64	Solido
118	181	161	Solido
163	233	229	Solido
159	226	222	Solido
161	231	225	Solido
151	208	181	Solido
29	42	53	Solido
161	227	225	Solido
147	213	211	Solido
40	67	49	Solido
11	18	17	Solido
161	226	225	Solido
15	29	28	Solido
123	177	163	Solido
146	199	197	Solido
160	229	225	Solido
161	225	223	Solido
96	139	138	Solido
154	222	218	Solido
162	231	226	Solido
15	25	20	Solido
167	234	231	Solido
129	184	180	Solido
153	209	206	Solido
137	194	184	Solido
85	118	107	Solido
122	163	157	Solido
160	229	222	Solido
78	110	118	Solido
67	103	107	Solido
105	148	136	Solido
15	27	24	Solido
120	163	156	Solido
22	39	33	Solido
130	175	174	Solido
97	138	131	Solido
127	171	161	Solido
168	235	235	Solido
19	36	39	Solido
79	109	108	Solido
18	28	27	Solido
167	236	235	Solido
13	29	28	Solido
161	231	228	Solido
26	45	45	Solido
15	26	27	Solido
129	181	149	Solido
157	219	209	Solido
54	84	67	Solido
46	71	79	Solido
44	73	52	Solido
159	231	224	Solido
167	238	231	Solido
108	154	158	Solido
90	134	117	Solido
152	215	217	Solido
97	147	135	Solido
158	225	220	Solido
119	164	162	Solido
80	115	88	Solido
19	28	30	Solido
72	112	117	Solido
16	29	29	Solido
133	194	160	Solido
165	234	230	Solido
154	225	214	Solido
151	218	215	Solido
110	152	123	Solido
112	155	131	Solido
157	224	224	Solido
145	209	183	Solido
128	183	159	Solido
23	36	32	Solido
76	105	120	Solido
118	161	157	Solido
34	51	41	Solido
157	222	205	Solido
148	214	211	Solido
110	164	134	Solido
43	76	59	Solido
149	211	188	Solido
159	225	222	Solido
13	26	25	Solido
156	212	176	Solido
160	224	222	Solido
38	63	62	Solido
24	45	41	Solido
44	63	61	Solido
35	55	82	Solido
155	219	188	Solido
146	212	212	Solido
133	186	175	Solido
16	29	30	Solido
157	226	205	Solido
100	135	136	Solido
155	222	214	Solido
158	224	218	Solido
15	26	26	Solido
150	211	201	Solido
79	114	121	Solido
143	201	183	Solido
155	220	218	Solido
145	211	208	Solido
13	24	25	Solido
18	27	27	Solido
127	177	171	Solido
134	192	153	Solido
48	72	58	Solido
54	79	84	Solido
154	217	210	Solido
143	191	182	Solido
31	44	71	Solido
139	190	180	Solido
111	153	138	Solido
131	185	171	Solido
77	105	117	Solido
101	141	121	Solido
50	83	62	Solido
16	26	25	Solido
11	20	21	Solido
65	101	77	Solido
29	49	43	Solido
168	235	234	Solido
67	94	104	Solido
165	235	227	Solido
142	202	182	Solido
157	222	220	Solido
120	170	154	Solido
155	220	218	Solido
146	211	208	Solido
24	35	30	Solido
72	99	115	Solido
163	231	229	Solido
165	234	229	Solido
151	214	188	Solido
15	29	27	Solido
146	216	210	Solido
67	100	82	Solido
91	132	116	Solido
158	223	223	Solido
114	161	147	Solido
74	112	87	Solido
142	194	175	Solido
128	173	164	Solido
163	231	230	Solido
160	229	229	Solido
162	229	234	Solido
135	193	184	Solido
18	40	35	Solido
73	99	111	Solido
95	134	127	Solido
153	214	190	Solido
95	131	132	Solido
43	58	87	Solido
15	25	27	Solido
124	164	153	Solido
155	218	219	Solido
73	98	85	Solido
163	228	227	Solido
147	202	191	Solido
20	30	27	Solido
140	210	207	Solido
151	218	217	Solido
157	222	217	Solido
24	45	34	Solido
20	38	35	Solido
28	38	54	Solido
90	123	119	Solido
40	60	80	Solido
151	211	184	Solido
160	226	220	Solido
153	218	214	Solido
17	30	28	Solido
92	127	115	Solido
178	243	240	Solido
141	201	195	Solido
120	171	149	Solido
161	228	189	Solido
154	213	176	Solido
153	217	217	Solido
149	210	211	Solido
165	231	225	Solido
84	115	112	Solido
23	39	66	Solido
127	181	183	Solido
25	39	34	Solido
125	180	158	Solido
135	189	169	Solido
155	218	220	Solido
47	75	56	Solido
153	221	211	Solido
160	230	223	Solido
166	235	236	Solido
116	155	159	Solido
88	118	131	Solido
149	214	212	Solido
159	223	214	Solido
152	217	215	Solido
164	229	219	Solido
77	114	128	Solido
77	113	117	Solido
177	245	204	Solido
163	230	225	Solido
101	140	129	Solido
120	179	145	Solido
36	69	63	Solido
136	195	152	Solido
162	231	232	Solido
157	221	216	Solido
109	158	157	Solido
159	226	219	Solido
162	232	225	Solido
150	214	212	Solido
141	208	205	Solido
157	214	195	Solido
146	203	179	Solido
152	211	193	Solido
153	220	215	Solido
142	205	204	Solido
145	199	203	Solido
45	74	93	Solido
121	164	175	Solido
18	29	25	Solido
111	172	169	Solido
14	33	36	Solido
156	219	218	Solido
17	23	58	Solido
89	138	143	Solido
56	80	85	Solido
155	222	217	Solido
163	232	227	Solido
133	187	175	Solido
16	27	30	Solido
83	121	96	Solido
160	227	226	Solido
139	193	181	Solido
130	180	173	Solido
163	229	227	Solido
39	61	56	Solido
140	197	181	Solido
11	29	32	Solido
156	222	215	Solido
22	35	30	Solido
161	229	225	Solido
66	95	115	Solido
65	95	107	Solido
18	30	28	Solido
71	100	98	Solido
15	26	26	Solido
78	107	118	Solido
158	225	217	Solido
19	23	57	Solido
142	205	171	Solido
158	224	223	Solido
142	196	186	Solido
18	29	68	Solido
63	91	88	Solido
109	159	153	Solido
168	239	232	Solido
11	22	21	Solido
155	223	217	Solido
102	153	153	Solido
151	219	213	Solido
37	68	48	Solido
157	221	205	Solido
170	238	234	Solido
120	175	163	Solido
141	208	202	Solido
67	94	98	Solido
72	109	81	Solido
161	230	225	Solido
34	65	54	Solido
141	191	173	Solido
151	218	220	Solido
18	28	29	Solido
161	231	229	Solido
154	216	215	Solido
143	201	187	Solido
144	197	175	Solido
67	100	106	Solido
21	39	35	Solido
137	188	184	Solido
18	35	35	Solido
167	234	235	Solido
25	38	54	Solido
43	62	57	Solido
72	99	99	Solido
20	35	30	Solido
57	87	99	Solido
107	141	124	Solido
13	28	28	Solido
71	100	105	Solido
126	168	161	Solido
70	93	97	Solido
28	51	36	Solido
67	106	93	Solido
164	233	228	Solido
59	86	93	Solido
163	231	230	Solido
154	219	211	Solido
163	229	228	Solido
169	227	205	Solido
127	175	175	Solido
165	231	228	Solido
98	139	132	Solido
147	214	213	Solido
159	224	224	Solido
166	234	226	Solido
34	53	42	Solido
135	193	171	Solido
16	27	44	Solido
125	173	163	Solido
139	204	201	Solido
152	214	208	Solido
157	217	209	Solido
152	221	215	Solido
151	208	173	Solido
147	209	202	Solido
162	233	226	Solido
161	229	230	Solido
82	118	121	Solido
23	38	34	Solido
155	221	215	Solido
160	227	224	Solido
61	91	93	Solido
15	41	40	Solido
95	136	120	Solido
113	172	154	Solido
86	118	124	Solido
159	229	227	Solido
96	171	152	Solido
76	114	115	Solido
157	222	222	Solido
163	230	227	Solido
147	211	195	Solido
132	185	178	Solido
166	223	206	Solido
153	221	215	Solido
157	223	217	Solido
166	232	229	Solido
67	99	103	Solido
128	179	165	Solido
129	190	180	Solido
147	214	211	Solido
157	223	217	Solido
165	232	230	Solido
50	87	67	Solido
18	30	52	Solido
143	205	197	Solido
31	57	40	Solido
23	41	56	Solido
151	214	211	Solido
147	208	206	Solido
154	221	193	Solido
132	181	165	Solido
21	37	34	Solido
96	136	120	Solido
15	29	28	Solido
122	171	164	Solido
26	43	39	Solido
136	187	182	Solido
55	81	79	Solido
140	211	197	Solido
29	44	68	Solido
130	176	156	Solido
161	231	224	Solido
22	40	34	Solido
115	159	151	Solido
156	223	213	Solido
149	210	190	Solido
131	186	167	Solido
163	231	229	Solido
165	237	230	Solido
156	221	216	Solido
165	229	227	Solido
140	199	199	Solido
63	87	101	Solido
159	221	221	Solido
59	95	73	Solido
33	52	51	Solido
69	104	95	Solido
139	197	177	Solido
154	220	213	Solido
31	56	43	Solido
156	221	223	Solido
12	22	23	Solido
147	208	211	Solido
151	224	220	Solido
137	192	189	Solido
10	23	24	Solido
118	163	139	Solido
159	226	225	Solido
104	145	138	Solido
165	227	226	Solido
162	221	208	Solido
13	23	24	Solido
73	102	73	Solido
146	199	181	Solido
168	237	233	Solido
159	226	221	Solido
136	181	185	Solido
187	251	244	Solido
22	40	33	Solido
145	202	182	Solido
156	220	213	Solido
131	179	172	Solido
133	187	176	Solido
86	123	103	Solido
163	230	232	Solido
67	97	96	Solido
114	172	154	Solido
98	130	118	Solido
47	76	59	Solido
153	222	220	Solido
118	162	157	Solido
159	231	228	Solido
161	227	226	Solido
62	89	93	Solido
162	230	219	Solido
173	231	234	Solido
141	200	199	Solido
156	223	218	Solido
75	104	85	Solido
157	221	202	Solido
153	218	217	Solido
160	228	223	Solido
17	38	37	Solido
155	224	217	Solido
121	180	162	Solido
18	27	29	Solido
132	197	170	Solido
125	182	178	Solido
24	39	35	Solido
17	26	26	Solido
19	28	30	Solido
66	102	82	Solido
157	213	196	Solido
21	32	45	Solido
162	226	224	Solido
80	116	102	Solido
10	18	42	Solido
104	146	158	Solido
148	203	183	Solido
153	220	216	Solido
18	31	28	Solido
91	126	120	Solido
19	27	25	Solido
125	165	172	Solido
157	225	217	Solido
126	183	169	Solido
169	236	230	Solido
159	226	223	Solido
160	229	224	Solido
38	59	44	Solido
44	76	57	Solido
34	52	64	Solido
159	222	209	Solido
107	148	139	Solido
33	48	40	Solido
159	227	224	Solido
164	232	226	Solido
104	150	161	Solido
162	232	224	Solido
138	200	198	Solido
41	75	85	Solido
163	232	228	Solido
145	203	187	Solido
135	196	191	Solido
160	227	224	Solido
167	238	233	Solido
24	50	46	Solido
15	25	25	Solido
48	69	68	Solido
160	228	225	Solido
76	112	115	Solido
110	144	136	Solido
156	217	216	Solido
108	145	136	Solido
37	57	44	Solido
158	225	224	Solido
112	156	151	Solido
22	34	29	Solido
168	236	233	Solido
43	66	49	Solido
160	227	225	Solido
44	73	61	Solido
154	217	211	Solido
159	224	219	Solido
151	217	214	Solido
21	38	36	Solido
149	215	208	Solido
117	161	143	Solido
157	222	221	Solido
152	220	217	Solido
38	58	51	Solido
112	162	146	Solido
33	51	79	Solido
150	198	194	Solido
167	235	233	Solido
11	22	28	Solido
163	232	230	Solido
158	225	222	Solido
141	208	198	Solido
135	202	180	Solido
137	186	177	Solido
15	28	34	Solido
161	228	220	Solido
113	152	125	Solido
122	167	157	Solido
69	100	94	Solido
163	231	225	Solido
159	221	204	Solido
24	32	68	Solido
94	133	119	Solido
157	223	221	Solido
159	229	225	Solido
163	229	226	Solido
98	141	137	Solido
15	32	35	Solido
158	226	221	Solido
41	56	60	Solido
169	237	236	Solido
57	81	97	Solido
13	22	24	Solido
40	62	44	Solido
44	65	64	Solido
151	209	206	Solido
143	198	191	Solido
15	32	31	Solido
154	219	220	Solido
87	120	113	Solido
130	175	163	Solido
161	230	228	Solido
164	232	231	Solido
127	173	161	Solido
151	223	220	Solido
154	220	217	Solido
116	165	167	Solido
120	164	147	Solido
145	200	187	Solido
144	203	189	Solido
57	99	87	Solido
153	219	215	Solido
161	224	224	Solido
128	187	165	Solido
130	177	152	Solido
45	69	86	Solido
89	127	142	Solido
157	225	225	Solido
157	224	221	Solido
156	222	218	Solido
16	30	27	Solido
165	234	230	Solido
157	218	194	Solido
89	129	133	Solido
18	32	31	Solido
163	233	225	Solido
98	141	142	Solido
16	30	30	Solido
162	231	228	Solido
161	227	227	Solido
157	225	221	Solido
73	110	95	Solido
56	84	78	Solido
145	196	159	Solido
162	230	224	Solido
53	80	83	Solido
36	58	46	Solido
160	229	221	Solido
29	46	40	Solido
153	219	213	Solido
114	165	151	Solido
25	38	34	Solido
14	24	24	Solido
122	173	165	Solido
39	65	55	Solido
139	209	205	Solido
152	214	206	Solido
29	51	32	Solido
17	29	28	Solido
71	98	102	Solido
13	26	24	Solido
159	220	205	Solido
41	62	80	Solido
106	151	138	Solido
161	229	224	Solido
14	24	25	Solido
144	208	186	Solido
160	225	225	Solido
157	225	220	Solido
16	31	42	Solido
84	121	109	Solido
157	221	219	Solido
151	205	183	Solido
160	228	225	Solido
40	62	70	Solido
140	205	194	Solido
106	150	144	Solido
82	122	113	Solido
24	42	37	Solido
100	134	117	Solido
133	193	191	Solido
33	55	50	Solido
109	148	147	Solido
115	164	141	Solido
62	87	73	Solido
110	154	155	Solido
90	126	117	Solido
111	153	149	Solido
16	32	32	Solido
149	212	208	Solido
86	122	125	Solido
102	138	124	Solido
146	202	190	Solido
84	118	122	Solido
23	41	32	Solido
128	178	163	Solido
89	124	122	Solido
128	181	146	Solido
164	233	233	Solido
155	216	185	Solido
155	222	219	Solido
151	211	213	Solido
75	113	119	Solido
19	30	23	Solido
89	141	133	Solido
156	214	178	Solido
6	26	28	Solido
143	201	189	Solido
72	101	109	Solido
70	100	100	Solido
96	136	136	Solido
48	74	55	Solido
163	230	227	Solido
133	194	185	Solido
39	60	43	Solido
58	97	83	Solido
162	224	219	Solido
80	117	107	Solido
130	177	163	Solido
14	25	42	Solido
149	205	196	Solido
36	59	51	Solido
126	183	144	Solido
154	220	213	Solido
125	180	166	Solido
114	156	153	Solido
40	60	64	Solido
13	18	25	Solido
16	32	31	Solido
157	214	188	Solido
20	31	27	Solido
162	229	226	Solido
45	76	58	Solido
33	57	51	Solido
32	52	45	Solido
159	226	224	Solido
78	117	94	Solido
19	36	34	Solido
20	27	48	Solido
90	128	128	Solido
12	22	23	Solido
154	219	215	Solido
157	222	220	Solido
88	131	106	Solido
123	175	169	Solido
139	200	174	Solido
141	196	167	Solido
162	233	228	Solido
163	229	223	Solido
132	194	187	Solido
140	198	176	Solido
131	183	165	Solido
21	39	39	Solido
92	128	136	Solido
82	119	124	Solido
19	30	27	Solido
87	118	129	Solido
165	234	229	Solido
84	123	119	Solido
142	201	192	Solido
47	69	54	Solido
156	222	220	Solido
88	130	122	Solido
18	28	27	Solido
23	40	37	Solido
53	78	72	Solido
34	49	38	Solido
143	196	177	Solido
138	194	187	Solido
161	229	226	Solido
147	205	187	Solido
101	140	109	Solido
154	218	216	Solido
123	173	159	Solido
172	238	192	Solido
46	77	54	Solido
120	181	151	Solido
95	131	130	Solido
157	222	219	Solido
163	234	226	Solido
146	204	185	Solido
56	91	68	Solido
94	132	137	Solido
154	217	213	Solido
105	154	162	Solido
152	211	203	Solido
126	174	173	Solido
160	232	228	Solido
103	149	128	Solido
165	232	230	Solido
166	229	211	Solido
47	78	55	Solido
137	190	169	Solido
14	25	23	Solido
161	226	225	Solido
122	166	158	Solido
12	21	23	Solido
137	194	180	Solido
75	105	108	Solido
111	151	146	Solido
103	141	140	Solido
161	229	227	Solido
94	135	124	Solido
15	23	25	Solido
163	231	228	Solido
21	37	33	Solido
159	226	221	Solido
161	230	224	Solido
167	233	232	Solido
55	80	72	Solido
95	134	116	Solido
159	229	220	Solido
155	221	178	Solido
133	177	170	Solido
125	187	167	Solido
115	166	165	Solido
17	31	30	Solido
16	30	29	Solido
69	96	107	Solido
148	209	210	Solido
157	225	198	Solido
55	85	68	Solido
154	219	213	Solido
159	228	220	Solido
158	222	221	Solido
17	28	25	Solido
128	171	175	Solido
164	232	227	Solido
136	189	179	Solido
155	219	216	Solido
24	42	40	Solido
162	221	208	Solido
163	233	229	Solido
81	117	121	Solido
99	146	115	Solido
20	32	34	Solido
151	210	189	Solido
154	209	180	Solido
78	111	104	Solido
159	226	225	Solido
158	222	219	Solido
128	190	168	Solido
118	165	162	Solido
20	33	25	Solido
135	198	174	Solido
119	166	164	Solido
165	230	228	Solido
26	47	36	Solido
90	134	99	Solido
88	123	138	Solido
163	229	229	Solido
147	209	187	Solido
71	108	110	Solido
164	227	216	Solido
14	26	28	Solido
136	187	187	Solido
149	211	213	Solido
15	32	27	Solido
159	227	225	Solido
121	164	164	Solido
165	234	233	Solido
161	221	220	Solido
165	228	214	Solido
85	126	129	Solido
158	224	223	Solido
108	143	125	Solido
81	108	111	Solido
46	70	79	Solido
137	190	175	Solido
152	217	210	Solido
163	230	229	Solido
153	220	218	Solido
131	187	177	Solido
75	107	108	Solido
15	26	24	Solido
163	232	228	Solido
18	31	30	Solido
107	151	148	Solido
174	241	232	Solido
25	39	59	Solido
101	147	143	Solido
117	161	162	Solido
131	184	170	Solido
124	168	159	Solido
91	128	113	Solido
32	55	49	Solido
158	225	222	Solido
106	153	159	Solido
117	170	154	Solido
154	221	217	Solido
174	233	227	Solido
122	168	154	Solido
16	26	29	Solido
16	27	59	Solido
16	26	26	Solido
163	226	211	Solido
37	57	44	Solido
159	227	224	Solido
16	29	31	Solido
93	132	139	Solido
139	199	169	Solido
132	188	152	Solido
114	166	134	Solido
157	227	215	Solido
20	34	34	Solido
126	180	167	Solido
160	227	224	Solido
129	181	173	Solido
157	225	222	Solido
157	216	190	Solido
90	126	130	Solido
28	44	45	Solido
15	22	43	Solido
67	90	103	Solido
148	209	204	Solido
94	134	103	Solido
169	232	229	Solido
164	231	228	Solido
148	209	206	Solido
159	225	220	Solido
149	203	189	Solido
144	204	192	Solido
117	158	152	Solido
153	211	181	Solido
115	156	125	Solido
161	228	227	Solido
165	231	233	Solido
135	196	192	Solido
144	200	180	Solido
162	231	223	Solido
94	132	108	Solido
162	229	228	Solido
34	51	60	Solido
60	83	91	Solido
147	202	199	Solido
157	226	222	Solido
161	227	224	Solido
113	156	149	Solido
73	98	101	Solido
154	214	199	Solido
22	28	32	Solido
167	235	231	Solido
137	199	165	Solido
101	136	129	Solido
157	225	215	Solido
154	221	220	Solido
165	236	232	Solido
20	20	59	Solido
140	193	177	Solido
36	59	53	Solido
153	214	195	Solido
69	90	87	Solido
164	230	231	Solido
161	232	228	Solido
126	175	167	Solido
151	215	196	Solido
12	30	32	Solido
155	222	219	Solido
45	70	63	Solido
69	95	106	Solido
149	215	209	Solido
168	237	234	Solido
155	223	202	Solido
101	142	140	Solido
164	233	228	Solido
99	139	146	Solido
159	216	203	Solido
159	223	221	Solido
133	180	177	Solido
59	90	89	Solido
87	121	121	Solido
142	206	194	Solido
151	209	207	Solido
30	42	56	Solido
155	223	216	Solido
150	212	191	Solido
69	97	94	Solido
98	136	113	Solido
167	237	229	Solido
85	109	123	Solido
22	36	32	Solido
115	161	157	Solido
165	227	218	Solido
169	236	233	Solido
71	99	114	Solido
48	80	64	Solido
149	214	212	Solido
162	232	228	Solido
23	41	39	Solido
18	32	30	Solido
154	217	216	Solido
122	166	141	Solido
147	212	206	Solido
147	209	180	Solido
96	141	122	Solido
118	167	140	Solido
160	227	222	Solido
20	38	52	Solido
50	76	61	Solido
158	225	222	Solido
20	37	33	Solido
158	225	223	Solido
35	54	46	Solido
165	232	230	Solido
132	190	162	Solido
143	196	168	Solido
131	175	169	Solido
110	164	153	Solido
138	199	170	Solido
87	130	129	Solido
125	174	153	Solido
125	181	171	Solido
115	165	164	Solido
92	138	135	Solido
95	141	138	Solido
66	93	99	Solido
140	189	167	Solido
119	177	159	Solido
124	182	171	Solido
125	180	169	Solido
130	177	166	Solido
137	195	181	Solido
128	183	172	Solido
151	215	187	Solido
134	190	174	Solido
139	193	164	Solido
133	191	174	Solido
127	184	157	Solido
126	181	160	Solido
135	191	162	Solido
133	193	180	Solido
139	200	181	Solido
126	184	178	Solido
111	159	156	Solido
66	93	103	Solido
108	155	149	Solido
143	200	175	Solido
128	186	174	Solido
101	142	137	Solido
146	205	176	Solido
110	153	134	Solido
83	128	120	Solido
103	145	146	Solido
137	196	171	Solido
134	178	155	Solido
144	203	189	Solido
141	206	182	Solido
143	203	173	Solido
109	163	162	Solido
122	177	167	Solido
101	147	143	Solido
115	175	159	Solido
141	199	167	Solido
128	181	173	Solido
143	203	184	Solido
72	106	101	Solido
143	204	179	Solido
119	176	154	Solido
147	214	189	Solido
109	156	151	Solido
93	127	121	Solido
133	190	165	Solido
131	187	175	Solido
147	208	190	Solido
82	119	120	Solido
138	199	177	Solido
95	134	133	Solido
123	180	166	Solido
124	179	176	Solido
129	175	162	Solido
136	193	177	Solido
129	180	168	Solido
121	176	167	Solido
136	195	178	Solido
125	183	162	Solido
121	179	164	Solido
131	186	159	Solido
93	136	136	Solido
124	175	151	Solido
114	164	150	Solido
112	162	140	Solido
137	203	186	Solido
147	205	172	Solido
112	167	163	Solido
126	187	163	Solido
129	173	153	Solido
132	196	173	Solido
143	192	174	Solido
109	157	149	Solido
86	118	126	Solido
136	200	181	Solido
83	121	121	Solido
134	193	168	Solido
133	192	171	Solido
138	191	165	Solido
138	191	166	Solido
92	137	131	Solido
117	169	154	Solido
117	171	167	Solido
125	185	174	Solido
110	162	149	Solido
119	167	164	Solido
136	203	179	Solido
98	131	120	Solido
134	184	175	Solido
129	180	159	Solido
135	189	171	Solido
133	188	165	Solido
75	108	112	Solido
94	138	129	Solido
97	147	138	Solido
142	203	168	Solido
135	191	165	Solido
107	152	148	Solido
123	182	159	Solido
141	194	166	Solido
135	185	164	Solido
114	162	157	Solido
100	149	144	Solido
128	183	167	Solido
116	156	151	Solido
119	172	163	Solido
120	174	161	Solido
116	160	141	Solido
86	122	129	Solido
112	161	149	Solido
120	169	155	Solido
125	181	158	Solido
133	187	165	Solido
98	134	121	Solido
86	121	124	Solido
125	185	166	Solido
126	173	158	Solido
100	140	140	Solido
133	191	163	Solido
139	200	186	Solido
109	156	151	Solido
69	104	107	Solido
127	183	170	Solido
140	203	180	Solido
137	201	177	Solido
134	188	171	Solido
116	161	142	Solido
126	186	177	Solido
88	130	129	Solido
67	91	99	Solido
85	127	125	Solido
131	180	157	Solido
130	180	161	Solido
95	136	136	Solido
140	197	168	Solido
108	155	149	Solido
139	197	169	Solido
133	191	175	Solido
142	200	188	Solido
127	187	179	Solido
134	185	157	Solido
137	194	181	Solido
136	188	167	Solido
143	198	162	Solido
92	145	131	Solido
108	157	143	Solido
130	184	175	Solido
145	203	186	Solido
116	169	156	Solido
109	158	156	Solido
137	190	171	Solido
113	162	158	Solido
127	183	169	Solido
115	171	157	Solido
138	196	168	Solido
131	179	169	Solido
89	133	132	Solido
133	193	177	Solido
143	199	176	Solido
99	139	130	Solido
138	195	180	Solido
88	131	128	Solido
126	188	166	Solido
129	185	171	Solido
115	168	149	Solido
167	230	229	Solido
165	230	228	Solido
147	197	206	Solido
165	231	230	Solido
166	227	227	Solido
151	207	213	Solido
159	218	219	Solido
159	222	219	Solido
164	224	218	Solido
166	231	230	Solido
130	186	196	Solido
162	224	222	Solido
164	227	230	Solido
169	233	228	Solido
159	220	220	Solido
163	226	222	Solido
173	238	232	Solido
167	226	223	Solido
168	240	237	Solido
160	218	222	Solido
136	192	200	Solido
144	205	208	Solido
163	224	223	Solido
153	216	217	Solido
133	192	196	Solido
164	229	227	Solido
159	224	218	Solido
160	222	215	Solido
157	218	219	Solido
164	226	220	Solido
167	228	228	Solido
164	222	221	Solido
167	231	230	Solido
167	236	234	Solido
151	215	219	Solido
163	227	228	Solido
155	218	214	Solido
169	234	234	Solido
161	222	219	Solido
183	252	241	Solido
161	221	225	Solido
167	229	226	Solido
164	229	226	Solido
169	235	232	Solido
160	224	219	Solido
157	216	219	Solido
154	215	217	Solido
161	222	222	Solido
162	224	222	Solido
154	217	222	Solido
157	217	213	Solido
166	231	232	Solido
170	240	234	Solido
129	186	187	Solido
158	217	220	Solido
160	220	222	Solido
161	226	218	Solido
140	198	205	Solido
160	225	227	Solido
172	235	231	Solido
179	242	234	Solido
158	223	218	Solido
156	215	209	Solido
153	213	211	Solido
153	215	214	Solido
95	136	155	Solido
162	223	223	Solido
153	214	215	Solido
173	235	235	Solido
155	217	217	Solido
165	232	232	Solido
142	195	203	Solido
157	219	220	Solido
167	231	231	Solido
165	233	225	Solido
153	214	206	Solido
104	156	175	Solido
167	231	233	Solido
141	196	202	Solido
163	228	223	Solido
157	214	213	Solido
163	226	224	Solido
118	169	183	Solido
166	231	229	Solido
173	240	237	Solido
165	230	229	Solido
168	229	221	Solido
161	222	224	Solido
158	220	215	Solido
161	220	222	Solido
160	222	220	Solido
163	224	225	Solido
167	230	224	Solido
164	229	225	Solido
170	232	229	Solido
157	217	218	Solido
162	223	219	Solido
143	200	202	Solido
156	220	214	Solido
163	227	223	Solido
174	240	235	Solido
123	182	190	Solido
169	230	231	Solido
149	210	210	Solido
162	223	221	Solido
164	229	229	Solido
133	189	199	Solido
150	208	209	Solido
153	212	217	Solido
161	227	226	Solido
163	222	225	Solido
159	222	217	Solido
159	221	222	Solido
159	220	220	Solido
167	230	229	Solido
166	231	230	Solido
158	217	222	Solido
160	223	220	Solido
157	214	216	Solido
167	233	231	Solido
138	196	197	Solido
157	219	219	Solido
162	223	225	Solido
154	219	221	Solido
128	186	188	Solido
155	215	214	Solido
167	235	229	Solido
163	229	228	Solido
154	212	211	Solido
164	227	218	Solido
161	223	220	Solido
151	207	206	Solido
153	211	208	Solido
157	218	220	Solido
169	231	230	Solido
166	232	229	Solido
169	235	234	Solido
150	207	210	Solido
164	226	222	Solido
138	191	202	Solido
172	238	237	Solido
151	211	210	Solido
154	213	209	Solido
159	221	218	Solido
160	226	218	Solido
165	226	227	Solido
167	230	229	Solido
158	218	216	Solido
157	219	214	Solido
143	204	198	Solido
143	199	209	Solido
157	221	221	Solido
140	204	206	Solido
165	231	230	Solido
165	229	232	Solido
149	209	213	Solido
168	233	236	Solido
158	218	220	Solido
164	228	216	Solido
165	226	224	Solido
167	229	225	Solido
131	187	194	Solido
158	221	217	Solido
165	228	225	Solido
161	224	223	Solido
163	225	221	Solido
165	228	225	Solido
155	218	216	Solido
123	175	182	Solido
143	204	203	Solido
155	212	208	Solido
165	230	225	Solido
125	183	191	Solido
169	234	232	Solido
159	219	217	Solido
131	188	192	Solido
150	212	211	Solido
169	230	227	Solido
169	233	230	Solido
164	224	223	Solido
159	220	219	Solido
155	217	220	Solido
158	216	215	Solido
171	233	233	Solido
155	212	216	Solido
165	229	226	Solido
155	218	215	Solido
167	230	228	Solido
157	221	221	Solido
167	232	223	Solido
155	217	220	Solido
165	224	224	Solido
163	228	227	Solido
161	223	225	Solido
159	221	219	Solido
161	220	222	Solido
164	226	227	Solido
155	214	218	Solido
157	220	220	Solido
170	231	231	Solido
151	210	212	Solido
153	214	214	Solido
165	229	226	Solido
151	202	209	Solido
166	227	224	Solido
157	219	213	Solido
147	201	207	Solido
159	223	218	Solido
158	219	217	Solido
161	222	221	Solido
165	227	226	Solido
164	230	224	Solido
162	224	222	Solido
157	220	221	Solido
142	201	201	Solido
166	232	228	Solido
166	231	227	Solido
161	226	226	Solido
165	231	225	Solido
165	230	230	Solido
120	182	189	Solido
161	224	224	Solido
159	218	218	Solido
167	230	228	Solido
159	220	217	Solido
179	245	239	Solido
169	233	231	Solido
162	223	218	Solido
161	222	217	Solido
166	227	216	Solido
171	233	231	Solido
165	230	228	Solido
163	227	227	Solido
155	216	215	Solido
161	226	225	Solido
160	225	222	Solido
