72	160	186	Poro
13	23	22	Poro
13	21	22	Poro
6	71	111	Poro
61	141	147	Poro
49	136	167	Poro
13	23	23	Poro
12	22	26	Poro
17	26	29	Poro
12	22	27	Poro
71	160	191	Poro
38	129	170	Poro
15	26	25	Poro
45	138	165	Poro
13	22	25	Poro
19	26	29	Poro
16	27	25	Poro
14	24	27	Poro
18	27	27	Poro
68	159	185	Poro
13	23	24	Poro
36	129	179	Poro
14	22	25	Poro
50	144	175	Poro
14	25	29	Poro
15	25	27	Poro
49	145	173	Poro
15	26	24	Poro
14	22	24	Poro
16	25	25	Poro
50	139	165	Poro
15	23	28	Poro
45	145	181	Poro
54	143	178	Poro
41	123	151	Poro
44	137	161	Poro
20	32	33	Poro
35	142	181	Poro
10	24	24	Poro
16	24	29	Poro
18	28	29	Poro
16	25	28	Poro
12	26	27	Poro
69	160	182	Poro
15	23	27	Poro
13	23	27	Poro
12	21	23	Poro
16	25	30	Poro
16	26	25	Poro
35	114	147	Poro
33	128	144	Poro
20	108	164	Poro
29	121	150	Poro
14	23	24	Poro
14	22	26	Poro
16	23	26	Poro
14	23	26	Poro
13	22	24	Poro
16	26	26	Poro
72	157	175	Poro
14	22	26	Poro
16	23	28	Poro
14	22	28	Poro
13	24	27	Poro
32	127	163	Poro
47	147	178	Poro
20	32	32	Poro
15	26	25	Poro
9	24	24	Poro
12	23	23	Poro
15	24	28	Poro
14	24	26	Poro
49	139	167	Poro
12	23	25	Poro
15	24	29	Poro
30	115	149	Poro
12	22	25	Poro
37	125	171	Poro
16	27	28	Poro
15	23	28	Poro
60	151	175	Poro
48	145	183	Poro
14	24	26	Poro
35	135	169	Poro
14	22	26	Poro
13	28	27	Poro
16	25	27	Poro
16	25	26	Poro
41	135	173	Poro
67	156	168	Poro
15	24	28	Poro
41	142	179	Poro
12	23	25	Poro
19	28	30	Poro
11	21	26	Poro
13	21	23	Poro
15	24	27	Poro
67	159	187	Poro
52	151	177	Poro
13	24	25	Poro
65	156	187	Poro
34	132	187	Poro
54	147	176	Poro
15	27	27	Poro
12	23	25	Poro
14	20	26	Poro
14	25	29	Poro
13	22	21	Poro
14	22	26	Poro
16	25	28	Poro
16	24	28	Poro
16	26	25	Poro
16	25	26	Poro
46	131	159	Poro
15	26	29	Poro
35	132	168	Poro
35	107	139	Poro
18	27	31	Poro
13	24	26	Poro
46	145	182	Poro
15	24	27	Poro
39	137	184	Poro
15	25	28	Poro
14	23	27	Poro
12	23	28	Poro
13	21	23	Poro
42	145	180	Poro
52	134	162	Poro
15	24	26	Poro
18	25	26	Poro
14	23	27	Poro
42	128	153	Poro
42	128	155	Poro
12	21	25	Poro
14	22	24	Poro
16	27	29	Poro
40	134	172	Poro
15	24	26	Poro
16	27	31	Poro
63	156	175	Poro
16	25	27	Poro
15	26	27	Poro
47	145	173	Poro
16	26	26	Poro
14	23	22	Poro
35	136	171	Poro
14	23	27	Poro
43	138	160	Poro
16	26	25	Poro
36	136	171	Poro
12	24	25	Poro
81	168	181	Poro
22	29	35	Poro
14	24	27	Poro
12	22	26	Poro
12	24	23	Poro
34	131	168	Poro
68	159	175	Poro
54	142	178	Poro
15	24	27	Poro
52	135	163	Poro
69	153	162	Poro
39	133	183	Poro
16	24	30	Poro
27	37	34	Poro
17	26	29	Poro
11	21	23	Poro
110	190	190	Poro
64	158	189	Poro
54	146	176	Poro
14	24	26	Poro
13	26	25	Poro
14	26	28	Poro
37	131	183	Poro
41	120	139	Poro
13	22	23	Poro
21	32	32	Poro
30	124	171	Poro
19	29	27	Poro
14	23	28	Poro
50	145	189	Poro
70	160	181	Poro
41	142	181	Poro
70	155	167	Poro
16	28	34	Poro
15	24	27	Poro
13	22	22	Poro
52	141	165	Poro
62	135	152	Poro
12	22	25	Poro
34	134	167	Poro
14	24	27	Poro
17	25	25	Poro
71	161	189	Poro
11	22	25	Poro
15	22	24	Poro
13	24	26	Poro
13	23	28	Poro
40	99	121	Poro
39	140	161	Poro
12	22	24	Poro
13	23	27	Poro
33	131	154	Poro
53	150	183	Poro
19	34	35	Poro
67	158	189	Poro
11	20	27	Poro
15	24	26	Poro
14	26	28	Poro
14	23	24	Poro
68	158	195	Poro
12	22	25	Poro
12	25	22	Poro
20	30	30	Poro
13	23	23	Poro
16	24	28	Poro
15	23	26	Poro
23	35	31	Poro
12	23	24	Poro
69	159	192	Poro
42	121	154	Poro
16	26	25	Poro
33	124	157	Poro
39	138	176	Poro
13	23	24	Poro
14	22	30	Poro
13	22	26	Poro
50	150	178	Poro
15	24	26	Poro
14	23	27	Poro
15	24	27	Poro
38	140	178	Poro
98	186	200	Poro
91	176	196	Poro
12	25	21	Poro
15	25	25	Poro
29	117	137	Poro
51	132	158	Poro
42	129	157	Poro
55	140	156	Poro
28	38	36	Poro
15	24	24	Poro
13	23	29	Poro
55	153	185	Poro
41	137	179	Poro
15	25	28	Poro
19	28	29	Poro
14	24	25	Poro
14	24	24	Poro
18	32	31	Poro
34	127	168	Poro
14	23	28	Poro
16	23	26	Poro
12	23	22	Poro
24	37	34	Poro
45	137	180	Poro
31	120	173	Poro
13	23	24	Poro
14	24	25	Poro
15	25	28	Poro
38	140	167	Poro
14	20	27	Poro
74	161	179	Poro
16	24	29	Poro
37	133	167	Poro
17	27	25	Poro
67	159	188	Poro
16	25	23	Poro
53	150	177	Poro
18	29	29	Poro
12	24	24	Poro
15	25	30	Poro
16	26	29	Poro
71	160	177	Poro
15	26	30	Poro
12	23	24	Poro
13	23	23	Poro
37	111	140	Poro
16	23	25	Poro
13	22	26	Poro
21	33	32	Poro
17	25	25	Poro
42	143	181	Poro
14	27	29	Poro
45	146	181	Poro
15	26	27	Poro
13	22	28	Poro
13	26	29	Poro
15	27	24	Poro
91	177	196	Poro
14	22	26	Poro
50	147	169	Poro
30	101	130	Poro
16	26	24	Poro
16	24	27	Poro
13	28	26	Poro
15	28	28	Poro
20	32	30	Poro
16	24	28	Poro
14	23	27	Poro
43	143	176	Poro
18	30	29	Poro
13	22	22	Poro
14	23	25	Poro
57	133	137	Poro
35	128	170	Poro
38	133	159	Poro
14	24	28	Poro
32	124	179	Poro
79	166	183	Poro
15	24	25	Poro
11	21	26	Poro
13	24	29	Poro
13	22	25	Poro
16	26	28	Poro
35	129	155	Poro
14	21	24	Poro
14	23	23	Poro
16	27	27	Poro
12	22	24	Poro
43	141	175	Poro
51	138	160	Poro
14	23	26	Poro
26	37	34	Poro
14	27	27	Poro
62	158	182	Poro
15	25	27	Poro
34	127	181	Poro
14	27	27	Poro
73	162	190	Poro
14	23	27	Poro
61	151	182	Poro
15	25	24	Poro
13	24	26	Poro
41	129	159	Poro
55	141	168	Poro
15	25	27	Poro
13	22	25	Poro
40	141	185	Poro
15	24	25	Poro
14	24	25	Poro
42	140	170	Poro
15	25	28	Poro
12	25	25	Poro
78	163	186	Poro
14	29	27	Poro
14	23	26	Poro
61	147	181	Poro
17	28	32	Poro
14	24	25	Poro
12	22	23	Poro
16	24	27	Poro
12	24	29	Poro
42	128	156	Poro
15	28	27	Poro
18	30	29	Poro
13	24	32	Poro
32	131	169	Poro
13	21	23	Poro
16	27	26	Poro
14	27	25	Poro
46	148	179	Poro
35	131	177	Poro
11	20	24	Poro
19	89	131	Poro
90	173	198	Poro
54	134	164	Poro
18	27	28	Poro
64	155	174	Poro
43	134	154	Poro
17	25	28	Poro
51	144	176	Poro
13	24	24	Poro
15	24	29	Poro
13	22	24	Poro
43	125	160	Poro
44	144	183	Poro
66	156	192	Poro
36	129	168	Poro
19	28	29	Poro
41	140	171	Poro
65	155	183	Poro
14	24	27	Poro
15	27	28	Poro
40	130	171	Poro
16	29	25	Poro
45	143	172	Poro
66	159	184	Poro
12	22	26	Poro
17	30	29	Poro
80	166	180	Poro
8	20	23	Poro
20	27	31	Poro
43	143	173	Poro
15	27	33	Poro
42	140	175	Poro
40	99	121	Poro
50	146	174	Poro
14	21	27	Poro
13	26	30	Poro
13	25	26	Poro
54	137	154	Poro
38	126	165	Poro
16	26	26	Poro
33	131	185	Poro
15	24	27	Poro
15	25	30	Poro
17	27	27	Poro
13	24	27	Poro
46	128	165	Poro
60	121	131	Poro
13	21	26	Poro
17	29	30	Poro
16	22	28	Poro
41	133	162	Poro
32	126	172	Poro
14	27	30	Poro
14	24	25	Poro
10	21	23	Poro
15	26	30	Poro
15	24	28	Poro
16	25	27	Poro
14	26	29	Poro
13	26	25	Poro
15	29	26	Poro
11	20	26	Poro
16	27	29	Poro
37	131	159	Poro
13	23	25	Poro
18	26	30	Poro
12	23	22	Poro
15	25	28	Poro
43	123	159	Poro
36	107	135	Poro
18	28	31	Poro
27	95	131	Poro
14	25	28	Poro
13	20	26	Poro
12	20	24	Poro
53	133	161	Poro
40	126	158	Poro
11	25	24	Poro
17	27	28	Poro
26	36	38	Poro
14	26	26	Poro
16	26	29	Poro
50	143	159	Poro
77	165	188	Poro
11	23	24	Poro
38	138	174	Poro
15	23	28	Poro
16	23	23	Poro
15	24	25	Poro
19	28	29	Poro
67	158	186	Poro
81	164	180	Poro
16	23	25	Poro
13	21	24	Poro
12	22	21	Poro
41	128	159	Poro
14	24	28	Poro
40	127	166	Poro
14	24	27	Poro
23	34	32	Poro
13	22	24	Poro
49	138	165	Poro
36	134	165	Poro
15	27	27	Poro
13	24	24	Poro
15	24	26	Poro
18	26	24	Poro
16	25	26	Poro
82	165	181	Poro
13	27	27	Poro
13	24	25	Poro
16	25	30	Poro
13	23	25	Poro
14	24	25	Poro
12	21	21	Poro
15	27	30	Poro
14	25	27	Poro
13	24	29	Poro
17	29	28	Poro
31	110	141	Poro
38	139	164	Poro
22	112	167	Poro
46	137	175	Poro
42	138	173	Poro
49	146	180	Poro
57	129	134	Poro
56	146	171	Poro
47	138	175	Poro
61	139	156	Poro
16	25	29	Poro
15	24	24	Poro
13	23	25	Poro
44	139	177	Poro
73	164	182	Poro
16	29	30	Poro
55	147	175	Poro
14	21	26	Poro
30	125	162	Poro
14	23	24	Poro
14	23	29	Poro
14	22	22	Poro
19	29	28	Poro
15	22	24	Poro
43	109	134	Poro
16	25	30	Poro
20	103	137	Poro
10	20	23	Poro
54	135	160	Poro
45	121	155	Poro
21	32	31	Poro
48	128	154	Poro
67	161	190	Poro
13	21	24	Poro
51	136	166	Poro
63	145	152	Poro
12	22	26	Poro
11	24	25	Poro
14	27	25	Poro
15	24	23	Poro
16	31	29	Poro
16	24	26	Poro
13	21	26	Poro
16	26	26	Poro
13	23	25	Poro
14	26	29	Poro
49	143	180	Poro
17	25	29	Poro
14	25	29	Poro
37	124	171	Poro
13	22	24	Poro
50	142	177	Poro
14	24	21	Poro
14	25	24	Poro
58	151	168	Poro
13	21	26	Poro
16	24	27	Poro
12	18	25	Poro
13	22	25	Poro
47	140	169	Poro
13	22	28	Poro
17	27	28	Poro
13	24	24	Poro
38	129	163	Poro
33	128	160	Poro
40	140	175	Poro
36	123	174	Poro
33	123	161	Poro
46	138	165	Poro
39	124	158	Poro
47	108	122	Poro
15	22	27	Poro
45	139	173	Poro
39	125	156	Poro
15	23	27	Poro
33	106	139	Poro
41	134	173	Poro
15	24	22	Poro
17	31	31	Poro
13	22	24	Poro
58	153	181	Poro
16	26	28	Poro
23	34	32	Poro
14	23	24	Poro
13	26	25	Poro
16	27	27	Poro
46	141	183	Poro
14	23	26	Poro
15	24	26	Poro
53	142	176	Poro
61	147	174	Poro
14	23	26	Poro
37	132	159	Poro
13	23	27	Poro
13	25	28	Poro
34	132	158	Poro
18	32	28	Poro
10	22	27	Poro
81	168	184	Poro
18	26	29	Poro
51	143	177	Poro
55	133	161	Poro
15	26	26	Poro
43	142	173	Poro
41	138	173	Poro
15	27	28	Poro
38	131	172	Poro
13	21	24	Poro
15	27	28	Poro
15	25	25	Poro
14	23	24	Poro
45	106	127	Poro
13	23	25	Poro
16	25	27	Poro
15	23	27	Poro
11	25	26	Poro
68	159	188	Poro
17	27	30	Poro
18	29	29	Poro
39	131	164	Poro
38	134	164	Poro
36	123	159	Poro
21	32	33	Poro
75	164	193	Poro
28	40	33	Poro
16	26	28	Poro
38	125	155	Poro
15	24	28	Poro
41	122	155	Poro
13	22	25	Poro
16	23	26	Poro
47	145	183	Poro
14	24	25	Poro
81	163	184	Poro
18	30	31	Poro
47	143	170	Poro
93	177	191	Poro
15	26	25	Poro
41	141	173	Poro
66	159	187	Poro
14	23	26	Poro
15	24	29	Poro
44	141	170	Poro
16	23	27	Poro
37	137	170	Poro
13	22	25	Poro
54	146	177	Poro
53	139	157	Poro
66	157	189	Poro
13	24	24	Poro
45	143	184	Poro
36	126	181	Poro
50	147	161	Poro
18	110	155	Poro
16	27	27	Poro
13	21	23	Poro
65	132	139	Poro
11	18	22	Poro
55	148	177	Poro
10	23	24	Poro
16	26	29	Poro
57	153	176	Poro
46	130	159	Poro
47	137	167	Poro
14	22	25	Poro
45	123	155	Poro
15	24	27	Poro
15	24	26	Poro
14	24	26	Poro
77	156	177	Poro
46	144	174	Poro
16	30	31	Poro
17	26	29	Poro
13	24	23	Poro
13	25	27	Poro
13	23	28	Poro
15	23	24	Poro
15	24	28	Poro
52	144	161	Poro
13	22	27	Poro
41	133	173	Poro
13	23	25	Poro
46	143	177	Poro
14	24	27	Poro
16	25	27	Poro
38	130	185	Poro
40	140	183	Poro
55	129	156	Poro
12	21	23	Poro
48	142	168	Poro
48	127	150	Poro
27	36	32	Poro
15	23	25	Poro
14	23	25	Poro
44	142	189	Poro
36	131	165	Poro
38	122	153	Poro
13	25	26	Poro
13	26	23	Poro
15	26	27	Poro
15	24	28	Poro
12	23	27	Poro
15	23	23	Poro
13	22	23	Poro
15	24	27	Poro
13	23	26	Poro
68	159	184	Poro
14	25	23	Poro
12	24	28	Poro
15	24	27	Poro
40	141	179	Poro
58	123	127	Poro
16	30	27	Poro
14	23	27	Poro
13	24	27	Poro
18	28	27	Poro
13	20	26	Poro
33	132	173	Poro
15	23	27	Poro
13	23	24	Poro
11	20	24	Poro
13	27	29	Poro
15	25	24	Poro
15	23	24	Poro
41	139	179	Poro
63	158	173	Poro
41	125	155	Poro
12	24	26	Poro
38	108	135	Poro
42	134	153	Poro
19	28	30	Poro
16	26	26	Poro
45	141	156	Poro
11	20	23	Poro
14	23	27	Poro
14	21	26	Poro
48	127	136	Poro
10	21	25	Poro
13	24	25	Poro
40	144	186	Poro
52	145	177	Poro
17	26	25	Poro
14	26	26	Poro
39	130	157	Poro
66	148	160	Poro
20	30	28	Poro
16	24	28	Poro
13	22	28	Poro
17	25	28	Poro
49	143	171	Poro
15	25	27	Poro
40	117	140	Poro
47	145	167	Poro
67	159	186	Poro
16	24	26	Poro
13	24	25	Poro
38	130	172	Poro
57	144	179	Poro
15	24	23	Poro
44	119	149	Poro
41	137	188	Poro
13	24	26	Poro
12	21	25	Poro
14	24	27	Poro
15	27	28	Poro
44	134	163	Poro
14	23	21	Poro
14	27	28	Poro
83	169	189	Poro
12	21	25	Poro
14	25	28	Poro
16	25	27	Poro
60	155	179	Poro
13	24	27	Poro
16	26	28	Poro
22	36	27	Poro
67	158	190	Poro
15	26	26	Poro
15	24	30	Poro
17	27	28	Poro
15	25	25	Poro
51	144	152	Poro
16	25	31	Poro
17	26	29	Poro
13	22	25	Poro
34	121	160	Poro
38	132	180	Poro
17	26	28	Poro
15	25	26	Poro
13	21	25	Poro
14	22	24	Poro
10	22	24	Poro
20	30	34	Poro
13	21	28	Poro
33	125	161	Poro
14	24	27	Poro
15	23	25	Poro
14	23	23	Poro
36	141	186	Poro
15	24	28	Poro
15	27	29	Poro
57	130	159	Poro
13	24	29	Poro
22	37	31	Poro
19	33	28	Poro
14	23	26	Poro
11	20	21	Poro
56	143	157	Poro
12	21	22	Poro
29	124	170	Poro
15	23	26	Poro
72	157	182	Poro
18	25	27	Poro
63	151	171	Poro
17	25	27	Poro
14	24	27	Poro
64	149	159	Poro
15	22	26	Poro
46	130	165	Poro
23	36	29	Poro
12	21	27	Poro
55	143	162	Poro
47	125	143	Poro
42	139	175	Poro
14	24	25	Poro
14	24	25	Poro
38	139	175	Poro
17	28	32	Poro
34	127	167	Poro
16	27	25	Poro
14	23	28	Poro
14	25	25	Poro
12	22	24	Poro
48	137	158	Poro
15	24	25	Poro
14	22	24	Poro
87	170	194	Poro
13	23	26	Poro
29	126	179	Poro
15	24	28	Poro
63	155	187	Poro
34	44	42	Poro
15	26	29	Poro
15	25	28	Poro
12	22	23	Poro
15	22	26	Poro
17	30	30	Poro
16	25	26	Poro
34	127	177	Poro
51	147	179	Poro
62	142	146	Poro
31	126	183	Poro
15	22	25	Poro
33	109	139	Poro
11	23	25	Poro
12	26	24	Poro
15	22	27	Poro
37	138	173	Poro
49	145	175	Poro
61	128	141	Poro
31	111	140	Poro
14	24	26	Poro
13	23	24	Poro
25	36	32	Poro
21	30	29	Poro
18	24	29	Poro
9	20	25	Poro
60	135	159	Poro
16	26	24	Poro
16	26	25	Poro
17	28	29	Poro
15	23	24	Poro
15	21	24	Poro
19	30	25	Poro
47	101	122	Poro
59	134	164	Poro
67	159	192	Poro
12	23	28	Poro
15	24	26	Poro
16	25	26	Poro
37	111	148	Poro
16	24	28	Poro
13	25	28	Poro
41	137	177	Poro
13	22	27	Poro
15	25	28	Poro
18	26	26	Poro
14	23	25	Poro
14	24	26	Poro
45	139	168	Poro
14	26	31	Poro
60	139	157	Poro
14	25	24	Poro
66	159	181	Poro
14	24	23	Poro
14	23	22	Poro
21	33	27	Poro
17	29	32	Poro
15	25	27	Poro
71	159	190	Poro
14	23	27	Poro
16	25	31	Poro
15	24	26	Poro
31	123	155	Poro
52	142	175	Poro
61	143	157	Poro
88	174	196	Poro
11	24	23	Poro
15	25	26	Poro
11	25	25	Poro
12	22	23	Poro
84	167	185	Poro
13	23	25	Poro
15	23	27	Poro
14	23	25	Poro
43	133	168	Poro
62	143	169	Poro
15	23	28	Poro
14	26	27	Poro
16	25	29	Poro
36	131	177	Poro
17	26	28	Poro
13	26	31	Poro
44	134	183	Poro
65	158	191	Poro
38	139	186	Poro
13	23	24	Poro
51	114	135	Poro
15	25	26	Poro
72	161	189	Poro
14	23	29	Poro
33	118	163	Poro
18	24	25	Poro
14	24	26	Poro
37	125	168	Poro
68	157	189	Poro
40	139	173	Poro
13	21	25	Poro
63	159	175	Poro
16	24	27	Poro
50	148	177	Poro
14	26	25	Poro
35	129	179	Poro
15	24	27	Poro
41	141	175	Poro
13	22	24	Poro
45	139	168	Poro
84	171	187	Poro
15	23	27	Poro
15	23	27	Poro
56	153	185	Poro
12	21	23	Poro
14	25	26	Poro
52	145	177	Poro
17	28	29	Poro
15	24	27	Poro
67	160	181	Poro
26	33	32	Poro
16	24	26	Poro
15	26	28	Poro
14	25	28	Poro
35	126	165	Poro
43	131	173	Poro
19	32	28	Poro
12	20	23	Poro
15	24	25	Poro
17	27	29	Poro
15	26	25	Poro
14	27	24	Poro
12	22	26	Poro
67	119	134	Poro
56	149	180	Poro
10	21	24	Poro
14	25	24	Poro
14	26	30	Poro
31	120	163	Poro
38	134	183	Poro
39	140	172	Poro
10	21	23	Poro
56	133	149	Poro
10	20	26	Poro
14	25	24	Poro
16	25	26	Poro
47	140	153	Poro
16	24	25	Poro
36	93	124	Poro
16	26	27	Poro
12	21	25	Poro
14	25	24	Poro
13	23	25	Poro
14	24	23	Poro
61	154	168	Poro
12	25	24	Poro
69	149	153	Poro
47	110	123	Poro
36	135	185	Poro
17	29	32	Poro
44	143	174	Poro
15	25	25	Poro
48	124	153	Poro
16	25	27	Poro
14	24	25	Poro
37	135	173	Poro
54	137	153	Poro
13	23	25	Poro
45	134	163	Poro
38	120	159	Poro
15	25	29	Poro
34	128	171	Poro
13	25	27	Poro
46	144	185	Poro
32	128	180	Poro
50	135	173	Poro
14	24	29	Poro
35	128	179	Poro
14	22	22	Poro
12	22	27	Poro
13	23	25	Poro
13	23	25	Poro
32	42	37	Poro
14	24	26	Poro
14	24	29	Poro
18	28	28	Poro
13	22	25	Poro
14	23	23	Poro
40	129	155	Poro
35	114	145	Poro
14	26	29	Poro
35	128	173	Poro
15	24	25	Poro
22	30	28	Poro
12	21	22	Poro
12	22	25	Poro
15	24	29	Poro
18	30	30	Poro
13	22	24	Poro
12	24	26	Poro
77	161	182	Poro
14	26	24	Poro
15	24	29	Poro
35	132	153	Poro
19	30	31	Poro
55	143	173	Poro
15	22	28	Poro
43	137	172	Poro
14	27	29	Poro
14	22	26	Poro
33	129	177	Poro
19	32	32	Poro
14	25	24	Poro
18	25	25	Poro
59	146	173	Poro
14	23	25	Poro
44	134	155	Poro
40	133	173	Poro
17	27	31	Poro
34	133	157	Poro
61	121	137	Poro
14	24	26	Poro
15	25	27	Poro
14	25	30	Poro
41	136	167	Poro
14	26	28	Poro
15	28	27	Poro
10	21	21	Poro
15	25	27	Poro
14	27	27	Poro
13	24	29	Poro
19	26	27	Poro
41	136	170	Poro
14	24	28	Poro
44	141	168	Poro
14	24	26	Poro
20	32	31	Poro
15	27	31	Poro
14	23	27	Poro
34	128	155	Poro
15	26	28	Poro
14	22	25	Poro
52	114	123	Poro
15	22	29	Poro
65	155	189	Poro
10	20	25	Poro
13	24	25	Poro
51	143	175	Poro
49	147	178	Poro
13	23	24	Poro
54	143	169	Poro
18	26	29	Poro
73	161	185	Poro
15	27	26	Poro
48	141	174	Poro
51	121	126	Poro
15	24	26	Poro
16	26	27	Poro
43	127	163	Poro
33	124	151	Poro
42	140	177	Poro
15	24	28	Poro
15	26	27	Poro
67	158	188	Poro
23	32	33	Poro
14	25	30	Poro
13	25	30	Poro
16	27	26	Poro
41	139	174	Poro
16	24	25	Poro
15	25	28	Poro
12	23	25	Poro
26	126	173	Poro
14	24	25	Poro
14	23	25	Poro
15	25	27	Poro
41	125	159	Poro
17	28	28	Poro
15	24	27	Poro
13	22	29	Poro
13	24	27	Poro
15	24	26	Poro
12	20	27	Poro
13	22	26	Poro
34	128	177	Poro
14	23	24	Poro
40	124	154	Poro
27	36	33	Poro
13	24	26	Poro
15	22	27	Poro
14	22	25	Poro
58	121	124	Poro
14	22	28	Poro
14	23	25	Poro
13	27	24	Poro
49	141	169	Poro
15	22	24	Poro
46	130	163	Poro
33	42	35	Poro
87	166	192	Poro
59	155	186	Poro
13	26	29	Poro
14	26	26	Poro
44	135	161	Poro
13	24	24	Poro
19	28	29	Poro
15	22	26	Poro
14	26	25	Poro
13	25	26	Poro
17	27	29	Poro
14	25	23	Poro
15	23	28	Poro
12	24	27	Poro
14	23	25	Poro
16	23	26	Poro
80	165	175	Poro
51	137	167	Poro
16	28	24	Poro
59	119	141	Poro
47	135	163	Poro
18	28	31	Poro
13	27	28	Poro
18	27	31	Poro
68	156	173	Poro
29	125	177	Poro
13	26	27	Poro
14	21	26	Poro
19	31	30	Poro
14	23	29	Poro
15	25	24	Poro
15	24	26	Poro
12	24	22	Poro
13	23	25	Poro
14	24	29	Poro
13	23	21	Poro
16	24	28	Poro
15	26	27	Poro
17	27	33	Poro
51	141	166	Poro
53	136	166	Poro
14	24	27	Poro
53	146	182	Poro
13	22	24	Poro
16	29	31	Poro
14	23	28	Poro
21	30	27	Poro
67	158	187	Poro
13	24	24	Poro
39	134	163	Poro
74	163	182	Poro
14	24	25	Poro
11	23	26	Poro
15	25	27	Poro
48	141	164	Poro
52	142	175	Poro
84	170	186	Poro
15	22	27	Poro
15	24	28	Poro
61	147	156	Poro
17	26	31	Poro
13	23	23	Poro
35	124	153	Poro
69	161	187	Poro
15	25	26	Poro
34	129	159	Poro
18	28	29	Poro
14	22	24	Poro
17	26	28	Poro
12	21	26	Poro
17	24	29	Poro
67	160	184	Poro
16	24	29	Poro
15	26	23	Poro
74	160	187	Poro
45	146	177	Poro
57	151	180	Poro
15	24	29	Poro
16	27	30	Poro
112	174	167	Poro
39	118	165	Poro
53	129	147	Poro
87	159	158	Poro
37	112	130	Poro
40	102	146	Poro
46	147	176	Poro
32	120	152	Poro
40	122	157	Poro
54	142	172	Poro
48	134	167	Poro
96	169	169	Poro
57	148	169	Poro
32	134	179	Poro
44	121	148	Poro
42	115	146	Poro
1	43	61	Poro
33	106	159	Poro
43	120	145	Poro
67	151	163	Poro
39	129	171	Poro
47	127	146	Poro
31	115	176	Poro
30	114	176	Poro
50	136	151	Poro
32	134	175	Poro
101	185	191	Poro
52	151	175	Poro
37	136	175	Poro
47	123	162	Poro
56	125	134	Poro
96	174	171	Poro
44	131	161	Poro
112	185	185	Poro
28	112	158	Poro
89	160	168	Poro
29	96	114	Poro
44	122	145	Poro
49	140	169	Poro
54	148	175	Poro
58	117	123	Poro
40	121	147	Poro
44	99	135	Poro
46	138	173	Poro
43	135	174	Poro
40	144	174	Poro
46	108	129	Poro
55	136	163	Poro
32	125	155	Poro
41	114	140	Poro
39	117	140	Poro
45	117	137	Poro
38	114	150	Poro
50	139	172	Poro
57	130	143	Poro
29	119	181	Poro
59	145	171	Poro
31	108	170	Poro
51	139	171	Poro
75	123	124	Poro
99	175	182	Poro
67	162	177	Poro
68	156	172	Poro
27	59	59	Poro
52	119	129	Poro
40	122	163	Poro
23	90	131	Poro
42	101	116	Poro
47	99	112	Poro
52	115	128	Poro
71	157	177	Poro
82	168	186	Poro
66	150	169	Poro
112	171	169	Poro
37	131	161	Poro
53	119	138	Poro
40	124	157	Poro
43	132	153	Poro
59	145	159	Poro
83	121	120	Poro
48	135	174	Poro
42	120	149	Poro
47	136	168	Poro
50	128	157	Poro
39	126	166	Poro
55	142	164	Poro
49	128	160	Poro
55	117	127	Poro
63	145	171	Poro
42	131	164	Poro
101	170	165	Poro
51	126	157	Poro
21	77	92	Poro
51	136	158	Poro
41	118	143	Poro
35	130	164	Poro
40	122	132	Poro
56	146	177	Poro
41	117	137	Poro
84	144	167	Poro
26	101	145	Poro
53	119	129	Poro
34	81	105	Poro
43	115	129	Poro
101	185	185	Poro
56	101	109	Poro
61	147	179	Poro
45	132	143	Poro
40	134	164	Poro
38	135	168	Poro
35	105	161	Poro
76	150	136	Poro
99	149	139	Poro
20	87	131	Poro
9	55	74	Poro
77	166	183	Poro
37	129	158	Poro
52	137	169	Poro
43	138	169	Poro
46	135	163	Poro
1	33	54	Poro
43	138	170	Poro
54	138	169	Poro
56	140	166	Poro
94	165	180	Poro
45	135	156	Poro
31	68	77	Poro
43	116	148	Poro
34	98	125	Poro
67	153	175	Poro
33	117	150	Poro
87	147	139	Poro
49	139	178	Poro
72	119	109	Poro
52	115	122	Poro
88	129	118	Poro
80	146	150	Poro
113	174	166	Poro
38	121	148	Poro
35	88	120	Poro
55	144	176	Poro
48	117	137	Poro
41	113	143	Poro
34	128	158	Poro
38	110	113	Poro
65	143	151	Poro
2	78	125	Poro
45	114	128	Poro
58	145	178	Poro
118	184	174	Poro
53	112	153	Poro
104	184	195	Poro
38	123	168	Poro
38	97	121	Poro
33	111	171	Poro
89	166	160	Poro
44	136	173	Poro
51	122	145	Poro
81	154	163	Poro
35	123	162	Poro
46	130	177	Poro
5	59	87	Poro
43	106	138	Poro
63	112	139	Poro
27	114	180	Poro
27	99	156	Poro
45	131	158	Poro
129	190	198	Poro
28	63	63	Poro
59	143	173	Poro
67	149	172	Poro
41	138	162	Poro
18	64	68	Poro
29	112	177	Poro
50	138	173	Poro
41	109	122	Poro
61	132	156	Poro
49	129	162	Poro
53	126	145	Poro
53	107	124	Poro
34	76	99	Poro
55	97	105	Poro
36	86	106	Poro
36	111	128	Poro
52	109	114	Poro
99	161	171	Poro
38	118	144	Poro
103	160	151	Poro
49	105	141	Poro
49	130	167	Poro
39	136	167	Poro
40	129	155	Poro
28	70	69	Poro
59	115	122	Poro
118	180	168	Poro
52	136	155	Poro
94	173	177	Poro
65	111	114	Poro
95	177	187	Poro
98	155	143	Poro
74	147	163	Poro
39	129	166	Poro
21	58	64	Poro
25	89	135	Poro
49	135	164	Poro
56	140	167	Poro
71	158	176	Poro
62	133	148	Poro
90	158	162	Poro
20	58	58	Poro
44	113	134	Poro
111	182	176	Poro
28	114	175	Poro
38	134	171	Poro
94	149	134	Poro
62	143	163	Poro
114	185	188	Poro
61	104	113	Poro
51	101	109	Poro
51	151	181	Poro
58	147	172	Poro
96	159	154	Poro
53	146	177	Poro
46	129	143	Poro
43	123	159	Poro
108	166	161	Poro
40	84	106	Poro
93	167	168	Poro
55	122	136	Poro
35	97	135	Poro
77	165	181	Poro
96	164	165	Poro
31	107	119	Poro
58	120	132	Poro
45	127	155	Poro
41	120	157	Poro
32	116	150	Poro
45	148	181	Poro
40	110	164	Poro
29	93	136	Poro
88	170	179	Poro
49	96	89	Poro
105	160	148	Poro
110	189	189	Poro
43	111	113	Poro
74	136	145	Poro
33	88	125	Poro
47	136	178	Poro
83	150	161	Poro
40	83	84	Poro
40	124	161	Poro
45	143	175	Poro
99	153	139	Poro
52	139	171	Poro
30	68	78	Poro
61	149	177	Poro
30	89	127	Poro
44	126	151	Poro
45	127	157	Poro
54	114	125	Poro
75	116	118	Poro
55	156	183	Poro
84	151	155	Poro
44	123	154	Poro
30	101	159	Poro
43	117	149	Poro
41	113	124	Poro
63	155	184	Poro
24	110	173	Poro
52	135	172	Poro
52	132	155	Poro
44	89	87	Poro
43	97	123	Poro
29	87	117	Poro
47	114	126	Poro
35	91	104	Poro
43	94	116	Poro
49	131	153	Poro
50	125	141	Poro
44	107	121	Poro
23	60	56	Poro
42	139	162	Poro
92	167	182	Poro
51	139	170	Poro
44	130	169	Poro
26	63	63	Poro
53	138	168	Poro
99	187	194	Poro
42	113	140	Poro
38	130	159	Poro
45	120	145	Poro
55	139	178	Poro
51	139	155	Poro
28	106	173	Poro
43	134	157	Poro
57	151	179	Poro
51	140	161	Poro
53	148	178	Poro
32	109	175	Poro
33	78	101	Poro
52	143	176	Poro
115	189	200	Poro
30	116	140	Poro
43	125	160	Poro
41	110	142	Poro
51	98	112	Poro
42	131	172	Poro
73	158	167	Poro
74	145	156	Poro
45	117	136	Poro
25	104	145	Poro
51	129	162	Poro
43	122	157	Poro
112	179	182	Poro
52	149	168	Poro
38	114	158	Poro
118	178	163	Poro
24	111	174	Poro
49	135	165	Poro
42	128	170	Poro
56	135	165	Poro
39	123	154	Poro
27	114	152	Poro
29	68	66	Poro
50	139	169	Poro
52	144	172	Poro
62	150	173	Poro
53	103	111	Poro
31	91	114	Poro
93	181	188	Poro
27	83	107	Poro
69	156	175	Poro
123	200	207	Poro
35	120	149	Poro
72	138	144	Poro
32	71	85	Poro
86	168	183	Poro
54	100	122	Poro
111	170	167	Poro
33	75	85	Poro
47	136	165	Poro
49	125	150	Poro
112	169	156	Poro
43	139	168	Poro
28	99	158	Poro
90	131	126	Poro
32	77	95	Poro
51	117	138	Poro
48	135	168	Poro
42	96	118	Poro
40	114	131	Poro
58	155	180	Poro
42	131	167	Poro
29	86	105	Poro
82	169	183	Poro
52	142	178	Poro
42	131	162	Poro
30	120	165	Poro
45	116	134	Poro
102	179	181	Poro
43	114	129	Poro
95	157	164	Poro
45	120	141	Poro
51	106	140	Poro
55	135	161	Poro
49	139	173	Poro
27	105	167	Poro
70	131	148	Poro
54	137	148	Poro
79	154	169	Poro
96	160	157	Poro
46	141	171	Poro
36	88	97	Poro
101	166	179	Poro
92	141	136	Poro
54	143	172	Poro
53	131	149	Poro
83	169	183	Poro
32	115	136	Poro
34	130	163	Poro
47	144	175	Poro
41	130	172	Poro
58	160	185	Poro
37	117	141	Poro
39	116	139	Poro
27	67	73	Poro
79	157	175	Poro
40	129	165	Poro
29	110	169	Poro
25	112	178	Poro
51	140	166	Poro
47	135	165	Poro
36	123	162	Poro
46	108	152	Poro
26	109	155	Poro
62	159	188	Poro
54	145	175	Poro
37	128	164	Poro
91	163	169	Poro
41	122	153	Poro
52	123	134	Poro
47	131	164	Poro
49	151	183	Poro
36	107	135	Poro
51	114	121	Poro
91	141	131	Poro
68	148	166	Poro
94	173	174	Poro
77	159	179	Poro
37	124	159	Poro
21	60	57	Poro
45	140	167	Poro
21	105	149	Poro
40	107	159	Poro
26	108	175	Poro
39	125	161	Poro
101	174	176	Poro
65	123	131	Poro
47	114	146	Poro
46	125	150	Poro
53	142	173	Poro
26	107	145	Poro
46	97	103	Poro
21	57	58	Poro
36	88	102	Poro
63	121	135	Poro
59	117	144	Poro
45	135	179	Poro
59	135	143	Poro
52	116	135	Poro
26	60	56	Poro
44	121	147	Poro
40	127	150	Poro
85	171	192	Poro
40	109	123	Poro
47	117	170	Poro
50	115	125	Poro
78	154	167	Poro
37	117	147	Poro
46	107	150	Poro
36	103	139	Poro
41	136	165	Poro
41	117	150	Poro
123	189	181	Poro
89	128	125	Poro
39	89	121	Poro
49	127	160	Poro
46	119	141	Poro
167	235	225	Solido
145	209	199	Solido
61	89	91	Solido
144	208	201	Solido
146	197	161	Solido
152	215	205	Solido
49	76	78	Solido
159	219	206	Solido
131	185	180	Solido
83	127	151	Solido
158	221	221	Solido
160	225	220	Solido
164	222	222	Solido
144	213	202	Solido
160	230	217	Solido
159	228	222	Solido
77	115	120	Solido
154	213	211	Solido
139	200	176	Solido
149	212	208	Solido
153	208	202	Solido
157	223	213	Solido
157	223	218	Solido
169	237	231	Solido
157	222	214	Solido
68	104	94	Solido
155	217	208	Solido
161	228	224	Solido
152	216	208	Solido
43	71	62	Solido
147	211	213	Solido
151	215	210	Solido
109	152	139	Solido
160	226	219	Solido
163	228	216	Solido
105	153	161	Solido
133	191	173	Solido
159	222	217	Solido
98	139	107	Solido
159	220	216	Solido
153	212	211	Solido
34	59	61	Solido
139	199	181	Solido
158	224	218	Solido
159	221	213	Solido
158	224	221	Solido
163	222	191	Solido
163	232	221	Solido
161	226	220	Solido
168	232	217	Solido
166	231	227	Solido
161	222	203	Solido
158	228	221	Solido
131	185	163	Solido
167	224	186	Solido
161	218	192	Solido
100	144	153	Solido
158	223	217	Solido
151	218	207	Solido
142	195	170	Solido
159	228	218	Solido
161	223	220	Solido
157	220	211	Solido
156	222	217	Solido
44	77	91	Solido
112	162	149	Solido
156	224	216	Solido
66	104	91	Solido
135	207	200	Solido
154	220	221	Solido
169	229	229	Solido
144	205	200	Solido
149	211	204	Solido
153	219	212	Solido
126	173	137	Solido
81	124	110	Solido
150	213	208	Solido
151	213	206	Solido
142	193	186	Solido
100	141	117	Solido
155	219	222	Solido
122	174	165	Solido
118	174	179	Solido
144	188	153	Solido
157	222	213	Solido
161	225	214	Solido
119	165	144	Solido
148	193	182	Solido
157	222	215	Solido
159	223	219	Solido
160	224	217	Solido
78	123	105	Solido
149	211	202	Solido
152	213	203	Solido
162	227	221	Solido
146	198	191	Solido
153	218	212	Solido
152	214	204	Solido
157	221	215	Solido
163	225	222	Solido
158	220	215	Solido
106	162	175	Solido
154	210	191	Solido
163	229	200	Solido
155	222	209	Solido
157	223	213	Solido
84	112	98	Solido
159	218	206	Solido
166	231	209	Solido
136	191	177	Solido
94	131	118	Solido
140	202	199	Solido
123	179	170	Solido
40	68	61	Solido
141	204	194	Solido
87	132	114	Solido
157	221	216	Solido
159	224	211	Solido
149	207	194	Solido
150	219	203	Solido
167	226	219	Solido
161	224	221	Solido
155	218	209	Solido
162	229	222	Solido
139	201	200	Solido
95	135	108	Solido
153	219	210	Solido
156	220	208	Solido
110	166	149	Solido
153	220	211	Solido
153	217	212	Solido
151	217	196	Solido
161	229	224	Solido
159	223	224	Solido
151	214	208	Solido
146	212	203	Solido
156	217	202	Solido
159	222	216	Solido
158	223	221	Solido
153	216	208	Solido
161	222	218	Solido
158	221	219	Solido
139	202	194	Solido
157	222	216	Solido
149	212	204	Solido
128	182	166	Solido
137	189	159	Solido
148	210	207	Solido
161	226	220	Solido
166	232	220	Solido
153	217	211	Solido
156	222	218	Solido
164	229	220	Solido
155	222	212	Solido
138	200	198	Solido
163	228	216	Solido
49	70	60	Solido
154	221	212	Solido
145	208	211	Solido
155	220	204	Solido
65	102	93	Solido
107	156	144	Solido
153	217	205	Solido
49	84	78	Solido
117	165	129	Solido
98	148	158	Solido
165	229	228	Solido
152	217	208	Solido
151	213	209	Solido
102	144	155	Solido
76	119	108	Solido
121	168	164	Solido
147	203	185	Solido
74	95	116	Solido
109	151	124	Solido
159	226	222	Solido
161	223	217	Solido
135	195	190	Solido
115	162	136	Solido
42	82	95	Solido
159	225	217	Solido
151	211	206	Solido
166	228	215	Solido
155	217	210	Solido
73	106	99	Solido
140	205	196	Solido
157	224	218	Solido
139	202	194	Solido
145	206	200	Solido
158	221	218	Solido
156	221	213	Solido
95	134	139	Solido
152	215	212	Solido
84	130	106	Solido
165	231	223	Solido
118	173	172	Solido
171	238	228	Solido
157	221	216	Solido
152	211	195	Solido
115	166	170	Solido
151	210	210	Solido
150	211	201	Solido
158	224	212	Solido
154	219	212	Solido
159	226	219	Solido
132	184	182	Solido
158	223	213	Solido
136	187	183	Solido
156	218	213	Solido
151	213	201	Solido
145	212	205	Solido
157	220	210	Solido
163	227	232	Solido
153	215	210	Solido
165	230	225	Solido
154	219	212	Solido
153	214	210	Solido
119	171	161	Solido
153	203	203	Solido
158	226	215	Solido
89	122	138	Solido
98	144	151	Solido
164	229	219	Solido
171	227	211	Solido
153	209	187	Solido
152	207	201	Solido
159	226	221	Solido
141	197	194	Solido
94	143	123	Solido
160	217	199	Solido
159	222	216	Solido
145	204	205	Solido
172	238	232	Solido
114	159	131	Solido
159	222	216	Solido
172	236	221	Solido
153	215	203	Solido
151	214	200	Solido
158	222	215	Solido
158	220	203	Solido
136	189	172	Solido
61	105	100	Solido
127	183	185	Solido
146	200	166	Solido
157	221	214	Solido
154	211	189	Solido
150	212	185	Solido
149	214	211	Solido
148	214	205	Solido
132	185	189	Solido
115	170	174	Solido
162	227	226	Solido
139	194	179	Solido
161	222	215	Solido
157	221	210	Solido
125	173	159	Solido
69	95	113	Solido
137	201	191	Solido
154	218	209	Solido
158	222	221	Solido
161	228	220	Solido
90	122	131	Solido
157	225	219	Solido
151	211	206	Solido
119	166	144	Solido
164	228	223	Solido
158	212	207	Solido
158	224	223	Solido
83	126	107	Solido
161	229	218	Solido
145	201	184	Solido
162	226	216	Solido
64	96	102	Solido
141	204	197	Solido
140	203	204	Solido
152	216	212	Solido
165	229	213	Solido
158	223	217	Solido
149	205	188	Solido
163	229	226	Solido
157	222	215	Solido
156	215	211	Solido
140	196	181	Solido
20	35	35	Solido
90	125	114	Solido
140	206	193	Solido
159	223	215	Solido
151	217	216	Solido
146	210	197	Solido
103	153	130	Solido
161	225	215	Solido
164	222	211	Solido
159	227	220	Solido
156	216	201	Solido
153	217	208	Solido
147	200	205	Solido
156	221	215	Solido
165	230	222	Solido
160	214	209	Solido
153	217	210	Solido
165	226	220	Solido
156	217	205	Solido
104	138	137	Solido
156	216	214	Solido
77	105	101	Solido
141	201	196	Solido
163	224	218	Solido
118	164	155	Solido
167	226	212	Solido
63	103	102	Solido
38	65	53	Solido
151	218	217	Solido
157	222	218	Solido
92	139	133	Solido
158	222	216	Solido
156	221	218	Solido
114	173	142	Solido
163	230	217	Solido
158	223	217	Solido
110	166	164	Solido
123	172	151	Solido
151	214	212	Solido
158	220	205	Solido
119	166	137	Solido
135	191	184	Solido
158	224	214	Solido
127	174	150	Solido
103	139	122	Solido
157	222	213	Solido
153	218	216	Solido
79	108	103	Solido
156	219	207	Solido
140	197	192	Solido
154	221	213	Solido
156	216	209	Solido
151	217	209	Solido
154	221	212	Solido
144	208	198	Solido
155	217	215	Solido
169	235	224	Solido
164	225	219	Solido
158	222	209	Solido
99	135	126	Solido
134	181	155	Solido
153	212	205	Solido
54	83	84	Solido
129	185	169	Solido
147	212	206	Solido
106	169	166	Solido
159	213	193	Solido
155	215	210	Solido
155	218	209	Solido
159	226	220	Solido
143	197	192	Solido
66	94	98	Solido
140	182	135	Solido
155	223	212	Solido
120	167	131	Solido
155	220	208	Solido
118	172	165	Solido
88	135	138	Solido
138	194	198	Solido
164	228	213	Solido
155	223	220	Solido
155	217	215	Solido
150	211	207	Solido
148	213	204	Solido
94	125	121	Solido
98	146	130	Solido
142	207	166	Solido
120	165	137	Solido
70	97	71	Solido
116	162	143	Solido
152	213	205	Solido
163	228	222	Solido
147	209	198	Solido
162	227	221	Solido
147	209	197	Solido
160	225	215	Solido
100	148	141	Solido
152	214	208	Solido
62	129	153	Solido
141	200	189	Solido
50	87	90	Solido
158	221	210	Solido
125	179	151	Solido
53	88	93	Solido
119	164	143	Solido
162	225	208	Solido
157	217	216	Solido
160	225	215	Solido
119	170	150	Solido
146	210	206	Solido
114	168	145	Solido
156	221	218	Solido
98	147	143	Solido
156	222	216	Solido
158	222	212	Solido
153	217	220	Solido
50	86	86	Solido
64	90	70	Solido
53	78	73	Solido
157	212	185	Solido
150	205	196	Solido
148	205	198	Solido
153	216	213	Solido
151	207	196	Solido
160	226	217	Solido
162	228	222	Solido
156	223	221	Solido
50	84	93	Solido
101	135	123	Solido
93	125	84	Solido
159	221	208	Solido
136	181	145	Solido
68	104	92	Solido
150	215	208	Solido
166	232	215	Solido
161	228	226	Solido
153	214	193	Solido
78	121	111	Solido
157	219	219	Solido
159	221	214	Solido
159	229	216	Solido
155	222	218	Solido
95	165	159	Solido
138	192	161	Solido
157	219	208	Solido
161	226	218	Solido
158	225	222	Solido
168	235	224	Solido
155	218	213	Solido
154	215	208	Solido
135	191	166	Solido
147	210	204	Solido
155	221	204	Solido
157	211	206	Solido
39	64	54	Solido
149	213	209	Solido
157	214	199	Solido
58	88	77	Solido
161	226	217	Solido
153	221	215	Solido
159	213	175	Solido
121	189	181	Solido
157	221	215	Solido
158	223	215	Solido
162	228	225	Solido
152	216	203	Solido
131	189	181	Solido
112	159	144	Solido
156	214	212	Solido
120	171	145	Solido
146	200	196	Solido
151	208	196	Solido
149	206	203	Solido
161	226	221	Solido
154	217	214	Solido
103	135	102	Solido
157	221	214	Solido
157	218	213	Solido
153	217	214	Solido
59	98	86	Solido
103	145	121	Solido
6	20	35	Solido
139	195	173	Solido
41	54	53	Solido
159	225	216	Solido
149	206	195	Solido
63	103	95	Solido
35	62	61	Solido
123	179	161	Solido
160	227	222	Solido
160	215	211	Solido
163	225	220	Solido
158	220	215	Solido
130	174	178	Solido
110	152	137	Solido
161	227	220	Solido
153	214	197	Solido
153	218	217	Solido
165	232	223	Solido
160	220	221	Solido
147	199	164	Solido
156	220	210	Solido
126	175	146	Solido
129	179	175	Solido
172	234	231	Solido
102	129	114	Solido
173	238	232	Solido
49	70	91	Solido
156	222	216	Solido
159	223	223	Solido
165	228	218	Solido
143	209	199	Solido
104	138	95	Solido
146	207	193	Solido
19	37	52	Solido
158	223	214	Solido
42	70	85	Solido
102	147	119	Solido
157	224	212	Solido
168	223	214	Solido
110	156	147	Solido
145	207	195	Solido
133	198	189	Solido
159	220	213	Solido
153	218	210	Solido
177	243	237	Solido
38	62	76	Solido
73	112	99	Solido
162	219	209	Solido
160	224	223	Solido
148	210	209	Solido
156	223	212	Solido
162	230	220	Solido
127	187	203	Solido
160	224	217	Solido
159	221	219	Solido
153	220	212	Solido
146	209	204	Solido
146	209	210	Solido
146	214	203	Solido
57	101	103	Solido
160	221	216	Solido
160	223	216	Solido
175	242	212	Solido
116	156	167	Solido
150	210	204	Solido
157	214	215	Solido
149	212	207	Solido
96	147	147	Solido
159	219	214	Solido
163	230	224	Solido
149	204	188	Solido
144	200	189	Solido
158	220	217	Solido
155	216	211	Solido
147	212	209	Solido
159	223	214	Solido
137	191	178	Solido
156	217	211	Solido
155	222	212	Solido
69	101	100	Solido
148	203	197	Solido
160	227	222	Solido
151	216	206	Solido
127	176	154	Solido
125	165	132	Solido
152	217	212	Solido
131	191	169	Solido
45	68	85	Solido
156	219	211	Solido
153	212	205	Solido
147	212	194	Solido
143	196	198	Solido
153	221	212	Solido
143	201	195	Solido
154	221	217	Solido
147	200	190	Solido
151	215	206	Solido
154	216	190	Solido
151	212	205	Solido
159	227	220	Solido
165	225	217	Solido
166	230	217	Solido
68	97	59	Solido
148	200	193	Solido
144	199	160	Solido
152	214	207	Solido
168	236	231	Solido
59	90	91	Solido
136	198	197	Solido
117	168	145	Solido
173	238	226	Solido
134	194	189	Solido
157	214	211	Solido
150	214	204	Solido
161	226	221	Solido
95	129	117	Solido
59	81	56	Solido
138	190	171	Solido
91	125	106	Solido
156	214	195	Solido
155	224	209	Solido
137	189	177	Solido
128	182	142	Solido
53	88	103	Solido
154	217	206	Solido
155	218	210	Solido
142	202	201	Solido
154	222	215	Solido
154	221	212	Solido
99	143	125	Solido
155	223	212	Solido
159	225	223	Solido
151	214	203	Solido
174	236	223	Solido
108	157	135	Solido
152	217	205	Solido
158	221	216	Solido
92	135	118	Solido
154	218	207	Solido
155	221	211	Solido
159	225	221	Solido
138	197	176	Solido
176	238	226	Solido
155	218	216	Solido
163	232	223	Solido
146	209	198	Solido
126	173	173	Solido
132	181	177	Solido
157	220	220	Solido
151	215	204	Solido
144	196	178	Solido
93	134	93	Solido
129	186	157	Solido
158	226	220	Solido
98	143	121	Solido
154	219	216	Solido
91	132	103	Solido
157	222	213	Solido
160	227	215	Solido
63	89	70	Solido
77	108	85	Solido
104	152	163	Solido
146	199	178	Solido
80	115	106	Solido
112	170	170	Solido
157	221	221	Solido
143	197	196	Solido
51	83	85	Solido
150	212	204	Solido
180	237	198	Solido
154	207	191	Solido
140	193	181	Solido
78	106	128	Solido
163	223	212	Solido
157	223	215	Solido
156	222	220	Solido
153	215	207	Solido
162	226	210	Solido
149	215	201	Solido
151	202	205	Solido
145	205	187	Solido
156	216	208	Solido
129	183	175	Solido
165	228	216	Solido
100	148	129	Solido
160	228	218	Solido
165	225	216	Solido
171	233	233	Solido
159	224	221	Solido
159	228	221	Solido
157	220	206	Solido
161	224	213	Solido
174	229	218	Solido
151	214	208	Solido
144	203	189	Solido
138	189	151	Solido
153	214	197	Solido
158	218	186	Solido
154	217	213	Solido
104	139	118	Solido
150	214	201	Solido
121	175	153	Solido
156	222	214	Solido
159	222	216	Solido
159	223	217	Solido
105	138	125	Solido
158	223	210	Solido
129	175	146	Solido
134	181	152	Solido
156	221	206	Solido
122	183	179	Solido
137	188	183	Solido
149	215	198	Solido
162	229	222	Solido
156	224	211	Solido
50	92	93	Solido
165	233	228	Solido
151	216	208	Solido
142	194	189	Solido
161	229	217	Solido
157	219	208	Solido
161	220	206	Solido
157	221	217	Solido
158	222	215	Solido
8	19	37	Solido
159	224	221	Solido
168	236	223	Solido
167	228	216	Solido
166	231	216	Solido
84	117	145	Solido
159	220	213	Solido
157	219	213	Solido
157	222	212	Solido
157	226	222	Solido
116	185	188	Solido
157	219	212	Solido
161	218	212	Solido
157	220	214	Solido
129	196	192	Solido
132	188	186	Solido
107	156	142	Solido
46	74	78	Solido
173	238	235	Solido
63	91	60	Solido
166	229	224	Solido
132	194	190	Solido
160	224	213	Solido
109	151	127	Solido
134	189	158	Solido
147	207	206	Solido
128	196	177	Solido
114	165	173	Solido
156	218	209	Solido
114	169	144	Solido
81	109	85	Solido
82	120	92	Solido
57	89	87	Solido
155	218	213	Solido
158	219	207	Solido
160	225	220	Solido
50	67	52	Solido
169	233	207	Solido
57	97	90	Solido
158	224	219	Solido
154	216	210	Solido
75	112	114	Solido
153	218	204	Solido
171	233	205	Solido
157	224	213	Solido
154	216	213	Solido
151	211	209	Solido
143	206	196	Solido
153	218	214	Solido
157	225	209	Solido
109	157	121	Solido
156	214	198	Solido
59	104	126	Solido
163	223	221	Solido
135	189	171	Solido
155	207	207	Solido
149	214	205	Solido
145	205	204	Solido
156	219	210	Solido
161	227	215	Solido
153	216	215	Solido
159	225	218	Solido
160	223	217	Solido
127	179	179	Solido
151	214	210	Solido
159	225	217	Solido
163	229	223	Solido
126	172	151	Solido
129	184	182	Solido
159	224	216	Solido
163	230	222	Solido
164	226	219	Solido
173	240	224	Solido
169	229	226	Solido
161	228	213	Solido
158	215	209	Solido
147	208	206	Solido
130	185	149	Solido
161	225	219	Solido
162	227	218	Solido
158	219	215	Solido
156	223	215	Solido
154	220	213	Solido
121	184	182	Solido
157	217	206	Solido
43	72	73	Solido
158	224	208	Solido
122	182	198	Solido
67	99	102	Solido
162	228	226	Solido
157	218	216	Solido
138	186	169	Solido
153	212	196	Solido
92	129	137	Solido
66	96	85	Solido
170	234	227	Solido
159	218	200	Solido
141	190	195	Solido
155	217	213	Solido
155	223	217	Solido
139	207	194	Solido
166	227	214	Solido
167	231	225	Solido
129	199	173	Solido
140	206	201	Solido
159	224	218	Solido
151	211	208	Solido
163	228	216	Solido
155	208	192	Solido
157	226	220	Solido
160	227	224	Solido
134	203	191	Solido
157	222	206	Solido
161	231	228	Solido
155	221	213	Solido
155	218	208	Solido
153	220	212	Solido
151	211	210	Solido
154	225	214	Solido
149	203	190	Solido
156	220	213	Solido
159	223	214	Solido
150	217	206	Solido
170	239	228	Solido
148	207	200	Solido
153	217	211	Solido
157	221	219	Solido
160	218	218	Solido
56	90	87	Solido
46	74	67	Solido
87	142	135	Solido
163	226	220	Solido
151	214	203	Solido
161	228	216	Solido
148	196	197	Solido
164	227	218	Solido
159	222	223	Solido
153	210	198	Solido
114	164	165	Solido
159	223	213	Solido
86	116	139	Solido
171	233	223	Solido
170	232	227	Solido
140	202	191	Solido
167	233	230	Solido
157	220	213	Solido
154	218	217	Solido
160	222	213	Solido
142	210	206	Solido
141	188	153	Solido
182	246	238	Solido
159	224	220	Solido
86	124	108	Solido
165	231	223	Solido
157	219	199	Solido
146	209	209	Solido
36	48	96	Solido
149	211	208	Solido
157	214	203	Solido
155	215	202	Solido
153	211	205	Solido
160	215	219	Solido
149	211	207	Solido
143	198	188	Solido
161	230	220	Solido
149	213	210	Solido
156	217	216	Solido
123	175	157	Solido
155	220	208	Solido
149	196	171	Solido
170	237	227	Solido
79	126	107	Solido
93	135	114	Solido
64	94	66	Solido
168	231	223	Solido
68	109	113	Solido
80	119	118	Solido
149	212	203	Solido
155	221	217	Solido
168	224	221	Solido
100	147	166	Solido
156	221	213	Solido
132	188	181	Solido
169	236	203	Solido
169	231	228	Solido
159	225	221	Solido
149	208	204	Solido
24	33	43	Solido
157	221	221	Solido
159	224	217	Solido
129	179	179	Solido
36	62	54	Solido
149	204	192	Solido
151	217	201	Solido
165	233	228	Solido
166	232	229	Solido
136	200	175	Solido
114	158	124	Solido
77	115	94	Solido
109	153	161	Solido
121	167	137	Solido
158	222	208	Solido
122	174	176	Solido
168	233	227	Solido
157	221	218	Solido
162	225	213	Solido
152	218	205	Solido
160	222	191	Solido
155	218	208	Solido
159	225	217	Solido
109	155	132	Solido
149	205	186	Solido
164	229	217	Solido
78	110	87	Solido
157	218	213	Solido
157	226	215	Solido
88	130	98	Solido
109	151	156	Solido
164	220	216	Solido
155	215	206	Solido
169	233	219	Solido
161	224	216	Solido
155	219	212	Solido
153	204	172	Solido
159	215	213	Solido
131	178	146	Solido
142	201	197	Solido
157	216	208	Solido
150	201	194	Solido
177	239	207	Solido
156	220	209	Solido
161	226	213	Solido
79	121	110	Solido
109	154	136	Solido
163	229	222	Solido
146	207	207	Solido
81	123	102	Solido
123	171	150	Solido
111	155	137	Solido
149	211	203	Solido
162	225	219	Solido
53	78	70	Solido
144	201	186	Solido
161	228	221	Solido
127	178	175	Solido
75	115	102	Solido
161	229	225	Solido
157	221	213	Solido
156	217	208	Solido
95	135	123	Solido
160	225	222	Solido
145	211	208	Solido
137	193	180	Solido
85	115	113	Solido
95	138	120	Solido
34	60	63	Solido
118	164	137	Solido
161	228	225	Solido
137	186	184	Solido
23	38	56	Solido
132	178	166	Solido
151	213	204	Solido
158	218	219	Solido
125	173	180	Solido
157	218	213	Solido
156	219	214	Solido
37	57	49	Solido
166	233	221	Solido
160	223	220	Solido
154	219	212	Solido
130	189	155	Solido
149	209	211	Solido
159	225	219	Solido
48	93	87	Solido
39	71	76	Solido
159	222	215	Solido
131	185	183	Solido
153	206	202	Solido
140	199	173	Solido
161	227	217	Solido
131	184	176	Solido
82	114	119	Solido
152	217	209	Solido
156	223	217	Solido
141	202	179	Solido
81	105	97	Solido
150	208	196	Solido
162	228	223	Solido
93	133	99	Solido
116	150	126	Solido
152	213	200	Solido
160	213	203	Solido
159	223	221	Solido
153	217	212	Solido
158	225	218	Solido
58	98	135	Solido
41	71	73	Solido
152	215	211	Solido
138	205	191	Solido
159	224	215	Solido
155	213	202	Solido
152	216	210	Solido
157	222	216	Solido
148	213	208	Solido
120	172	166	Solido
158	228	224	Solido
163	229	225	Solido
157	223	216	Solido
147	206	202	Solido
155	217	193	Solido
143	199	184	Solido
109	156	133	Solido
53	78	103	Solido
139	198	179	Solido
157	221	215	Solido
174	239	229	Solido
157	221	212	Solido
165	230	229	Solido
159	225	206	Solido
158	222	217	Solido
163	226	221	Solido
80	116	115	Solido
91	131	142	Solido
141	204	200	Solido
141	207	202	Solido
155	219	218	Solido
159	216	218	Solido
156	222	214	Solido
156	219	207	Solido
15	30	41	Solido
145	209	195	Solido
158	222	219	Solido
106	152	129	Solido
155	219	215	Solido
163	217	207	Solido
162	231	223	Solido
143	206	191	Solido
124	174	155	Solido
114	161	161	Solido
150	215	207	Solido
157	221	216	Solido
110	154	139	Solido
160	228	218	Solido
163	227	222	Solido
116	164	143	Solido
148	196	200	Solido
161	228	224	Solido
161	223	219	Solido
146	201	204	Solido
125	166	169	Solido
156	224	218	Solido
134	186	181	Solido
24	56	57	Solido
162	220	203	Solido
140	203	196	Solido
149	217	204	Solido
79	121	129	Solido
155	215	205	Solido
128	183	167	Solido
165	232	224	Solido
170	234	227	Solido
156	220	211	Solido
165	230	223	Solido
147	210	207	Solido
148	213	209	Solido
159	217	214	Solido
149	206	206	Solido
158	221	209	Solido
93	129	123	Solido
160	226	219	Solido
168	234	219	Solido
153	202	196	Solido
66	106	98	Solido
150	211	206	Solido
157	224	218	Solido
161	226	221	Solido
144	189	167	Solido
155	218	209	Solido
71	106	103	Solido
154	207	205	Solido
156	221	212	Solido
32	57	66	Solido
157	222	217	Solido
153	218	208	Solido
72	110	99	Solido
158	222	215	Solido
156	225	216	Solido
162	221	211	Solido
131	191	185	Solido
79	105	98	Solido
157	210	180	Solido
111	150	131	Solido
157	219	209	Solido
115	159	135	Solido
160	224	218	Solido
161	222	213	Solido
168	235	228	Solido
155	200	157	Solido
153	212	194	Solido
159	219	216	Solido
141	205	203	Solido
154	218	211	Solido
153	214	207	Solido
155	221	212	Solido
157	221	219	Solido
75	118	116	Solido
169	223	217	Solido
34	60	68	Solido
151	214	211	Solido
147	211	197	Solido
54	73	43	Solido
161	225	217	Solido
123	179	167	Solido
161	223	217	Solido
72	99	79	Solido
141	196	188	Solido
143	203	202	Solido
139	195	185	Solido
159	221	217	Solido
50	76	131	Solido
155	214	206	Solido
145	208	174	Solido
167	229	208	Solido
103	140	122	Solido
153	220	213	Solido
145	198	198	Solido
156	220	219	Solido
145	199	188	Solido
160	226	216	Solido
159	221	216	Solido
93	132	112	Solido
157	223	212	Solido
151	212	209	Solido
167	230	225	Solido
71	110	128	Solido
69	106	103	Solido
159	222	213	Solido
94	133	119	Solido
153	217	208	Solido
153	209	179	Solido
160	228	220	Solido
161	228	222	Solido
159	224	218	Solido
65	108	103	Solido
157	225	217	Solido
153	211	204	Solido
131	198	194	Solido
153	215	211	Solido
153	220	212	Solido
165	234	226	Solido
129	178	150	Solido
8	19	31	Solido
122	178	171	Solido
161	222	203	Solido
162	225	221	Solido
164	229	227	Solido
153	217	207	Solido
147	213	198	Solido
151	216	203	Solido
145	203	198	Solido
158	221	215	Solido
166	234	229	Solido
126	188	161	Solido
159	216	207	Solido
137	195	196	Solido
156	221	218	Solido
146	217	200	Solido
132	182	149	Solido
73	129	109	Solido
150	206	201	Solido
157	224	218	Solido
145	213	212	Solido
144	207	198	Solido
104	150	167	Solido
108	159	190	Solido
53	94	93	Solido
147	207	185	Solido
137	192	173	Solido
155	218	211	Solido
20	29	37	Solido
49	67	87	Solido
148	213	205	Solido
156	218	204	Solido
157	212	207	Solido
144	193	198	Solido
157	218	215	Solido
149	211	204	Solido
157	223	214	Solido
136	190	173	Solido
160	224	219	Solido
150	214	209	Solido
154	218	211	Solido
92	137	115	Solido
159	224	218	Solido
74	112	90	Solido
100	148	121	Solido
53	78	78	Solido
86	114	85	Solido
149	217	200	Solido
8	25	29	Solido
149	212	202	Solido
166	229	219	Solido
149	211	203	Solido
83	116	104	Solido
160	216	218	Solido
153	217	205	Solido
118	169	179	Solido
165	228	201	Solido
155	223	210	Solido
137	199	199	Solido
76	101	123	Solido
150	204	168	Solido
163	229	223	Solido
154	217	215	Solido
156	207	216	Solido
97	140	154	Solido
125	175	148	Solido
170	231	216	Solido
156	218	203	Solido
90	140	118	Solido
124	172	130	Solido
158	223	218	Solido
124	177	175	Solido
148	213	208	Solido
118	166	145	Solido
157	222	218	Solido
157	222	218	Solido
145	206	201	Solido
132	186	183	Solido
153	217	205	Solido
157	222	219	Solido
159	224	216	Solido
160	224	215	Solido
155	220	219	Solido
143	205	202	Solido
121	170	152	Solido
154	219	215	Solido
126	189	180	Solido
169	232	218	Solido
157	222	216	Solido
157	223	218	Solido
159	226	222	Solido
137	194	181	Solido
150	211	200	Solido
12	27	55	Solido
150	214	209	Solido
147	211	200	Solido
159	226	223	Solido
117	155	158	Solido
160	224	222	Solido
158	223	216	Solido
169	228	205	Solido
151	211	199	Solido
145	211	193	Solido
159	225	217	Solido
159	227	216	Solido
153	218	203	Solido
180	244	220	Solido
116	169	170	Solido
117	173	176	Solido
165	225	211	Solido
160	217	216	Solido
77	119	105	Solido
146	212	206	Solido
159	224	189	Solido
91	131	121	Solido
154	216	212	Solido
153	220	213	Solido
167	236	230	Solido
150	214	209	Solido
163	227	218	Solido
157	222	218	Solido
89	123	117	Solido
153	218	209	Solido
102	156	156	Solido
158	223	220	Solido
110	156	119	Solido
156	223	216	Solido
146	213	199	Solido
13	24	38	Solido
114	157	138	Solido
161	223	217	Solido
151	213	205	Solido
131	186	183	Solido
156	220	213	Solido
157	220	216	Solido
108	165	143	Solido
149	202	198	Solido
94	132	137	Solido
155	219	217	Solido
158	224	219	Solido
102	154	137	Solido
151	213	189	Solido
144	212	208	Solido
147	210	198	Solido
113	162	162	Solido
145	213	201	Solido
167	234	230	Solido
110	157	178	Solido
151	215	206	Solido
151	206	181	Solido
161	228	224	Solido
141	200	191	Solido
162	228	219	Solido
161	226	219	Solido
162	227	219	Solido
141	203	192	Solido
161	224	220	Solido
155	220	212	Solido
159	225	221	Solido
145	207	204	Solido
154	217	211	Solido
157	221	216	Solido
147	211	203	Solido
147	209	203	Solido
122	189	189	Solido
140	190	192	Solido
153	210	193	Solido
175	241	231	Solido
152	218	208	Solido
157	221	214	Solido
86	116	112	Solido
129	182	167	Solido
153	218	212	Solido
155	214	204	Solido
130	166	149	Solido
125	170	156	Solido
152	213	211	Solido
167	235	229	Solido
159	222	221	Solido
157	222	215	Solido
162	229	223	Solido
141	205	198	Solido
145	202	164	Solido
151	212	210	Solido
155	218	218	Solido
156	220	215	Solido
162	230	224	Solido
156	216	214	Solido
159	225	221	Solido
67	101	97	Solido
109	154	128	Solido
159	223	215	Solido
163	225	215	Solido
112	161	147	Solido
167	235	224	Solido
44	67	61	Solido
123	175	155	Solido
152	217	202	Solido
155	216	210	Solido
153	217	207	Solido
152	213	197	Solido
156	222	213	Solido
149	202	197	Solido
156	213	206	Solido
132	191	191	Solido
157	211	207	Solido
162	228	214	Solido
153	218	212	Solido
157	223	217	Solido
153	218	210	Solido
155	218	210	Solido
137	197	175	Solido
155	218	211	Solido
158	224	214	Solido
159	218	206	Solido
158	215	212	Solido
104	146	147	Solido
163	224	217	Solido
84	121	136	Solido
69	100	114	Solido
156	223	215	Solido
87	147	165	Solido
163	218	208	Solido
96	142	129	Solido
120	169	147	Solido
144	203	177	Solido
153	221	204	Solido
156	216	207	Solido
142	212	196	Solido
166	233	230	Solido
109	148	145	Solido
154	218	204	Solido
141	188	189	Solido
147	210	206	Solido
165	218	217	Solido
152	214	211	Solido
157	221	218	Solido
53	80	91	Solido
161	224	215	Solido
159	218	214	Solido
157	223	209	Solido
153	219	212	Solido
147	202	172	Solido
161	224	217	Solido
159	226	215	Solido
109	158	139	Solido
158	223	218	Solido
161	222	215	Solido
140	200	202	Solido
78	104	110	Solido
157	219	208	Solido
159	225	219	Solido
118	170	155	Solido
153	219	212	Solido
151	211	201	Solido
163	229	218	Solido
154	219	213	Solido
6	23	29	Solido
84	129	126	Solido
169	230	226	Solido
131	176	147	Solido
161	229	219	Solido
160	220	208	Solido
73	110	101	Solido
115	165	168	Solido
167	237	227	Solido
156	217	216	Solido
54	83	106	Solido
164	233	218	Solido
167	225	221	Solido
141	201	179	Solido
161	228	224	Solido
157	222	216	Solido
156	213	209	Solido
155	221	210	Solido
153	217	209	Solido
111	164	147	Solido
157	222	211	Solido
129	185	158	Solido
151	213	200	Solido
159	225	220	Solido
121	172	172	Solido
161	228	226	Solido
163	232	225	Solido
156	219	217	Solido
97	138	123	Solido
157	220	210	Solido
142	191	163	Solido
148	201	172	Solido
143	198	176	Solido
145	202	188	Solido
155	220	215	Solido
143	207	195	Solido
152	217	208	Solido
161	224	226	Solido
86	129	142	Solido
149	214	210	Solido
149	206	196	Solido
98	141	123	Solido
143	203	207	Solido
100	148	126	Solido
153	210	207	Solido
167	232	231	Solido
165	229	225	Solido
88	116	131	Solido
149	213	207	Solido
161	228	223	Solido
164	228	226	Solido
169	235	225	Solido
125	175	155	Solido
37	61	72	Solido
161	221	218	Solido
27	52	65	Solido
102	132	146	Solido
156	223	218	Solido
167	231	226	Solido
148	210	203	Solido
152	215	212	Solido
41	63	67	Solido
113	165	143	Solido
161	225	223	Solido
147	210	197	Solido
152	221	209	Solido
105	131	131	Solido
147	202	169	Solido
141	202	195	Solido
12	36	38	Solido
107	157	139	Solido
89	120	117	Solido
34	62	79	Solido
159	228	222	Solido
148	209	204	Solido
161	225	220	Solido
165	232	221	Solido
120	167	140	Solido
154	217	211	Solido
124	173	151	Solido
114	165	147	Solido
157	222	210	Solido
151	211	199	Solido
153	216	211	Solido
154	219	209	Solido
70	95	72	Solido
159	223	220	Solido
75	100	93	Solido
170	231	210	Solido
122	176	161	Solido
138	200	187	Solido
161	226	221	Solido
148	214	200	Solido
157	222	216	Solido
157	224	214	Solido
141	201	201	Solido
164	227	219	Solido
158	221	220	Solido
145	209	208	Solido
153	219	204	Solido
41	63	79	Solido
161	222	213	Solido
156	221	209	Solido
157	211	211	Solido
157	227	216	Solido
148	206	197	Solido
104	154	134	Solido
159	226	216	Solido
152	204	204	Solido
156	215	202	Solido
140	203	199	Solido
145	209	198	Solido
152	214	203	Solido
122	169	143	Solido
160	226	223	Solido
145	202	190	Solido
154	223	216	Solido
160	225	217	Solido
159	228	214	Solido
153	206	179	Solido
133	191	200	Solido
160	222	210	Solido
121	160	159	Solido
156	214	208	Solido
134	184	167	Solido
85	119	130	Solido
144	209	197	Solido
169	236	229	Solido
157	222	210	Solido
113	170	165	Solido
162	228	218	Solido
161	225	214	Solido
167	230	227	Solido
71	111	101	Solido
153	220	214	Solido
119	163	124	Solido
161	231	224	Solido
151	211	208	Solido
121	172	153	Solido
140	194	185	Solido
143	210	203	Solido
147	211	203	Solido
151	208	205	Solido
166	230	215	Solido
163	229	225	Solido
151	214	211	Solido
154	221	211	Solido
167	235	220	Solido
162	228	220	Solido
135	190	190	Solido
114	162	136	Solido
49	84	84	Solido
145	197	192	Solido
163	228	226	Solido
141	187	191	Solido
162	224	219	Solido
146	198	167	Solido
158	218	218	Solido
160	218	208	Solido
151	215	214	Solido
163	221	210	Solido
116	165	151	Solido
143	197	180	Solido
159	226	218	Solido
158	221	214	Solido
41	67	87	Solido
159	215	178	Solido
79	115	99	Solido
100	145	122	Solido
133	193	165	Solido
172	231	220	Solido
111	156	135	Solido
160	225	217	Solido
163	228	222	Solido
135	183	191	Solido
166	227	226	Solido
165	216	224	Solido
172	239	225	Solido
147	201	196	Solido
2	20	29	Solido
155	222	217	Solido
155	215	211	Solido
138	194	186	Solido
157	216	205	Solido
29	48	57	Solido
156	221	213	Solido
156	219	216	Solido
157	224	207	Solido
37	65	104	Solido
148	204	184	Solido
158	224	217	Solido
153	215	200	Solido
155	213	203	Solido
146	207	203	Solido
125	174	173	Solido
156	225	218	Solido
160	224	223	Solido
161	226	216	Solido
152	216	203	Solido
141	208	201	Solido
145	205	204	Solido
159	222	213	Solido
158	224	222	Solido
141	195	182	Solido
157	221	219	Solido
157	224	220	Solido
156	218	215	Solido
135	193	173	Solido
155	216	207	Solido
156	220	215	Solido
155	212	200	Solido
110	179	147	Solido
157	222	211	Solido
155	212	192	Solido
110	174	165	Solido
157	222	216	Solido
149	214	210	Solido
102	138	127	Solido
140	202	203	Solido
169	236	228	Solido
153	218	209	Solido
162	228	216	Solido
131	187	185	Solido
149	205	185	Solido
160	224	217	Solido
151	216	211	Solido
158	223	219	Solido
65	92	69	Solido
155	219	208	Solido
49	79	77	Solido
70	107	93	Solido
103	150	121	Solido
55	89	85	Solido
158	220	213	Solido
59	97	97	Solido
106	153	169	Solido
35	50	38	Solido
40	72	86	Solido
159	226	220	Solido
144	203	197	Solido
53	84	97	Solido
139	191	169	Solido
111	155	165	Solido
121	166	142	Solido
138	185	168	Solido
150	215	209	Solido
35	68	67	Solido
151	205	173	Solido
150	214	205	Solido
161	224	220	Solido
175	237	222	Solido
151	215	203	Solido
67	105	112	Solido
160	226	222	Solido
147	209	206	Solido
133	188	177	Solido
157	223	219	Solido
155	218	216	Solido
161	225	216	Solido
162	223	224	Solido
153	217	212	Solido
154	220	199	Solido
155	220	211	Solido
160	225	218	Solido
151	212	202	Solido
157	222	215	Solido
167	234	220	Solido
150	214	205	Solido
161	222	213	Solido
119	166	126	Solido
167	235	224	Solido
160	226	214	Solido
86	120	110	Solido
148	212	206	Solido
120	174	159	Solido
164	232	222	Solido
166	228	224	Solido
150	208	185	Solido
148	208	194	Solido
132	183	165	Solido
160	223	213	Solido
159	219	213	Solido
76	102	76	Solido
1	13	32	Solido
158	222	214	Solido
69	123	115	Solido
154	221	215	Solido
160	227	221	Solido
155	217	204	Solido
149	216	211	Solido
67	105	101	Solido
115	169	143	Solido
161	231	227	Solido
126	180	165	Solido
144	196	173	Solido
152	215	207	Solido
122	169	146	Solido
153	219	211	Solido
152	215	205	Solido
91	137	109	Solido
160	227	218	Solido
164	230	219	Solido
96	145	117	Solido
125	182	158	Solido
155	218	214	Solido
67	106	99	Solido
139	203	191	Solido
143	204	203	Solido
71	107	93	Solido
75	108	108	Solido
15	31	35	Solido
154	212	211	Solido
115	168	153	Solido
156	220	212	Solido
133	182	151	Solido
160	225	216	Solido
153	218	210	Solido
158	225	219	Solido
167	233	228	Solido
157	217	212	Solido
161	226	221	Solido
158	218	210	Solido
139	200	183	Solido
114	166	151	Solido
162	229	221	Solido
159	224	215	Solido
67	105	114	Solido
149	213	213	Solido
143	200	204	Solido
154	218	212	Solido
112	160	120	Solido
159	224	218	Solido
128	187	175	Solido
157	221	213	Solido
148	211	208	Solido
81	132	124	Solido
155	219	210	Solido
165	231	221	Solido
152	214	211	Solido
158	224	215	Solido
173	234	216	Solido
118	165	154	Solido
155	211	188	Solido
155	220	205	Solido
168	223	213	Solido
153	216	205	Solido
145	208	206	Solido
149	207	198	Solido
159	223	211	Solido
148	211	205	Solido
151	217	210	Solido
51	79	91	Solido
159	223	215	Solido
122	178	160	Solido
143	201	198	Solido
158	217	196	Solido
133	187	182	Solido
115	168	149	Solido
157	220	215	Solido
157	222	208	Solido
159	213	218	Solido
151	212	209	Solido
70	111	111	Solido
57	77	50	Solido
148	208	207	Solido
155	220	217	Solido
156	220	211	Solido
143	203	202	Solido
171	234	236	Solido
166	227	210	Solido
177	241	238	Solido
155	221	212	Solido
165	231	212	Solido
162	226	220	Solido
159	219	206	Solido
159	220	199	Solido
139	193	191	Solido
149	207	191	Solido
51	81	91	Solido
167	231	218	Solido
165	227	219	Solido
165	222	223	Solido
139	204	203	Solido
172	236	229	Solido
79	115	91	Solido
161	224	217	Solido
151	217	205	Solido
152	217	210	Solido
159	227	222	Solido
99	145	149	Solido
151	213	207	Solido
41	70	67	Solido
157	221	217	Solido
69	103	100	Solido
157	220	215	Solido
124	173	137	Solido
145	210	202	Solido
154	219	217	Solido
141	198	176	Solido
167	234	229	Solido
31	46	41	Solido
159	225	222	Solido
96	139	105	Solido
159	222	215	Solido
49	71	71	Solido
149	210	201	Solido
136	204	201	Solido
163	222	211	Solido
136	197	201	Solido
168	233	221	Solido
151	215	210	Solido
158	221	213	Solido
154	218	210	Solido
72	108	96	Solido
84	132	136	Solido
153	217	210	Solido
154	210	207	Solido
110	152	124	Solido
154	217	216	Solido
150	215	197	Solido
169	234	223	Solido
139	195	195	Solido
148	204	200	Solido
158	223	216	Solido
143	206	198	Solido
59	90	61	Solido
167	232	215	Solido
149	202	197	Solido
164	226	213	Solido
156	218	210	Solido
147	218	207	Solido
138	185	150	Solido
145	207	201	Solido
135	194	186	Solido
117	164	141	Solido
158	221	213	Solido
143	206	199	Solido
159	217	203	Solido
123	172	151	Solido
152	216	198	Solido
157	222	216	Solido
164	221	215	Solido
155	218	214	Solido
150	210	200	Solido
167	231	217	Solido
162	223	218	Solido
160	225	219	Solido
88	138	131	Solido
159	223	218	Solido
162	228	220	Solido
151	211	205	Solido
83	135	125	Solido
47	87	92	Solido
158	226	213	Solido
158	224	204	Solido
165	229	224	Solido
108	150	127	Solido
157	219	216	Solido
140	195	186	Solido
157	222	205	Solido
92	125	126	Solido
158	225	217	Solido
163	227	215	Solido
170	232	230	Solido
164	229	215	Solido
159	228	223	Solido
159	223	213	Solido
110	149	128	Solido
63	97	93	Solido
147	210	210	Solido
122	173	147	Solido
153	219	213	Solido
143	200	198	Solido
157	224	213	Solido
168	229	215	Solido
159	225	217	Solido
154	218	217	Solido
152	212	209	Solido
163	222	208	Solido
158	223	208	Solido
10	40	47	Solido
161	229	215	Solido
151	209	198	Solido
96	137	110	Solido
146	204	191	Solido
157	222	216	Solido
159	225	220	Solido
159	222	218	Solido
95	143	125	Solido
166	224	213	Solido
164	231	220	Solido
30	50	38	Solido
161	222	216	Solido
156	220	214	Solido
162	225	215	Solido
155	212	201	Solido
99	143	119	Solido
59	87	100	Solido
105	139	143	Solido
62	85	74	Solido
158	222	218	Solido
134	186	181	Solido
155	212	183	Solido
154	205	217	Solido
167	234	225	Solido
152	212	208	Solido
150	214	212	Solido
147	205	207	Solido
132	187	177	Solido
161	228	223	Solido
55	86	77	Solido
161	230	226	Solido
153	217	206	Solido
162	224	220	Solido
158	226	217	Solido
91	130	110	Solido
159	225	224	Solido
147	205	193	Solido
155	221	210	Solido
157	226	221	Solido
157	221	216	Solido
153	215	213	Solido
163	227	223	Solido
155	218	208	Solido
156	220	215	Solido
152	215	213	Solido
148	215	209	Solido
147	211	203	Solido
132	180	147	Solido
145	199	174	Solido
163	226	221	Solido
146	216	203	Solido
76	108	100	Solido
147	211	202	Solido
143	199	172	Solido
163	229	225	Solido
87	117	120	Solido
149	212	198	Solido
98	137	140	Solido
158	222	216	Solido
158	222	219	Solido
125	192	194	Solido
104	153	133	Solido
135	188	180	Solido
154	217	209	Solido
137	189	181	Solido
154	219	205	Solido
156	221	218	Solido
170	234	228	Solido
155	211	181	Solido
174	239	230	Solido
98	144	131	Solido
160	226	219	Solido
22	38	40	Solido
76	108	80	Solido
145	200	195	Solido
95	118	101	Solido
161	224	212	Solido
59	81	64	Solido
165	228	220	Solido
81	118	142	Solido
27	29	72	Solido
152	203	200	Solido
151	210	193	Solido
157	220	217	Solido
120	177	177	Solido
122	177	174	Solido
167	230	221	Solido
157	225	221	Solido
163	228	214	Solido
162	225	220	Solido
161	223	218	Solido
158	215	185	Solido
53	85	77	Solido
153	204	197	Solido
156	219	205	Solido
169	226	228	Solido
155	222	217	Solido
137	200	181	Solido
155	215	212	Solido
144	204	190	Solido
155	219	207	Solido
129	172	151	Solido
163	215	219	Solido
109	158	134	Solido
159	209	201	Solido
144	213	194	Solido
153	217	216	Solido
134	193	180	Solido
165	230	213	Solido
149	211	207	Solido
155	216	214	Solido
154	216	205	Solido
117	171	161	Solido
153	215	213	Solido
91	122	87	Solido
151	214	208	Solido
147	210	208	Solido
153	219	211	Solido
155	222	217	Solido
156	224	218	Solido
145	210	193	Solido
164	228	224	Solido
159	227	220	Solido
161	227	219	Solido
153	220	214	Solido
117	166	171	Solido
153	210	206	Solido
153	217	200	Solido
141	192	193	Solido
156	220	214	Solido
172	242	238	Solido
154	218	215	Solido
146	209	200	Solido
163	229	225	Solido
138	187	186	Solido
140	188	152	Solido
160	224	223	Solido
135	187	187	Solido
115	162	141	Solido
159	226	221	Solido
53	85	78	Solido
61	94	90	Solido
151	211	199	Solido
157	225	218	Solido
164	229	220	Solido
142	203	205	Solido
160	222	201	Solido
20	36	38	Solido
153	217	204	Solido
165	230	217	Solido
38	63	72	Solido
75	112	104	Solido
167	231	221	Solido
107	144	125	Solido
157	220	216	Solido
79	117	99	Solido
157	223	222	Solido
156	222	220	Solido
157	221	221	Solido
145	209	181	Solido
160	213	206	Solido
146	202	189	Solido
162	217	220	Solido
128	183	163	Solido
164	226	211	Solido
151	213	199	Solido
134	199	185	Solido
159	220	217	Solido
142	200	192	Solido
154	219	212	Solido
151	218	209	Solido
160	227	221	Solido
130	177	141	Solido
107	156	139	Solido
159	220	213	Solido
62	94	87	Solido
158	217	207	Solido
94	120	107	Solido
154	213	205	Solido
156	222	218	Solido
150	213	211	Solido
156	219	211	Solido
121	181	174	Solido
159	226	220	Solido
84	117	132	Solido
52	86	93	Solido
141	202	201	Solido
155	220	210	Solido
47	78	79	Solido
117	163	141	Solido
66	91	73	Solido
157	222	214	Solido
155	218	212	Solido
163	228	210	Solido
145	210	205	Solido
153	219	216	Solido
14	24	39	Solido
62	95	85	Solido
154	215	213	Solido
153	213	211	Solido
133	185	154	Solido
87	123	112	Solido
119	165	159	Solido
157	219	209	Solido
53	85	94	Solido
105	162	142	Solido
161	229	225	Solido
96	144	127	Solido
105	153	128	Solido
148	216	208	Solido
132	192	186	Solido
167	233	229	Solido
115	168	152	Solido
155	219	212	Solido
150	205	195	Solido
153	215	208	Solido
165	226	218	Solido
49	72	74	Solido
152	211	209	Solido
117	165	146	Solido
153	206	186	Solido
119	185	159	Solido
140	193	184	Solido
153	211	200	Solido
160	222	217	Solido
150	202	182	Solido
120	173	163	Solido
137	194	179	Solido
124	175	157	Solido
157	221	214	Solido
159	220	217	Solido
58	87	87	Solido
160	229	223	Solido
41	74	84	Solido
62	94	106	Solido
45	80	83	Solido
37	64	95	Solido
167	232	225	Solido
155	222	213	Solido
150	212	201	Solido
159	218	217	Solido
158	224	214	Solido
163	232	228	Solido
171	236	230	Solido
131	185	189	Solido
115	165	142	Solido
159	224	218	Solido
76	125	107	Solido
157	221	215	Solido
154	219	207	Solido
83	121	115	Solido
157	222	217	Solido
184	243	226	Solido
158	221	204	Solido
156	219	215	Solido
159	225	219	Solido
121	162	133	Solido
62	94	106	Solido
157	220	215	Solido
157	221	204	Solido
