17	53	67	Poro
85	155	173	Poro
20	86	120	Poro
17	48	76	Poro
16	69	95	Poro
18	64	67	Poro
27	82	83	Poro
17	95	128	Poro
78	158	189	Poro
62	107	99	Poro
35	117	151	Poro
26	116	155	Poro
37	103	116	Poro
19	80	95	Poro
89	170	186	Poro
16	59	81	Poro
32	94	124	Poro
66	125	130	Poro
76	153	157	Poro
27	96	131	Poro
13	75	142	Poro
13	70	113	Poro
14	45	56	Poro
78	163	179	Poro
16	79	115	Poro
66	151	176	Poro
38	71	78	Poro
15	81	102	Poro
12	65	80	Poro
9	59	94	Poro
16	93	124	Poro
87	160	160	Poro
17	38	34	Poro
5	59	95	Poro
31	101	103	Poro
50	131	146	Poro
16	73	109	Poro
72	146	145	Poro
20	97	133	Poro
20	106	161	Poro
16	50	74	Poro
26	86	90	Poro
20	102	131	Poro
28	108	135	Poro
12	85	135	Poro
35	107	134	Poro
15	75	125	Poro
18	79	131	Poro
18	106	128	Poro
25	80	100	Poro
65	140	152	Poro
27	96	127	Poro
31	104	125	Poro
30	107	119	Poro
14	65	113	Poro
39	73	71	Poro
32	105	115	Poro
41	113	127	Poro
52	137	165	Poro
67	151	173	Poro
23	116	178	Poro
19	85	104	Poro
15	81	110	Poro
43	110	120	Poro
30	100	114	Poro
27	108	141	Poro
96	161	142	Poro
32	87	123	Poro
49	129	152	Poro
70	155	179	Poro
59	142	158	Poro
18	87	118	Poro
47	117	143	Poro
36	117	130	Poro
11	75	105	Poro
71	150	148	Poro
16	98	149	Poro
10	90	137	Poro
61	121	139	Poro
20	76	113	Poro
54	142	173	Poro
29	99	111	Poro
52	141	164	Poro
39	115	133	Poro
33	83	102	Poro
24	101	139	Poro
49	114	128	Poro
19	82	132	Poro
18	88	114	Poro
91	173	173	Poro
20	108	167	Poro
51	125	130	Poro
54	110	111	Poro
15	59	91	Poro
72	148	159	Poro
72	155	175	Poro
26	71	62	Poro
16	55	69	Poro
23	102	145	Poro
22	65	98	Poro
14	74	119	Poro
42	98	103	Poro
29	97	116	Poro
32	100	123	Poro
18	86	104	Poro
76	158	177	Poro
13	90	140	Poro
57	155	189	Poro
28	91	127	Poro
35	67	66	Poro
24	94	111	Poro
25	103	140	Poro
16	75	135	Poro
25	73	89	Poro
7	39	55	Poro
34	99	122	Poro
23	77	102	Poro
56	112	125	Poro
37	99	101	Poro
52	132	137	Poro
28	97	113	Poro
68	124	126	Poro
28	95	121	Poro
40	136	160	Poro
16	80	123	Poro
21	85	109	Poro
33	95	123	Poro
15	85	114	Poro
24	99	126	Poro
29	123	193	Poro
47	132	158	Poro
4	23	54	Poro
6	32	54	Poro
22	77	81	Poro
65	144	141	Poro
20	73	74	Poro
31	109	138	Poro
32	104	128	Poro
3	33	62	Poro
17	79	138	Poro
13	60	77	Poro
67	149	161	Poro
63	132	135	Poro
13	77	146	Poro
29	99	125	Poro
24	96	125	Poro
40	74	74	Poro
6	25	49	Poro
32	98	119	Poro
54	120	131	Poro
10	59	65	Poro
35	107	134	Poro
67	152	150	Poro
73	141	157	Poro
33	103	128	Poro
21	74	91	Poro
61	118	125	Poro
26	118	186	Poro
16	77	89	Poro
24	72	83	Poro
36	99	119	Poro
59	157	189	Poro
24	90	108	Poro
26	84	112	Poro
13	69	90	Poro
75	139	139	Poro
36	111	134	Poro
36	95	111	Poro
28	99	115	Poro
38	114	131	Poro
28	103	128	Poro
29	131	182	Poro
49	134	154	Poro
21	104	164	Poro
29	111	130	Poro
17	84	116	Poro
24	92	106	Poro
42	113	127	Poro
33	92	80	Poro
64	134	155	Poro
26	109	144	Poro
19	68	92	Poro
27	92	123	Poro
19	69	82	Poro
107	148	131	Poro
19	78	116	Poro
21	102	136	Poro
35	93	113	Poro
32	90	110	Poro
21	46	45	Poro
89	134	111	Poro
17	59	55	Poro
39	108	124	Poro
22	85	107	Poro
170	235	203	Poro
46	98	114	Poro
66	133	143	Poro
35	95	115	Poro
63	131	146	Poro
25	69	92	Poro
86	132	132	Poro
25	65	67	Poro
34	101	125	Poro
13	77	139	Poro
23	79	93	Poro
56	126	130	Poro
40	101	109	Poro
15	76	145	Poro
24	93	123	Poro
48	104	111	Poro
65	138	140	Poro
23	78	90	Poro
57	144	166	Poro
21	81	83	Poro
5	66	89	Poro
29	111	140	Poro
41	132	151	Poro
56	113	127	Poro
53	118	123	Poro
25	97	144	Poro
46	124	149	Poro
23	79	98	Poro
56	142	163	Poro
16	100	156	Poro
37	124	149	Poro
39	128	166	Poro
19	89	117	Poro
6	37	74	Poro
29	93	132	Poro
62	116	121	Poro
12	68	76	Poro
42	102	114	Poro
39	95	97	Poro
45	122	137	Poro
20	83	90	Poro
19	97	143	Poro
17	92	132	Poro
18	97	142	Poro
25	97	129	Poro
27	84	98	Poro
24	63	69	Poro
79	160	176	Poro
35	100	113	Poro
16	70	84	Poro
24	82	81	Poro
22	71	87	Poro
23	67	92	Poro
42	90	98	Poro
23	100	147	Poro
21	79	115	Poro
59	136	142	Poro
29	91	117	Poro
26	83	110	Poro
20	92	121	Poro
64	122	137	Poro
23	100	150	Poro
56	135	147	Poro
37	118	135	Poro
22	94	135	Poro
18	85	129	Poro
18	79	97	Poro
27	84	88	Poro
36	109	139	Poro
33	106	132	Poro
19	106	166	Poro
25	91	107	Poro
12	77	90	Poro
4	45	71	Poro
34	111	146	Poro
56	134	143	Poro
14	45	68	Poro
21	108	170	Poro
59	138	149	Poro
81	158	161	Poro
87	163	176	Poro
169	236	212	Poro
48	106	102	Poro
3	69	94	Poro
19	86	114	Poro
62	145	164	Poro
24	115	162	Poro
22	73	83	Poro
37	131	171	Poro
68	154	176	Poro
21	73	97	Poro
36	92	101	Poro
28	89	107	Poro
56	141	149	Poro
68	142	151	Poro
29	117	149	Poro
12	69	112	Poro
30	90	112	Poro
20	105	161	Poro
11	65	101	Poro
31	89	111	Poro
7	77	128	Poro
32	108	121	Poro
16	80	125	Poro
23	87	124	Poro
16	92	139	Poro
82	130	142	Poro
164	233	211	Poro
16	63	85	Poro
21	94	131	Poro
136	193	161	Poro
29	90	94	Poro
17	101	164	Poro
13	89	141	Poro
48	130	151	Poro
117	161	141	Poro
84	123	101	Poro
26	78	65	Poro
27	86	97	Poro
21	52	53	Poro
20	103	154	Poro
84	175	186	Poro
27	98	132	Poro
33	96	128	Poro
54	134	141	Poro
39	93	113	Poro
44	108	118	Poro
39	99	139	Poro
17	90	122	Poro
63	150	164	Poro
16	79	110	Poro
28	86	96	Poro
54	145	168	Poro
36	132	175	Poro
39	124	153	Poro
73	140	153	Poro
54	142	169	Poro
11	85	137	Poro
19	60	83	Poro
26	95	124	Poro
19	67	72	Poro
21	92	119	Poro
23	83	79	Poro
13	81	139	Poro
35	106	113	Poro
49	128	163	Poro
70	141	149	Poro
46	112	130	Poro
40	116	133	Poro
15	91	141	Poro
75	157	185	Poro
1	57	77	Poro
26	122	183	Poro
28	120	146	Poro
17	62	76	Poro
16	101	165	Poro
52	121	136	Poro
44	115	110	Poro
31	105	122	Poro
12	71	101	Poro
43	94	100	Poro
23	101	139	Poro
36	125	150	Poro
26	85	105	Poro
67	136	138	Poro
31	96	131	Poro
12	75	141	Poro
15	100	165	Poro
32	124	165	Poro
21	98	142	Poro
39	101	113	Poro
5	74	102	Poro
29	86	99	Poro
30	86	110	Poro
16	77	108	Poro
16	79	147	Poro
20	96	144	Poro
15	92	125	Poro
26	96	130	Poro
22	83	104	Poro
29	84	77	Poro
87	157	158	Poro
29	85	105	Poro
18	92	139	Poro
33	97	122	Poro
19	80	109	Poro
17	91	128	Poro
13	67	106	Poro
26	96	125	Poro
80	153	156	Poro
24	85	91	Poro
60	141	139	Poro
31	128	173	Poro
35	100	109	Poro
80	136	138	Poro
76	153	160	Poro
23	80	105	Poro
51	145	169	Poro
54	138	167	Poro
29	73	85	Poro
49	115	126	Poro
45	102	137	Poro
14	72	106	Poro
34	105	119	Poro
31	124	165	Poro
65	117	117	Poro
86	146	127	Poro
20	85	119	Poro
14	72	108	Poro
1	41	91	Poro
27	91	105	Poro
34	106	121	Poro
10	53	80	Poro
78	164	170	Poro
14	65	86	Poro
3	55	107	Poro
45	121	125	Poro
30	105	118	Poro
40	106	119	Poro
71	137	151	Poro
62	149	155	Poro
37	116	144	Poro
16	85	130	Poro
23	78	95	Poro
78	156	161	Poro
16	67	98	Poro
22	106	160	Poro
29	118	157	Poro
57	122	137	Poro
17	64	82	Poro
19	83	99	Poro
82	167	188	Poro
84	167	182	Poro
66	151	171	Poro
51	110	121	Poro
19	106	145	Poro
56	133	133	Poro
53	127	130	Poro
28	122	154	Poro
41	106	143	Poro
12	68	108	Poro
26	96	124	Poro
22	80	105	Poro
42	102	104	Poro
15	78	150	Poro
13	91	141	Poro
18	76	102	Poro
25	104	141	Poro
26	95	111	Poro
24	99	131	Poro
16	75	109	Poro
26	58	67	Poro
30	127	166	Poro
31	90	103	Poro
31	105	115	Poro
22	105	159	Poro
24	83	105	Poro
55	133	175	Poro
11	72	133	Poro
23	88	104	Poro
68	157	179	Poro
26	103	115	Poro
21	69	83	Poro
21	82	102	Poro
27	83	96	Poro
17	103	166	Poro
29	76	91	Poro
12	69	107	Poro
63	137	140	Poro
40	130	149	Poro
17	56	76	Poro
66	150	173	Poro
1	41	54	Poro
19	56	79	Poro
27	89	109	Poro
19	86	116	Poro
56	126	144	Poro
26	102	105	Poro
16	72	95	Poro
70	144	135	Poro
28	120	170	Poro
50	122	119	Poro
35	100	114	Poro
37	111	125	Poro
38	112	137	Poro
14	59	77	Poro
15	66	124	Poro
16	71	101	Poro
25	102	131	Poro
26	97	147	Poro
22	60	90	Poro
68	153	170	Poro
25	84	108	Poro
54	125	134	Poro
19	85	103	Poro
37	96	102	Poro
40	74	71	Poro
26	102	138	Poro
19	96	135	Poro
18	78	133	Poro
18	79	116	Poro
18	77	102	Poro
20	95	128	Poro
102	157	153	Poro
37	92	87	Poro
29	94	104	Poro
16	76	123	Poro
25	83	89	Poro
21	91	122	Poro
30	70	79	Poro
34	97	119	Poro
10	52	61	Poro
18	91	121	Poro
29	99	126	Poro
26	67	70	Poro
20	108	161	Poro
19	86	113	Poro
55	126	139	Poro
37	112	132	Poro
7	89	127	Poro
83	165	173	Poro
9	61	84	Poro
30	128	178	Poro
34	83	103	Poro
44	122	150	Poro
15	75	138	Poro
75	156	175	Poro
1	60	86	Poro
51	138	153	Poro
36	103	108	Poro
71	144	157	Poro
24	83	115	Poro
16	74	118	Poro
26	87	132	Poro
15	79	150	Poro
22	90	124	Poro
22	79	119	Poro
51	127	135	Poro
14	67	98	Poro
38	109	118	Poro
49	97	105	Poro
27	72	78	Poro
19	76	123	Poro
20	68	106	Poro
18	89	137	Poro
13	64	112	Poro
25	118	189	Poro
38	102	107	Poro
11	49	66	Poro
49	114	124	Poro
20	68	64	Poro
21	110	162	Poro
26	95	96	Poro
31	123	158	Poro
61	132	141	Poro
21	81	120	Poro
22	71	88	Poro
87	174	181	Poro
27	57	71	Poro
70	131	111	Poro
56	119	128	Poro
68	157	165	Poro
15	57	73	Poro
46	134	155	Poro
73	141	148	Poro
62	145	172	Poro
19	63	91	Poro
30	89	104	Poro
23	71	70	Poro
27	93	121	Poro
13	55	91	Poro
32	107	117	Poro
58	130	136	Poro
44	131	165	Poro
36	124	152	Poro
21	107	126	Poro
39	100	89	Poro
26	101	121	Poro
10	75	108	Poro
93	171	170	Poro
77	163	182	Poro
21	82	99	Poro
31	112	139	Poro
16	89	127	Poro
24	115	151	Poro
51	138	159	Poro
21	75	109	Poro
15	59	107	Poro
37	107	120	Poro
19	98	145	Poro
14	75	126	Poro
40	100	120	Poro
42	96	111	Poro
13	95	145	Poro
13	77	142	Poro
15	71	99	Poro
39	98	103	Poro
22	93	138	Poro
21	78	97	Poro
34	108	124	Poro
27	70	103	Poro
29	109	147	Poro
69	121	119	Poro
1	30	47	Poro
29	98	136	Poro
70	139	141	Poro
68	137	147	Poro
19	82	102	Poro
21	106	144	Poro
23	62	77	Poro
18	69	109	Poro
22	93	134	Poro
36	100	91	Poro
31	120	158	Poro
27	111	142	Poro
24	71	87	Poro
12	80	107	Poro
19	84	128	Poro
15	82	106	Poro
16	64	96	Poro
78	163	186	Poro
13	74	127	Poro
18	87	112	Poro
29	82	93	Poro
23	110	153	Poro
19	58	72	Poro
18	78	112	Poro
11	72	130	Poro
42	109	121	Poro
15	74	117	Poro
19	78	93	Poro
29	90	123	Poro
104	144	122	Poro
37	111	141	Poro
57	126	126	Poro
22	103	145	Poro
28	101	131	Poro
12	86	126	Poro
15	82	120	Poro
42	123	137	Poro
23	80	105	Poro
71	156	169	Poro
31	123	162	Poro
28	68	85	Poro
58	148	171	Poro
23	106	158	Poro
30	109	143	Poro
23	82	106	Poro
107	148	121	Poro
57	129	143	Poro
11	86	143	Poro
23	74	91	Poro
57	129	145	Poro
15	74	88	Poro
8	56	82	Poro
22	79	87	Poro
58	147	172	Poro
25	74	84	Poro
26	99	118	Poro
52	125	132	Poro
23	81	129	Poro
18	97	135	Poro
31	126	167	Poro
46	128	149	Poro
16	96	136	Poro
27	97	107	Poro
22	90	118	Poro
20	75	93	Poro
22	91	131	Poro
27	75	115	Poro
25	102	137	Poro
47	103	116	Poro
31	84	101	Poro
34	121	149	Poro
29	116	164	Poro
20	101	150	Poro
27	103	123	Poro
34	110	155	Poro
38	129	155	Poro
36	112	125	Poro
32	83	110	Poro
95	164	181	Poro
25	101	117	Poro
19	104	155	Poro
25	100	136	Poro
20	69	85	Poro
77	152	167	Poro
22	64	79	Poro
82	153	157	Poro
23	113	161	Poro
13	94	145	Poro
12	97	152	Poro
16	55	74	Poro
24	66	67	Poro
24	87	106	Poro
49	129	144	Poro
67	135	149	Poro
29	86	99	Poro
35	94	99	Poro
53	136	143	Poro
43	101	112	Poro
17	92	137	Poro
22	72	96	Poro
22	97	125	Poro
11	92	142	Poro
29	96	115	Poro
60	130	141	Poro
38	104	121	Poro
16	71	70	Poro
158	226	211	Poro
19	64	78	Poro
37	118	139	Poro
24	96	121	Poro
27	104	132	Poro
14	60	71	Poro
39	99	124	Poro
35	96	104	Poro
18	77	98	Poro
29	96	114	Poro
20	80	110	Poro
15	97	152	Poro
23	67	76	Poro
42	132	176	Poro
25	82	97	Poro
80	155	160	Poro
24	88	98	Poro
61	125	136	Poro
53	123	112	Poro
16	78	141	Poro
62	147	159	Poro
23	93	94	Poro
153	211	180	Poro
13	75	91	Poro
27	58	77	Poro
26	111	143	Poro
72	139	130	Poro
17	76	107	Poro
15	90	127	Poro
28	101	150	Poro
29	79	94	Poro
13	64	116	Poro
15	104	157	Poro
26	127	185	Poro
34	96	102	Poro
36	105	137	Poro
55	116	129	Poro
33	106	129	Poro
11	65	125	Poro
58	151	173	Poro
30	133	184	Poro
58	133	150	Poro
16	97	139	Poro
40	125	142	Poro
71	158	178	Poro
19	89	120	Poro
37	117	152	Poro
70	146	157	Poro
21	89	95	Poro
87	140	135	Poro
40	120	155	Poro
33	85	96	Poro
20	91	136	Poro
57	116	117	Poro
36	99	116	Poro
30	68	85	Poro
66	137	151	Poro
165	235	221	Poro
22	100	154	Poro
32	113	138	Poro
29	100	129	Poro
37	111	131	Poro
12	84	117	Poro
43	123	144	Poro
66	158	185	Poro
26	90	106	Poro
11	66	106	Poro
16	78	109	Poro
19	54	82	Poro
27	77	75	Poro
43	123	147	Poro
40	100	122	Poro
18	100	138	Poro
47	127	144	Poro
34	108	121	Poro
84	173	183	Poro
29	74	63	Poro
10	70	122	Poro
34	105	130	Poro
16	54	81	Poro
20	103	147	Poro
31	127	165	Poro
32	96	113	Poro
59	142	153	Poro
107	153	133	Poro
39	105	114	Poro
29	83	98	Poro
12	57	94	Poro
19	74	128	Poro
32	69	97	Poro
71	156	177	Poro
50	135	151	Poro
53	145	161	Poro
32	111	134	Poro
58	143	161	Poro
16	83	121	Poro
17	99	156	Poro
43	115	131	Poro
41	124	138	Poro
41	119	149	Poro
12	62	82	Poro
23	92	120	Poro
57	121	139	Poro
33	110	146	Poro
18	76	85	Poro
18	77	124	Poro
65	139	144	Poro
39	137	174	Poro
19	59	73	Poro
30	117	161	Poro
26	92	124	Poro
19	87	115	Poro
11	72	130	Poro
15	74	88	Poro
36	103	115	Poro
94	152	148	Poro
21	67	77	Poro
19	78	105	Poro
53	127	133	Poro
19	93	138	Poro
51	143	167	Poro
40	115	138	Poro
59	126	144	Poro
21	105	155	Poro
42	122	138	Poro
13	65	119	Poro
8	66	101	Poro
62	134	133	Poro
39	126	166	Poro
10	59	76	Poro
22	82	103	Poro
41	91	106	Poro
24	101	137	Poro
32	119	141	Poro
26	91	116	Poro
26	98	127	Poro
29	101	130	Poro
9	69	105	Poro
34	88	122	Poro
86	142	141	Poro
18	52	85	Poro
17	95	130	Poro
13	62	64	Poro
19	81	98	Poro
28	92	100	Poro
53	135	153	Poro
30	85	71	Poro
35	103	116	Poro
22	89	118	Poro
40	119	128	Poro
66	153	178	Poro
66	149	162	Poro
33	92	115	Poro
32	91	106	Poro
60	156	179	Poro
38	92	102	Poro
25	97	149	Poro
94	149	152	Poro
26	79	83	Poro
59	106	95	Poro
13	72	106	Poro
38	107	112	Poro
13	87	118	Poro
85	170	177	Poro
73	137	152	Poro
16	94	129	Poro
29	110	134	Poro
8	46	66	Poro
23	74	81	Poro
19	84	103	Poro
16	73	97	Poro
13	58	80	Poro
39	105	120	Poro
26	87	98	Poro
74	150	164	Poro
48	129	139	Poro
19	104	167	Poro
15	76	141	Poro
8	63	92	Poro
33	100	108	Poro
41	83	88	Poro
24	94	95	Poro
27	73	107	Poro
64	135	141	Poro
30	93	116	Poro
22	87	110	Poro
15	87	128	Poro
19	81	137	Poro
35	109	147	Poro
37	116	136	Poro
66	149	175	Poro
16	54	87	Poro
43	108	121	Poro
13	75	144	Poro
17	105	162	Poro
18	66	75	Poro
83	162	165	Poro
22	69	84	Poro
78	153	159	Poro
11	88	136	Poro
29	90	125	Poro
16	72	133	Poro
47	119	122	Poro
27	109	136	Poro
33	130	177	Poro
40	132	171	Poro
24	107	159	Poro
47	130	141	Poro
36	90	92	Poro
22	83	88	Poro
63	109	101	Poro
26	88	105	Poro
103	146	129	Poro
9	83	130	Poro
33	116	127	Poro
17	66	73	Poro
18	102	153	Poro
60	145	170	Poro
5	50	99	Poro
27	63	85	Poro
14	86	124	Poro
19	88	106	Poro
19	103	162	Poro
33	105	121	Poro
34	99	114	Poro
36	107	129	Poro
29	92	128	Poro
12	60	84	Poro
71	101	89	Poro
34	111	146	Poro
28	74	80	Poro
18	95	133	Poro
57	136	155	Poro
30	95	108	Poro
23	109	163	Poro
44	130	167	Poro
19	89	111	Poro
37	105	124	Poro
22	87	124	Poro
71	152	160	Poro
13	102	160	Poro
19	97	139	Poro
44	113	134	Poro
33	130	166	Poro
22	85	115	Poro
41	99	110	Poro
24	112	146	Poro
26	98	123	Poro
30	81	91	Poro
59	131	176	Poro
18	78	92	Poro
20	87	119	Poro
37	105	135	Poro
61	147	160	Poro
16	78	100	Poro
40	95	113	Poro
59	146	172	Poro
38	101	112	Poro
55	110	119	Poro
17	88	133	Poro
41	117	135	Poro
18	105	164	Poro
34	104	123	Poro
30	91	106	Poro
24	111	156	Poro
105	150	152	Poro
40	94	102	Poro
28	58	72	Poro
83	145	154	Poro
8	64	101	Poro
18	78	153	Poro
23	89	97	Poro
14	66	94	Poro
19	80	93	Poro
27	81	91	Poro
44	111	149	Poro
13	83	138	Poro
21	109	169	Poro
52	123	141	Poro
27	55	71	Poro
20	88	117	Poro
30	99	120	Poro
70	116	95	Poro
73	156	175	Poro
44	115	140	Poro
25	81	97	Poro
75	162	182	Poro
23	66	96	Poro
40	95	101	Poro
69	144	145	Poro
34	66	72	Poro
37	111	138	Poro
28	123	161	Poro
66	144	149	Poro
21	84	120	Poro
61	133	144	Poro
31	75	75	Poro
33	103	131	Poro
30	95	118	Poro
92	159	151	Poro
22	76	82	Poro
12	88	137	Poro
87	165	187	Poro
19	92	121	Poro
33	89	96	Poro
71	155	177	Poro
59	123	137	Poro
15	73	88	Poro
20	88	115	Poro
6	63	97	Poro
19	105	170	Poro
28	91	113	Poro
71	159	179	Poro
41	98	85	Poro
33	99	123	Poro
28	76	99	Poro
24	107	143	Poro
1	62	117	Poro
17	76	116	Poro
1	32	61	Poro
30	113	144	Poro
21	113	180	Poro
21	111	159	Poro
47	132	150	Poro
41	110	129	Poro
11	75	101	Poro
15	81	109	Poro
45	133	152	Poro
27	91	111	Poro
56	134	151	Poro
34	91	74	Poro
42	106	127	Poro
27	87	109	Poro
21	82	114	Poro
44	142	174	Poro
27	118	163	Poro
42	87	99	Poro
57	103	113	Poro
16	85	115	Poro
53	117	168	Poro
18	102	150	Poro
41	114	120	Poro
41	116	131	Poro
30	83	95	Poro
28	97	122	Poro
24	87	114	Poro
13	93	144	Poro
48	102	98	Poro
16	90	141	Poro
75	152	153	Poro
22	87	135	Poro
28	121	166	Poro
12	70	124	Poro
33	96	118	Poro
17	101	151	Poro
30	124	169	Poro
42	115	121	Poro
32	96	129	Poro
8	57	102	Poro
18	83	125	Poro
19	81	94	Poro
33	112	137	Poro
27	90	110	Poro
60	147	173	Poro
73	147	156	Poro
13	71	131	Poro
26	80	130	Poro
31	106	138	Poro
26	74	89	Poro
1	44	95	Poro
29	92	117	Poro
18	73	102	Poro
15	75	106	Poro
18	63	85	Poro
2	37	85	Poro
38	105	120	Poro
19	105	120	Poro
12	74	149	Poro
19	77	101	Poro
27	96	123	Poro
24	95	116	Poro
49	125	134	Poro
71	143	143	Poro
14	87	131	Poro
40	107	117	Poro
33	109	146	Poro
26	91	115	Poro
16	76	118	Poro
21	79	81	Poro
10	54	68	Poro
59	151	173	Poro
47	127	133	Poro
39	115	129	Poro
16	79	132	Poro
65	146	157	Poro
19	71	77	Poro
70	139	146	Poro
8	76	106	Poro
48	122	155	Poro
31	107	133	Poro
13	29	42	Poro
21	75	97	Poro
24	106	139	Poro
19	98	140	Poro
52	121	112	Poro
18	87	120	Poro
42	103	125	Poro
26	81	99	Poro
26	105	143	Poro
41	79	90	Poro
31	113	147	Poro
45	119	128	Poro
19	80	121	Poro
29	105	138	Poro
63	134	146	Poro
34	111	132	Poro
25	81	82	Poro
3	28	58	Poro
43	108	126	Poro
32	118	156	Poro
9	59	99	Poro
15	77	139	Poro
21	74	90	Poro
59	139	168	Poro
49	134	157	Poro
10	34	59	Poro
22	101	139	Poro
57	124	119	Poro
28	99	112	Poro
40	116	139	Poro
27	94	117	Poro
19	81	147	Poro
8	72	132	Poro
14	75	92	Poro
9	39	74	Poro
23	94	132	Poro
19	73	104	Poro
17	83	117	Poro
2	59	93	Poro
30	78	106	Poro
97	140	122	Poro
46	93	100	Poro
53	121	137	Poro
10	87	136	Poro
41	86	75	Poro
17	75	95	Poro
19	65	81	Poro
20	90	142	Poro
15	81	140	Poro
16	73	94	Poro
8	51	89	Poro
32	125	167	Poro
17	80	113	Poro
15	80	121	Poro
25	103	132	Poro
11	78	122	Poro
67	146	161	Poro
22	73	98	Poro
11	60	81	Poro
23	103	141	Poro
43	120	139	Poro
60	146	156	Poro
72	155	181	Poro
19	94	130	Poro
32	107	141	Poro
26	93	113	Poro
42	124	144	Poro
40	78	76	Poro
31	85	92	Poro
3	60	82	Poro
25	117	177	Poro
35	90	113	Poro
6	64	98	Poro
76	159	179	Poro
19	67	89	Poro
26	83	101	Poro
65	134	154	Poro
19	98	135	Poro
26	82	111	Poro
21	79	108	Poro
13	71	107	Poro
40	128	152	Poro
44	108	131	Poro
68	152	177	Poro
20	65	49	Poro
24	111	157	Poro
5	67	86	Poro
17	93	127	Poro
43	124	132	Poro
34	100	116	Poro
66	146	153	Poro
43	130	143	Poro
79	163	167	Poro
61	138	152	Poro
12	87	131	Poro
36	100	118	Poro
26	73	78	Poro
81	160	162	Poro
10	73	90	Poro
20	80	108	Poro
18	105	159	Poro
66	151	177	Poro
19	103	143	Poro
13	80	101	Poro
5	80	128	Poro
27	111	157	Poro
65	151	166	Poro
47	96	103	Poro
24	98	130	Poro
17	70	117	Poro
43	133	158	Poro
18	74	93	Poro
67	148	161	Poro
17	81	147	Poro
55	138	164	Poro
32	93	94	Poro
36	94	105	Poro
17	91	139	Poro
25	107	137	Poro
56	135	158	Poro
1	28	51	Poro
59	112	107	Poro
13	43	59	Poro
5	66	86	Poro
44	115	132	Poro
25	117	165	Poro
24	104	144	Poro
20	88	120	Poro
26	113	181	Poro
51	123	136	Poro
67	141	141	Poro
23	88	109	Poro
9	72	96	Poro
50	149	190	Poro
13	46	57	Poro
25	60	63	Poro
17	89	119	Poro
54	141	162	Poro
36	86	78	Poro
10	53	73	Poro
14	73	97	Poro
12	91	139	Poro
60	120	121	Poro
28	108	162	Poro
29	89	105	Poro
18	82	107	Poro
11	49	61	Poro
32	88	125	Poro
27	96	116	Poro
33	89	94	Poro
23	67	63	Poro
5	67	90	Poro
31	117	146	Poro
16	77	118	Poro
28	104	137	Poro
29	84	88	Poro
26	98	115	Poro
17	84	151	Poro
15	74	100	Poro
37	96	131	Poro
23	79	98	Poro
29	95	92	Poro
13	92	121	Poro
10	62	79	Poro
15	90	123	Poro
18	87	128	Poro
40	96	98	Poro
24	98	110	Poro
22	79	83	Poro
41	130	158	Poro
18	91	118	Poro
37	105	136	Poro
32	92	110	Poro
108	164	167	Poro
27	113	145	Poro
14	79	138	Poro
31	87	115	Poro
18	75	90	Poro
16	93	141	Poro
71	146	155	Poro
29	106	139	Poro
52	120	162	Poro
21	89	119	Poro
24	79	99	Poro
27	71	112	Poro
14	100	164	Poro
31	97	116	Poro
65	147	158	Poro
17	93	141	Poro
23	89	116	Poro
21	75	104	Poro
48	139	162	Poro
53	92	102	Poro
57	140	153	Poro
2	67	86	Poro
75	157	172	Poro
60	140	153	Poro
81	162	183	Poro
50	112	134	Poro
3	69	103	Poro
21	74	73	Poro
59	154	177	Poro
16	74	146	Poro
2	62	85	Poro
24	106	138	Poro
18	86	112	Poro
25	79	102	Poro
15	98	154	Poro
22	113	163	Poro
19	58	78	Poro
40	100	106	Poro
27	80	80	Poro
15	80	138	Poro
38	90	113	Poro
33	113	151	Poro
58	128	140	Poro
17	65	83	Poro
23	80	78	Poro
16	68	74	Poro
15	90	139	Poro
50	122	124	Poro
19	71	94	Poro
22	107	157	Poro
14	75	89	Poro
34	124	150	Poro
14	34	50	Poro
27	98	128	Poro
49	119	142	Poro
20	99	138	Poro
18	57	75	Poro
20	80	104	Poro
27	99	117	Poro
11	94	141	Poro
13	63	81	Poro
14	76	114	Poro
43	118	128	Poro
16	52	72	Poro
52	139	163	Poro
25	102	147	Poro
179	248	236	Solido
111	155	142	Solido
159	227	215	Solido
48	91	96	Solido
56	77	43	Solido
140	197	200	Solido
65	113	112	Solido
152	209	193	Solido
157	222	217	Solido
74	108	85	Solido
173	238	234	Solido
66	94	87	Solido
162	229	210	Solido
149	212	211	Solido
158	207	175	Solido
163	226	218	Solido
120	178	155	Solido
175	243	230	Solido
170	238	227	Solido
117	151	114	Solido
137	176	125	Solido
107	142	148	Solido
89	125	105	Solido
115	162	132	Solido
41	72	72	Solido
41	72	73	Solido
178	247	240	Solido
31	59	56	Solido
167	229	232	Solido
22	62	72	Solido
67	96	82	Solido
76	132	135	Solido
39	74	48	Solido
100	141	142	Solido
165	233	227	Solido
97	133	149	Solido
51	71	49	Solido
144	201	172	Solido
100	142	113	Solido
158	218	220	Solido
142	212	202	Solido
52	80	53	Solido
157	227	211	Solido
121	169	144	Solido
125	173	157	Solido
81	125	107	Solido
64	105	89	Solido
169	234	226	Solido
153	224	218	Solido
62	95	76	Solido
175	245	233	Solido
158	227	203	Solido
180	243	242	Solido
140	201	193	Solido
169	236	227	Solido
49	99	66	Solido
132	189	164	Solido
175	245	234	Solido
87	128	122	Solido
17	29	31	Solido
121	165	163	Solido
143	192	179	Solido
181	245	242	Solido
166	231	222	Solido
69	101	78	Solido
157	223	213	Solido
171	234	230	Solido
169	233	218	Solido
129	173	145	Solido
110	154	155	Solido
139	202	193	Solido
176	244	236	Solido
178	237	223	Solido
137	198	181	Solido
117	168	143	Solido
158	209	184	Solido
174	237	237	Solido
129	177	165	Solido
184	253	239	Solido
174	235	231	Solido
158	228	216	Solido
181	252	241	Solido
149	211	202	Solido
125	171	167	Solido
171	235	221	Solido
151	216	205	Solido
147	214	197	Solido
150	223	186	Solido
120	168	146	Solido
157	228	214	Solido
21	47	53	Solido
163	223	219	Solido
137	195	200	Solido
52	79	52	Solido
178	246	240	Solido
171	242	231	Solido
159	225	215	Solido
168	235	231	Solido
137	201	189	Solido
147	201	174	Solido
72	97	84	Solido
53	77	49	Solido
116	157	152	Solido
155	219	210	Solido
71	100	71	Solido
47	80	84	Solido
157	223	219	Solido
175	239	230	Solido
104	146	130	Solido
121	167	167	Solido
183	249	241	Solido
175	238	239	Solido
61	89	62	Solido
152	223	212	Solido
165	231	224	Solido
106	159	160	Solido
116	160	129	Solido
177	247	236	Solido
175	239	228	Solido
146	210	198	Solido
178	247	238	Solido
137	184	140	Solido
15	29	27	Solido
175	243	235	Solido
174	245	237	Solido
176	238	232	Solido
50	73	82	Solido
181	246	237	Solido
162	230	226	Solido
7	18	22	Solido
110	165	158	Solido
153	205	179	Solido
167	231	227	Solido
178	242	230	Solido
156	212	208	Solido
106	140	147	Solido
187	244	223	Solido
55	108	126	Solido
48	68	41	Solido
168	236	228	Solido
85	131	105	Solido
178	249	238	Solido
150	211	198	Solido
174	244	237	Solido
21	51	45	Solido
167	223	219	Solido
177	241	241	Solido
55	85	60	Solido
163	231	217	Solido
163	233	226	Solido
135	179	151	Solido
52	73	40	Solido
173	238	232	Solido
45	83	79	Solido
176	241	236	Solido
164	226	220	Solido
178	247	241	Solido
163	226	218	Solido
164	227	218	Solido
178	248	239	Solido
148	203	194	Solido
178	249	243	Solido
171	244	234	Solido
56	102	133	Solido
111	162	138	Solido
145	199	201	Solido
173	237	225	Solido
103	145	131	Solido
63	108	105	Solido
188	254	249	Solido
167	230	219	Solido
71	122	139	Solido
175	237	240	Solido
107	145	128	Solido
168	231	219	Solido
41	68	59	Solido
160	222	217	Solido
153	214	207	Solido
157	223	217	Solido
159	222	211	Solido
119	161	138	Solido
148	206	189	Solido
164	235	225	Solido
167	235	228	Solido
180	248	240	Solido
155	218	199	Solido
36	65	69	Solido
177	242	232	Solido
49	74	48	Solido
167	218	196	Solido
163	227	212	Solido
176	241	228	Solido
167	229	212	Solido
169	235	229	Solido
171	238	232	Solido
165	232	220	Solido
179	241	240	Solido
43	67	52	Solido
28	54	51	Solido
41	73	69	Solido
129	186	145	Solido
157	222	216	Solido
110	153	124	Solido
127	176	158	Solido
165	229	224	Solido
101	151	136	Solido
168	230	226	Solido
90	129	110	Solido
105	158	155	Solido
113	151	133	Solido
186	251	249	Solido
163	230	223	Solido
44	65	39	Solido
130	180	156	Solido
39	70	59	Solido
119	167	157	Solido
161	228	219	Solido
157	224	215	Solido
175	245	236	Solido
171	233	225	Solido
166	236	224	Solido
180	247	238	Solido
31	46	41	Solido
99	140	142	Solido
165	231	222	Solido
27	61	43	Solido
176	234	229	Solido
151	211	192	Solido
169	237	223	Solido
167	237	225	Solido
129	196	176	Solido
175	239	235	Solido
158	229	217	Solido
177	247	236	Solido
167	232	225	Solido
51	83	57	Solido
68	116	109	Solido
116	159	159	Solido
9	22	25	Solido
58	94	82	Solido
169	232	222	Solido
55	95	115	Solido
16	36	38	Solido
167	235	225	Solido
155	209	203	Solido
170	242	232	Solido
164	233	220	Solido
43	76	98	Solido
133	198	195	Solido
173	237	234	Solido
156	214	202	Solido
164	233	222	Solido
54	103	105	Solido
59	85	68	Solido
37	63	60	Solido
80	107	123	Solido
187	254	250	Solido
174	237	223	Solido
177	243	226	Solido
171	243	224	Solido
11	22	23	Solido
169	238	233	Solido
55	86	60	Solido
9	20	25	Solido
165	233	228	Solido
170	228	215	Solido
174	242	230	Solido
64	94	88	Solido
62	87	61	Solido
168	231	221	Solido
86	131	130	Solido
117	169	145	Solido
125	175	153	Solido
142	197	183	Solido
166	234	217	Solido
51	90	105	Solido
171	234	235	Solido
89	123	142	Solido
162	228	209	Solido
81	116	124	Solido
55	89	85	Solido
49	79	83	Solido
139	199	187	Solido
56	79	104	Solido
59	96	97	Solido
172	237	226	Solido
143	211	193	Solido
142	218	220	Solido
51	78	51	Solido
155	222	219	Solido
175	240	241	Solido
132	196	182	Solido
159	224	216	Solido
164	226	214	Solido
51	75	61	Solido
190	249	231	Solido
165	229	221	Solido
56	80	72	Solido
151	214	214	Solido
177	246	241	Solido
87	141	138	Solido
174	242	231	Solido
137	187	171	Solido
159	209	221	Solido
154	211	194	Solido
165	224	192	Solido
173	241	227	Solido
100	146	137	Solido
119	176	157	Solido
173	241	239	Solido
177	244	235	Solido
178	242	229	Solido
58	85	87	Solido
53	80	51	Solido
178	247	240	Solido
172	231	220	Solido
174	242	231	Solido
128	174	143	Solido
46	94	115	Solido
33	67	65	Solido
119	162	161	Solido
173	243	238	Solido
149	215	198	Solido
139	187	178	Solido
161	228	214	Solido
40	60	69	Solido
168	228	225	Solido
109	161	172	Solido
135	197	183	Solido
136	182	174	Solido
175	237	231	Solido
165	234	214	Solido
171	240	232	Solido
176	245	236	Solido
148	218	200	Solido
114	169	164	Solido
183	250	242	Solido
47	80	79	Solido
177	247	235	Solido
180	249	236	Solido
32	78	107	Solido
137	181	148	Solido
65	100	79	Solido
167	234	228	Solido
159	221	215	Solido
121	187	171	Solido
179	248	238	Solido
181	251	241	Solido
49	77	55	Solido
72	104	89	Solido
188	254	254	Solido
36	69	91	Solido
167	235	225	Solido
77	105	111	Solido
161	224	220	Solido
156	222	210	Solido
47	73	62	Solido
56	87	75	Solido
183	250	250	Solido
44	52	61	Solido
14	26	23	Solido
169	236	226	Solido
57	77	76	Solido
173	239	229	Solido
171	234	222	Solido
165	218	196	Solido
91	136	126	Solido
169	233	230	Solido
125	168	152	Solido
173	236	235	Solido
135	200	179	Solido
173	240	237	Solido
93	133	121	Solido
82	117	112	Solido
72	108	93	Solido
177	244	239	Solido
122	165	172	Solido
172	237	232	Solido
73	113	96	Solido
155	210	206	Solido
107	171	165	Solido
173	239	234	Solido
153	215	200	Solido
168	237	226	Solido
80	109	117	Solido
39	84	104	Solido
177	249	242	Solido
148	203	195	Solido
179	251	240	Solido
70	119	116	Solido
140	197	198	Solido
173	237	232	Solido
179	246	236	Solido
51	82	58	Solido
32	57	79	Solido
170	232	231	Solido
70	92	62	Solido
175	238	227	Solido
165	217	194	Solido
186	244	217	Solido
173	244	230	Solido
172	233	227	Solido
165	233	224	Solido
5	29	54	Solido
159	216	207	Solido
19	44	35	Solido
97	134	137	Solido
53	86	61	Solido
163	232	223	Solido
135	199	188	Solido
96	129	104	Solido
178	245	235	Solido
30	69	59	Solido
109	149	145	Solido
57	91	82	Solido
41	71	48	Solido
67	94	102	Solido
179	240	236	Solido
121	167	166	Solido
169	224	220	Solido
149	201	168	Solido
168	235	231	Solido
56	81	53	Solido
14	25	28	Solido
172	243	231	Solido
106	148	142	Solido
139	191	185	Solido
175	246	237	Solido
172	239	231	Solido
103	143	141	Solido
170	230	211	Solido
170	238	229	Solido
183	240	205	Solido
49	76	69	Solido
160	220	215	Solido
159	220	208	Solido
167	237	223	Solido
171	234	207	Solido
174	237	239	Solido
167	232	226	Solido
174	242	234	Solido
157	213	206	Solido
50	81	60	Solido
166	227	215	Solido
180	248	232	Solido
118	168	148	Solido
157	229	218	Solido
51	82	56	Solido
153	214	202	Solido
172	238	231	Solido
112	162	136	Solido
85	130	104	Solido
44	84	79	Solido
182	254	249	Solido
59	85	58	Solido
125	179	164	Solido
175	244	228	Solido
54	94	101	Solido
130	174	171	Solido
176	243	238	Solido
185	250	226	Solido
144	193	183	Solido
157	225	218	Solido
131	182	148	Solido
132	181	156	Solido
159	224	218	Solido
167	235	226	Solido
167	234	224	Solido
60	94	82	Solido
80	97	90	Solido
50	79	51	Solido
50	79	47	Solido
151	217	206	Solido
170	236	232	Solido
89	131	99	Solido
123	183	173	Solido
181	254	239	Solido
93	137	112	Solido
167	232	219	Solido
178	245	234	Solido
165	215	187	Solido
177	244	235	Solido
159	226	224	Solido
114	167	167	Solido
170	240	231	Solido
183	252	241	Solido
108	152	124	Solido
52	78	80	Solido
159	211	195	Solido
171	236	228	Solido
126	175	146	Solido
162	227	216	Solido
98	138	144	Solido
161	232	226	Solido
175	245	231	Solido
174	234	226	Solido
162	229	217	Solido
161	227	218	Solido
165	228	207	Solido
148	212	189	Solido
161	219	209	Solido
160	229	224	Solido
147	201	188	Solido
147	207	197	Solido
34	62	60	Solido
142	195	183	Solido
140	208	192	Solido
159	225	213	Solido
117	160	151	Solido
157	227	212	Solido
154	208	171	Solido
125	171	137	Solido
161	228	212	Solido
168	238	228	Solido
185	248	231	Solido
182	251	244	Solido
58	85	64	Solido
179	246	241	Solido
173	235	223	Solido
31	52	72	Solido
50	71	53	Solido
104	141	141	Solido
159	229	219	Solido
153	214	209	Solido
166	233	223	Solido
62	97	82	Solido
115	167	169	Solido
130	181	163	Solido
171	227	227	Solido
140	195	165	Solido
57	83	53	Solido
88	143	159	Solido
171	238	224	Solido
157	225	216	Solido
115	167	159	Solido
175	238	229	Solido
171	237	227	Solido
151	202	183	Solido
164	233	231	Solido
50	72	41	Solido
175	245	244	Solido
97	136	141	Solido
172	238	232	Solido
174	241	225	Solido
44	77	76	Solido
173	240	234	Solido
167	233	228	Solido
175	244	234	Solido
55	82	55	Solido
176	237	240	Solido
159	225	218	Solido
60	100	94	Solido
174	239	226	Solido
174	240	232	Solido
40	59	37	Solido
47	72	42	Solido
172	244	233	Solido
28	48	49	Solido
49	82	53	Solido
178	248	238	Solido
168	224	213	Solido
81	108	93	Solido
138	187	164	Solido
3	13	22	Solido
177	247	234	Solido
171	232	215	Solido
181	250	243	Solido
47	86	122	Solido
159	224	206	Solido
171	228	223	Solido
178	248	237	Solido
172	241	231	Solido
93	133	127	Solido
70	105	119	Solido
175	245	233	Solido
180	250	236	Solido
18	34	44	Solido
33	66	66	Solido
51	90	124	Solido
180	249	240	Solido
113	155	154	Solido
156	223	214	Solido
48	72	53	Solido
75	100	120	Solido
165	233	225	Solido
121	170	148	Solido
180	241	240	Solido
153	214	202	Solido
108	156	155	Solido
142	193	185	Solido
131	179	151	Solido
184	247	243	Solido
164	231	222	Solido
19	41	47	Solido
183	251	236	Solido
174	244	234	Solido
157	216	209	Solido
181	252	240	Solido
146	209	192	Solido
166	235	225	Solido
171	241	230	Solido
175	245	240	Solido
126	173	176	Solido
15	37	52	Solido
159	229	223	Solido
175	246	233	Solido
98	152	161	Solido
148	203	184	Solido
121	167	153	Solido
53	87	58	Solido
135	189	164	Solido
148	211	201	Solido
126	171	164	Solido
131	185	164	Solido
45	77	53	Solido
163	232	217	Solido
183	248	242	Solido
185	252	244	Solido
156	222	200	Solido
59	85	58	Solido
180	247	235	Solido
151	217	193	Solido
49	78	50	Solido
45	67	40	Solido
99	139	140	Solido
155	222	211	Solido
130	175	165	Solido
73	116	90	Solido
166	233	218	Solido
158	222	215	Solido
44	71	100	Solido
122	185	170	Solido
55	85	60	Solido
43	81	76	Solido
168	237	225	Solido
177	240	226	Solido
13	26	68	Solido
145	196	170	Solido
129	175	165	Solido
147	213	204	Solido
179	243	240	Solido
167	237	231	Solido
164	228	220	Solido
44	69	68	Solido
177	240	236	Solido
164	234	222	Solido
131	178	165	Solido
148	211	194	Solido
138	185	167	Solido
52	78	59	Solido
175	241	229	Solido
170	238	227	Solido
102	151	124	Solido
142	190	175	Solido
112	156	150	Solido
173	242	231	Solido
94	125	68	Solido
98	136	136	Solido
144	199	187	Solido
23	38	36	Solido
51	93	103	Solido
167	232	221	Solido
178	245	229	Solido
164	230	220	Solido
8	17	23	Solido
148	205	194	Solido
183	248	232	Solido
107	162	171	Solido
168	222	191	Solido
135	189	167	Solido
1	23	43	Solido
150	220	210	Solido
125	181	148	Solido
115	181	168	Solido
88	135	129	Solido
82	122	126	Solido
173	235	236	Solido
181	247	235	Solido
179	245	241	Solido
87	126	122	Solido
168	232	229	Solido
166	231	220	Solido
119	170	149	Solido
90	129	105	Solido
184	248	238	Solido
116	168	143	Solido
54	92	95	Solido
171	239	225	Solido
165	231	216	Solido
129	183	169	Solido
171	234	232	Solido
161	224	213	Solido
98	144	129	Solido
48	76	97	Solido
155	218	205	Solido
44	80	72	Solido
133	185	175	Solido
173	234	231	Solido
170	226	223	Solido
149	209	200	Solido
170	240	231	Solido
173	244	240	Solido
81	122	88	Solido
175	245	236	Solido
102	152	151	Solido
114	165	159	Solido
171	244	234	Solido
54	73	40	Solido
153	216	207	Solido
75	118	119	Solido
110	154	150	Solido
69	104	95	Solido
170	238	231	Solido
119	168	166	Solido
171	237	223	Solido
177	247	242	Solido
179	248	234	Solido
97	136	122	Solido
177	243	235	Solido
144	207	202	Solido
173	246	240	Solido
166	232	223	Solido
175	244	233	Solido
165	231	220	Solido
161	230	226	Solido
139	194	181	Solido
81	123	106	Solido
176	240	241	Solido
150	205	185	Solido
128	177	169	Solido
164	236	226	Solido
177	242	240	Solido
167	233	222	Solido
162	228	209	Solido
127	176	162	Solido
175	239	228	Solido
49	74	47	Solido
44	66	53	Solido
138	187	184	Solido
49	78	70	Solido
81	115	120	Solido
176	239	231	Solido
153	217	212	Solido
160	222	223	Solido
101	140	148	Solido
125	177	173	Solido
64	95	78	Solido
182	247	249	Solido
167	235	230	Solido
53	85	79	Solido
21	41	45	Solido
151	204	156	Solido
153	207	185	Solido
128	175	142	Solido
74	99	86	Solido
51	82	59	Solido
165	228	216	Solido
135	189	180	Solido
11	21	24	Solido
171	235	228	Solido
172	235	230	Solido
163	231	217	Solido
166	231	226	Solido
177	242	233	Solido
154	218	208	Solido
167	237	231	Solido
179	249	242	Solido
86	137	129	Solido
175	240	233	Solido
52	108	115	Solido
167	232	218	Solido
177	245	237	Solido
134	196	181	Solido
75	116	94	Solido
121	176	185	Solido
131	198	186	Solido
174	241	235	Solido
21	49	31	Solido
51	88	75	Solido
164	231	226	Solido
80	113	121	Solido
78	122	111	Solido
51	74	42	Solido
123	181	182	Solido
141	195	183	Solido
179	249	242	Solido
171	237	231	Solido
153	216	215	Solido
168	232	211	Solido
126	192	183	Solido
165	225	215	Solido
175	241	231	Solido
16	62	63	Solido
102	148	142	Solido
121	162	160	Solido
177	246	240	Solido
136	191	185	Solido
139	201	198	Solido
139	192	153	Solido
88	124	93	Solido
175	242	231	Solido
176	244	236	Solido
129	179	148	Solido
161	226	218	Solido
140	194	190	Solido
98	146	128	Solido
133	183	202	Solido
53	78	53	Solido
136	189	177	Solido
131	197	190	Solido
100	159	128	Solido
169	233	232	Solido
15	33	39	Solido
53	78	51	Solido
177	244	236	Solido
169	238	228	Solido
178	241	243	Solido
112	155	124	Solido
159	225	225	Solido
190	254	253	Solido
29	52	73	Solido
85	117	110	Solido
107	151	152	Solido
180	248	249	Solido
87	134	131	Solido
173	241	224	Solido
177	243	242	Solido
169	236	222	Solido
22	36	24	Solido
127	181	158	Solido
151	212	186	Solido
177	250	245	Solido
169	236	231	Solido
125	170	143	Solido
106	151	134	Solido
47	82	85	Solido
76	106	91	Solido
175	246	233	Solido
168	230	217	Solido
175	241	234	Solido
172	241	233	Solido
168	236	218	Solido
60	98	71	Solido
144	191	184	Solido
87	129	107	Solido
50	82	88	Solido
161	226	215	Solido
89	146	121	Solido
96	132	131	Solido
36	65	65	Solido
154	223	220	Solido
61	116	104	Solido
112	163	140	Solido
84	127	120	Solido
81	123	131	Solido
156	221	198	Solido
56	93	66	Solido
176	246	233	Solido
162	225	224	Solido
161	228	223	Solido
193	254	239	Solido
127	172	159	Solido
62	99	97	Solido
60	100	83	Solido
35	55	59	Solido
28	59	77	Solido
118	186	160	Solido
165	230	224	Solido
177	244	233	Solido
51	78	48	Solido
185	247	248	Solido
70	110	90	Solido
44	79	52	Solido
53	83	59	Solido
177	246	240	Solido
125	167	155	Solido
157	230	214	Solido
74	130	130	Solido
142	190	170	Solido
121	186	175	Solido
58	97	66	Solido
176	236	230	Solido
179	250	241	Solido
65	92	70	Solido
179	248	244	Solido
176	247	238	Solido
147	204	189	Solido
146	207	194	Solido
161	227	209	Solido
172	241	231	Solido
1	26	54	Solido
187	254	247	Solido
167	235	229	Solido
130	176	145	Solido
164	231	213	Solido
177	249	237	Solido
167	235	226	Solido
159	215	185	Solido
177	242	236	Solido
145	205	195	Solido
155	221	215	Solido
166	230	222	Solido
37	63	65	Solido
129	175	140	Solido
142	211	202	Solido
161	230	226	Solido
45	76	49	Solido
143	206	202	Solido
155	224	214	Solido
143	208	194	Solido
42	75	74	Solido
167	235	225	Solido
29	54	65	Solido
48	78	50	Solido
153	218	201	Solido
53	79	55	Solido
160	224	217	Solido
93	126	124	Solido
146	210	205	Solido
126	171	137	Solido
147	211	195	Solido
121	172	161	Solido
171	239	228	Solido
175	251	241	Solido
159	222	219	Solido
34	72	66	Solido
59	83	61	Solido
178	245	231	Solido
138	192	181	Solido
131	182	167	Solido
155	223	210	Solido
169	228	232	Solido
88	120	125	Solido
138	198	197	Solido
94	130	107	Solido
170	231	228	Solido
112	168	112	Solido
34	52	53	Solido
109	162	163	Solido
186	248	215	Solido
163	222	210	Solido
109	155	135	Solido
101	131	125	Solido
147	219	202	Solido
77	125	123	Solido
145	212	189	Solido
159	229	219	Solido
167	237	229	Solido
172	240	235	Solido
172	238	219	Solido
150	202	189	Solido
170	237	230	Solido
105	153	143	Solido
33	42	34	Solido
55	87	61	Solido
166	240	226	Solido
173	236	221	Solido
153	209	201	Solido
159	223	217	Solido
166	233	229	Solido
76	103	87	Solido
127	175	155	Solido
57	87	73	Solido
123	165	143	Solido
167	237	211	Solido
70	95	118	Solido
60	89	65	Solido
157	219	208	Solido
167	237	225	Solido
119	171	140	Solido
48	79	53	Solido
66	97	78	Solido
173	242	240	Solido
139	193	173	Solido
29	58	62	Solido
174	239	244	Solido
176	243	240	Solido
39	71	62	Solido
47	76	50	Solido
169	239	228	Solido
137	189	161	Solido
167	238	228	Solido
149	209	202	Solido
170	237	227	Solido
153	211	186	Solido
35	60	34	Solido
61	103	96	Solido
133	178	157	Solido
75	104	133	Solido
166	233	228	Solido
173	241	234	Solido
169	235	231	Solido
173	240	232	Solido
176	245	237	Solido
173	242	239	Solido
98	149	162	Solido
133	179	180	Solido
147	198	204	Solido
85	113	110	Solido
177	244	237	Solido
165	233	224	Solido
110	163	149	Solido
131	197	190	Solido
156	226	221	Solido
116	163	161	Solido
170	231	219	Solido
133	182	179	Solido
174	239	238	Solido
165	234	224	Solido
173	241	234	Solido
133	194	189	Solido
54	82	53	Solido
180	253	241	Solido
57	88	60	Solido
157	224	217	Solido
174	244	241	Solido
114	168	173	Solido
177	247	238	Solido
176	238	234	Solido
179	250	240	Solido
138	208	210	Solido
163	231	225	Solido
158	218	222	Solido
99	140	104	Solido
55	100	104	Solido
153	224	200	Solido
173	239	222	Solido
96	135	115	Solido
172	237	223	Solido
179	246	235	Solido
176	236	228	Solido
166	230	220	Solido
48	74	55	Solido
141	207	200	Solido
46	84	57	Solido
96	147	136	Solido
158	214	203	Solido
120	160	129	Solido
136	197	194	Solido
166	224	205	Solido
185	254	243	Solido
167	232	213	Solido
26	46	40	Solido
95	139	132	Solido
123	168	169	Solido
90	151	146	Solido
38	53	83	Solido
56	91	59	Solido
125	171	127	Solido
144	195	183	Solido
151	205	192	Solido
147	204	201	Solido
161	225	209	Solido
78	121	112	Solido
175	243	235	Solido
143	189	148	Solido
164	227	214	Solido
153	214	203	Solido
176	240	224	Solido
32	66	68	Solido
166	229	226	Solido
147	193	169	Solido
156	211	181	Solido
77	108	91	Solido
164	220	199	Solido
79	138	147	Solido
132	197	187	Solido
112	158	132	Solido
161	224	216	Solido
173	243	239	Solido
116	161	135	Solido
165	235	234	Solido
160	225	214	Solido
181	249	233	Solido
56	89	61	Solido
159	226	221	Solido
182	240	223	Solido
165	235	229	Solido
6	28	33	Solido
153	214	198	Solido
90	131	134	Solido
156	203	166	Solido
147	218	209	Solido
161	227	213	Solido
149	208	199	Solido
180	247	241	Solido
164	232	229	Solido
116	158	150	Solido
158	216	203	Solido
171	243	235	Solido
149	217	203	Solido
99	145	119	Solido
115	167	136	Solido
43	56	77	Solido
32	59	55	Solido
162	230	217	Solido
171	231	223	Solido
141	198	170	Solido
167	234	217	Solido
140	194	185	Solido
167	238	229	Solido
77	111	83	Solido
72	100	84	Solido
106	156	149	Solido
54	85	63	Solido
163	222	203	Solido
49	80	107	Solido
102	150	165	Solido
56	95	82	Solido
43	59	42	Solido
170	239	236	Solido
168	238	224	Solido
76	100	125	Solido
110	139	110	Solido
175	246	238	Solido
160	219	199	Solido
155	205	189	Solido
72	109	92	Solido
56	87	65	Solido
146	197	181	Solido
153	218	203	Solido
124	175	174	Solido
49	76	50	Solido
120	165	158	Solido
167	234	233	Solido
159	222	220	Solido
60	87	65	Solido
72	102	116	Solido
168	229	230	Solido
188	249	226	Solido
174	242	230	Solido
154	215	190	Solido
51	75	44	Solido
148	208	186	Solido
174	239	222	Solido
173	241	232	Solido
177	241	225	Solido
164	230	210	Solido
76	123	105	Solido
55	94	65	Solido
178	245	234	Solido
128	187	177	Solido
178	248	238	Solido
65	107	92	Solido
166	235	222	Solido
149	213	203	Solido
164	229	218	Solido
143	208	191	Solido
169	238	233	Solido
28	49	69	Solido
70	107	92	Solido
171	240	228	Solido
157	222	214	Solido
150	210	195	Solido
174	243	229	Solido
172	238	231	Solido
189	254	243	Solido
96	152	137	Solido
183	254	244	Solido
157	214	188	Solido
174	239	222	Solido
169	241	226	Solido
145	209	196	Solido
168	236	227	Solido
26	52	56	Solido
16	28	37	Solido
177	244	235	Solido
81	105	124	Solido
151	217	201	Solido
167	238	230	Solido
183	248	245	Solido
172	242	233	Solido
159	215	193	Solido
165	230	222	Solido
177	242	236	Solido
130	181	153	Solido
49	74	52	Solido
56	94	64	Solido
119	163	153	Solido
123	173	162	Solido
168	236	228	Solido
167	229	219	Solido
127	175	164	Solido
94	137	132	Solido
164	227	213	Solido
51	95	112	Solido
67	95	71	Solido
164	231	219	Solido
113	189	186	Solido
164	225	219	Solido
154	221	213	Solido
175	243	232	Solido
22	42	41	Solido
61	90	78	Solido
141	210	199	Solido
150	214	203	Solido
115	168	147	Solido
1	29	25	Solido
112	155	144	Solido
162	223	215	Solido
73	118	125	Solido
89	111	97	Solido
63	96	89	Solido
183	248	240	Solido
163	229	223	Solido
112	153	149	Solido
118	168	175	Solido
161	230	220	Solido
138	203	193	Solido
169	234	225	Solido
137	203	195	Solido
20	41	46	Solido
34	63	38	Solido
175	237	206	Solido
168	233	230	Solido
146	202	197	Solido
103	152	136	Solido
174	241	237	Solido
169	231	226	Solido
37	71	65	Solido
149	202	196	Solido
151	216	206	Solido
181	242	241	Solido
55	92	67	Solido
53	76	44	Solido
19	40	41	Solido
167	235	232	Solido
146	202	180	Solido
30	60	53	Solido
173	240	226	Solido
160	219	222	Solido
59	107	92	Solido
165	231	219	Solido
121	181	175	Solido
87	117	87	Solido
167	235	228	Solido
178	248	240	Solido
167	234	228	Solido
161	229	223	Solido
42	75	65	Solido
166	234	227	Solido
78	113	85	Solido
50	89	63	Solido
145	209	191	Solido
19	48	64	Solido
158	220	221	Solido
138	195	168	Solido
171	248	236	Solido
175	245	233	Solido
151	218	210	Solido
56	84	100	Solido
43	81	61	Solido
173	243	234	Solido
166	234	219	Solido
62	85	55	Solido
78	108	124	Solido
159	224	220	Solido
124	167	141	Solido
183	254	244	Solido
171	236	231	Solido
69	105	89	Solido
138	210	214	Solido
173	246	236	Solido
167	228	231	Solido
184	254	241	Solido
157	223	211	Solido
175	244	234	Solido
181	250	242	Solido
159	226	211	Solido
148	210	196	Solido
24	40	34	Solido
171	241	231	Solido
132	183	159	Solido
177	239	229	Solido
59	91	75	Solido
80	121	98	Solido
174	242	237	Solido
175	238	234	Solido
146	198	201	Solido
168	235	227	Solido
143	193	166	Solido
176	242	232	Solido
175	246	234	Solido
184	252	240	Solido
179	247	239	Solido
100	143	131	Solido
163	230	216	Solido
178	243	236	Solido
38	59	55	Solido
135	199	188	Solido
132	183	150	Solido
65	108	101	Solido
158	218	206	Solido
139	195	190	Solido
177	246	235	Solido
174	245	229	Solido
18	58	62	Solido
46	63	62	Solido
174	242	236	Solido
176	244	229	Solido
177	246	229	Solido
96	138	105	Solido
42	84	84	Solido
162	226	219	Solido
182	246	241	Solido
183	250	241	Solido
169	234	223	Solido
174	243	236	Solido
159	218	202	Solido
163	226	219	Solido
155	206	184	Solido
165	230	222	Solido
155	210	196	Solido
189	254	243	Solido
16	23	28	Solido
32	46	40	Solido
156	223	218	Solido
148	212	196	Solido
110	152	122	Solido
172	233	230	Solido
160	226	220	Solido
165	233	222	Solido
141	193	192	Solido
155	219	208	Solido
167	232	222	Solido
132	182	151	Solido
132	182	164	Solido
129	181	155	Solido
159	213	190	Solido
55	89	57	Solido
177	248	236	Solido
179	243	240	Solido
177	248	239	Solido
95	130	122	Solido
34	66	68	Solido
186	254	245	Solido
167	233	229	Solido
69	105	99	Solido
163	224	217	Solido
171	240	225	Solido
88	151	166	Solido
139	201	191	Solido
155	216	201	Solido
76	118	101	Solido
153	216	199	Solido
170	235	230	Solido
174	244	233	Solido
58	98	85	Solido
168	230	213	Solido
181	244	234	Solido
167	231	223	Solido
177	248	240	Solido
48	67	42	Solido
78	133	136	Solido
163	235	226	Solido
169	239	234	Solido
33	47	41	Solido
167	232	215	Solido
101	138	127	Solido
148	207	200	Solido
129	176	142	Solido
172	233	235	Solido
157	225	216	Solido
84	123	126	Solido
177	246	240	Solido
57	81	51	Solido
85	131	153	Solido
157	215	201	Solido
172	235	226	Solido
167	238	229	Solido
167	229	225	Solido
124	170	155	Solido
1	22	29	Solido
143	193	184	Solido
173	244	235	Solido
113	163	173	Solido
49	75	51	Solido
134	183	167	Solido
172	233	232	Solido
117	179	151	Solido
164	232	227	Solido
154	216	199	Solido
173	233	230	Solido
167	236	223	Solido
181	247	248	Solido
56	83	55	Solido
120	168	153	Solido
171	237	228	Solido
68	113	107	Solido
157	217	208	Solido
172	237	237	Solido
68	111	104	Solido
167	233	230	Solido
61	95	80	Solido
170	233	228	Solido
45	70	48	Solido
148	203	169	Solido
24	58	48	Solido
101	165	162	Solido
162	218	190	Solido
164	219	191	Solido
185	250	239	Solido
165	234	219	Solido
161	228	218	Solido
54	82	61	Solido
43	77	78	Solido
22	49	58	Solido
174	243	233	Solido
142	197	181	Solido
50	76	48	Solido
41	57	63	Solido
148	220	205	Solido
164	220	207	Solido
19	41	42	Solido
173	237	233	Solido
165	227	227	Solido
161	225	216	Solido
173	237	223	Solido
172	246	236	Solido
35	53	56	Solido
50	78	47	Solido
12	21	30	Solido
156	227	218	Solido
171	242	231	Solido
156	223	210	Solido
76	114	95	Solido
140	185	152	Solido
175	238	230	Solido
167	231	232	Solido
143	204	198	Solido
170	236	227	Solido
91	130	114	Solido
106	143	114	Solido
169	240	228	Solido
134	175	149	Solido
154	214	196	Solido
169	237	229	Solido
157	206	190	Solido
111	154	148	Solido
175	248	238	Solido
147	216	201	Solido
165	234	224	Solido
173	242	236	Solido
150	215	199	Solido
115	159	135	Solido
169	238	227	Solido
169	229	225	Solido
102	141	137	Solido
157	219	209	Solido
177	243	224	Solido
167	228	233	Solido
164	226	234	Solido
54	79	57	Solido
139	201	190	Solido
174	237	231	Solido
59	83	53	Solido
139	197	196	Solido
169	240	233	Solido
104	139	133	Solido
172	240	216	Solido
105	153	135	Solido
170	226	220	Solido
43	72	49	Solido
29	67	105	Solido
89	129	118	Solido
62	82	68	Solido
76	104	95	Solido
128	183	185	Solido
176	245	238	Solido
179	245	225	Solido
145	202	196	Solido
122	173	156	Solido
164	225	211	Solido
5	15	22	Solido
43	73	70	Solido
74	105	88	Solido
178	246	239	Solido
179	249	238	Solido
163	229	223	Solido
58	84	55	Solido
153	220	195	Solido
61	84	56	Solido
22	53	37	Solido
60	101	120	Solido
34	59	63	Solido
76	114	82	Solido
148	198	181	Solido
175	240	231	Solido
164	224	204	Solido
171	236	228	Solido
155	223	208	Solido
143	203	172	Solido
177	250	244	Solido
180	251	233	Solido
61	97	82	Solido
179	248	242	Solido
156	219	221	Solido
92	134	129	Solido
178	246	242	Solido
110	160	144	Solido
58	92	83	Solido
163	227	222	Solido
136	190	178	Solido
116	164	160	Solido
93	142	134	Solido
157	221	199	Solido
172	238	229	Solido
79	107	92	Solido
168	238	232	Solido
172	240	227	Solido
162	228	208	Solido
120	168	144	Solido
73	120	125	Solido
181	252	240	Solido
177	250	243	Solido
128	175	146	Solido
158	221	209	Solido
179	243	233	Solido
175	240	236	Solido
183	252	240	Solido
46	79	50	Solido
45	79	75	Solido
46	78	96	Solido
149	214	205	Solido
132	185	185	Solido
42	76	73	Solido
33	75	83	Solido
171	237	224	Solido
173	238	228	Solido
161	222	216	Solido
171	233	229	Solido
118	164	158	Solido
21	43	53	Solido
167	234	224	Solido
108	160	149	Solido
178	241	242	Solido
171	242	230	Solido
164	230	218	Solido
98	145	146	Solido
169	236	226	Solido
122	181	179	Solido
156	218	206	Solido
156	217	208	Solido
175	238	232	Solido
174	242	227	Solido
149	205	163	Solido
176	239	238	Solido
167	231	227	Solido
151	221	218	Solido
1	41	23	Solido
65	97	75	Solido
86	143	143	Solido
52	70	59	Solido
47	70	41	Solido
151	205	185	Solido
164	232	217	Solido
143	206	191	Solido
167	227	219	Solido
84	126	115	Solido
171	242	234	Solido
97	130	109	Solido
60	90	86	Solido
162	230	221	Solido
172	238	228	Solido
169	235	234	Solido
164	233	228	Solido
84	129	104	Solido
83	117	112	Solido
145	208	210	Solido
99	143	126	Solido
173	237	227	Solido
150	205	194	Solido
87	115	102	Solido
171	241	222	Solido
56	87	62	Solido
167	231	225	Solido
138	190	186	Solido
170	226	222	Solido
179	249	239	Solido
46	73	44	Solido
77	119	105	Solido
171	242	229	Solido
90	123	92	Solido
46	79	89	Solido
72	103	90	Solido
140	201	196	Solido
161	230	224	Solido
101	145	143	Solido
126	175	145	Solido
161	223	210	Solido
174	235	227	Solido
143	193	150	Solido
164	229	227	Solido
171	238	229	Solido
173	243	236	Solido
163	232	225	Solido
175	239	234	Solido
47	72	46	Solido
182	245	240	Solido
28	53	65	Solido
164	220	201	Solido
157	224	206	Solido
88	134	112	Solido
58	87	59	Solido
138	192	184	Solido
40	72	49	Solido
165	222	206	Solido
70	108	87	Solido
86	128	112	Solido
178	241	244	Solido
112	167	149	Solido
166	226	217	Solido
150	209	192	Solido
169	237	228	Solido
104	146	113	Solido
18	29	30	Solido
147	202	186	Solido
15	32	46	Solido
56	83	54	Solido
170	235	228	Solido
166	233	223	Solido
114	157	109	Solido
10	46	73	Solido
179	249	238	Solido
71	102	84	Solido
12	56	89	Solido
137	189	184	Solido
161	227	215	Solido
171	240	234	Solido
120	163	143	Solido
169	236	226	Solido
178	246	240	Solido
175	243	229	Solido
49	75	43	Solido
164	234	231	Solido
76	123	132	Solido
145	198	187	Solido
42	69	54	Solido
169	240	230	Solido
184	251	244	Solido
160	226	217	Solido
184	250	241	Solido
55	86	65	Solido
142	206	203	Solido
167	235	231	Solido
183	248	242	Solido
173	242	232	Solido
96	146	133	Solido
46	66	39	Solido
167	239	230	Solido
12	22	24	Solido
108	155	141	Solido
164	235	223	Solido
169	234	226	Solido
19	48	39	Solido
107	150	115	Solido
159	225	215	Solido
44	73	45	Solido
151	213	206	Solido
105	148	120	Solido
89	127	93	Solido
169	235	219	Solido
97	140	102	Solido
177	248	241	Solido
184	252	239	Solido
172	237	225	Solido
161	226	216	Solido
52	79	40	Solido
110	154	132	Solido
167	233	229	Solido
161	220	216	Solido
160	223	216	Solido
146	205	187	Solido
72	113	119	Solido
34	46	74	Solido
44	60	71	Solido
32	60	86	Solido
176	244	227	Solido
82	127	108	Solido
21	36	46	Solido
169	234	226	Solido
140	187	170	Solido
177	250	241	Solido
47	78	72	Solido
169	238	230	Solido
155	218	212	Solido
173	244	233	Solido
158	225	207	Solido
71	120	109	Solido
135	188	181	Solido
44	67	62	Solido
175	240	235	Solido
166	218	202	Solido
108	161	130	Solido
81	119	106	Solido
55	85	60	Solido
115	157	145	Solido
174	238	234	Solido
60	92	72	Solido
128	179	169	Solido
171	233	224	Solido
164	230	234	Solido
126	171	156	Solido
156	224	209	Solido
167	238	232	Solido
150	223	208	Solido
63	98	79	Solido
168	229	233	Solido
145	210	206	Solido
100	134	109	Solido
178	246	233	Solido
129	175	175	Solido
157	222	206	Solido
87	111	131	Solido
78	129	151	Solido
113	167	169	Solido
173	235	231	Solido
149	212	200	Solido
67	104	86	Solido
171	237	226	Solido
169	237	236	Solido
164	224	222	Solido
151	215	197	Solido
173	238	231	Solido
124	173	163	Solido
182	246	238	Solido
175	240	239	Solido
169	232	224	Solido
79	117	130	Solido
163	231	221	Solido
177	244	237	Solido
175	240	233	Solido
46	71	46	Solido
166	235	224	Solido
171	236	204	Solido
163	234	223	Solido
177	242	238	Solido
39	59	70	Solido
83	127	145	Solido
98	145	125	Solido
65	105	94	Solido
42	73	45	Solido
80	124	110	Solido
65	98	93	Solido
181	248	238	Solido
146	214	205	Solido
88	134	126	Solido
165	229	224	Solido
148	215	218	Solido
88	129	106	Solido
177	246	239	Solido
167	223	211	Solido
120	165	135	Solido
141	202	195	Solido
171	241	231	Solido
15	26	28	Solido
183	251	238	Solido
40	67	47	Solido
91	141	142	Solido
173	234	225	Solido
80	126	127	Solido
171	235	228	Solido
51	79	55	Solido
133	179	171	Solido
29	41	69	Solido
37	83	82	Solido
130	184	174	Solido
148	210	203	Solido
126	176	170	Solido
107	155	136	Solido
158	216	209	Solido
45	91	53	Solido
118	166	161	Solido
143	189	176	Solido
130	184	176	Solido
170	234	219	Solido
175	244	234	Solido
176	249	239	Solido
95	146	126	Solido
174	243	234	Solido
44	65	88	Solido
176	245	233	Solido
166	235	224	Solido
177	240	235	Solido
38	53	40	Solido
160	222	214	Solido
73	107	90	Solido
159	226	217	Solido
149	195	163	Solido
163	229	217	Solido
155	219	208	Solido
169	235	227	Solido
137	182	170	Solido
166	230	220	Solido
71	116	128	Solido
173	245	234	Solido
160	227	214	Solido
176	248	238	Solido
15	26	33	Solido
134	184	142	Solido
22	39	47	Solido
182	248	236	Solido
173	245	235	Solido
176	237	230	Solido
165	225	221	Solido
70	97	76	Solido
125	173	161	Solido
110	158	164	Solido
169	236	229	Solido
159	224	215	Solido
175	238	207	Solido
139	181	171	Solido
174	244	234	Solido
66	90	81	Solido
107	160	144	Solido
49	73	44	Solido
24	54	51	Solido
165	226	212	Solido
162	233	228	Solido
175	246	235	Solido
152	217	195	Solido
135	189	178	Solido
52	80	66	Solido
63	101	120	Solido
145	204	208	Solido
163	226	224	Solido
177	243	230	Solido
167	230	227	Solido
167	236	222	Solido
123	171	157	Solido
103	137	144	Solido
167	235	233	Solido
131	174	159	Solido
152	216	193	Solido
159	232	236	Solido
164	231	214	Solido
155	216	209	Solido
169	238	227	Solido
169	241	229	Solido
147	214	197	Solido
163	230	222	Solido
119	174	164	Solido
161	226	217	Solido
108	169	142	Solido
119	164	142	Solido
125	169	159	Solido
156	211	204	Solido
173	243	228	Solido
57	93	77	Solido
142	200	186	Solido
179	248	238	Solido
55	85	54	Solido
183	252	243	Solido
136	189	171	Solido
153	216	219	Solido
179	249	239	Solido
148	199	161	Solido
175	240	235	Solido
176	243	237	Solido
104	140	157	Solido
151	216	202	Solido
58	81	73	Solido
172	235	222	Solido
123	178	165	Solido
180	251	239	Solido
155	216	206	Solido
177	249	237	Solido
159	226	216	Solido
47	82	89	Solido
167	232	229	Solido
165	228	220	Solido
128	177	173	Solido
165	235	225	Solido
20	37	40	Solido
175	245	240	Solido
150	207	203	Solido
165	229	223	Solido
74	120	108	Solido
80	115	93	Solido
173	239	236	Solido
179	250	241	Solido
171	240	231	Solido
164	223	227	Solido
117	170	172	Solido
123	167	143	Solido
170	239	238	Solido
105	141	150	Solido
170	234	232	Solido
138	183	174	Solido
175	228	208	Solido
129	185	136	Solido
114	149	137	Solido
152	208	181	Solido
164	224	222	Solido
147	200	162	Solido
183	240	213	Solido
172	240	230	Solido
159	226	205	Solido
173	239	229	Solido
39	67	58	Solido
163	226	195	Solido
179	249	237	Solido
188	254	247	Solido
164	234	225	Solido
110	160	151	Solido
175	246	236	Solido
111	152	136	Solido
171	237	227	Solido
169	240	230	Solido
164	230	209	Solido
180	250	242	Solido
46	91	80	Solido
175	243	233	Solido
147	200	196	Solido
49	80	83	Solido
175	239	233	Solido
95	139	129	Solido
50	83	58	Solido
155	219	206	Solido
133	183	145	Solido
162	227	215	Solido
169	235	227	Solido
59	79	73	Solido
149	209	195	Solido
179	249	240	Solido
31	65	75	Solido
173	246	236	Solido
171	242	232	Solido
176	238	241	Solido
171	232	225	Solido
141	193	174	Solido
47	85	58	Solido
166	231	226	Solido
145	210	202	Solido
27	44	83	Solido
174	243	230	Solido
176	247	239	Solido
172	244	232	Solido
182	249	225	Solido
46	75	104	Solido
148	213	202	Solido
170	240	236	Solido
166	232	224	Solido
135	178	146	Solido
96	131	109	Solido
165	235	223	Solido
167	231	221	Solido
183	249	245	Solido
172	231	223	Solido
174	244	235	Solido
141	206	201	Solido
153	212	203	Solido
118	167	163	Solido
170	237	233	Solido
169	235	225	Solido
183	251	242	Solido
161	232	224	Solido
102	152	143	Solido
157	222	219	Solido
44	62	39	Solido
155	204	178	Solido
154	222	212	Solido
119	163	164	Solido
128	197	192	Solido
173	240	230	Solido
43	65	39	Solido
60	89	65	Solido
175	242	235	Solido
179	248	239	Solido
162	229	218	Solido
168	234	221	Solido
145	207	199	Solido
113	154	149	Solido
157	228	218	Solido
154	219	202	Solido
183	251	244	Solido
167	229	222	Solido
52	80	72	Solido
54	80	44	Solido
55	65	66	Solido
180	245	237	Solido
116	167	155	Solido
154	217	212	Solido
148	212	204	Solido
173	242	232	Solido
169	234	226	Solido
168	236	220	Solido
131	177	164	Solido
64	96	124	Solido
165	234	219	Solido
88	137	131	Solido
109	152	127	Solido
174	245	238	Solido
171	238	232	Solido
149	210	195	Solido
137	198	190	Solido
123	185	158	Solido
158	227	217	Solido
162	224	198	Solido
120	168	146	Solido
121	177	171	Solido
143	212	204	Solido
70	103	84	Solido
42	67	58	Solido
140	205	191	Solido
111	152	151	Solido
176	243	228	Solido
166	230	219	Solido
92	136	146	Solido
173	236	231	Solido
179	247	238	Solido
167	225	209	Solido
176	246	237	Solido
180	247	235	Solido
70	111	94	Solido
161	232	218	Solido
180	254	247	Solido
137	180	173	Solido
115	156	151	Solido
177	241	233	Solido
89	130	109	Solido
49	79	64	Solido
162	224	213	Solido
164	228	222	Solido
127	175	144	Solido
36	54	49	Solido
177	243	237	Solido
52	82	59	Solido
172	236	223	Solido
19	62	67	Solido
179	246	233	Solido
141	195	182	Solido
98	143	146	Solido
21	41	46	Solido
177	247	236	Solido
173	228	231	Solido
167	229	218	Solido
167	232	216	Solido
43	65	62	Solido
176	244	238	Solido
132	191	193	Solido
130	180	153	Solido
164	232	220	Solido
179	246	236	Solido
58	98	90	Solido
155	221	203	Solido
104	140	140	Solido
85	137	154	Solido
109	151	158	Solido
174	237	237	Solido
97	137	142	Solido
108	143	155	Solido
102	156	149	Solido
156	221	214	Solido
160	222	216	Solido
110	157	141	Solido
159	228	218	Solido
143	212	196	Solido
172	237	226	Solido
138	201	192	Solido
178	246	241	Solido
181	249	241	Solido
159	223	209	Solido
130	182	186	Solido
20	46	44	Solido
162	223	220	Solido
167	238	225	Solido
14	46	43	Solido
141	183	135	Solido
8	21	30	Solido
172	244	235	Solido
163	227	219	Solido
95	143	140	Solido
133	192	187	Solido
177	244	239	Solido
133	182	181	Solido
102	145	152	Solido
114	163	157	Solido
165	229	218	Solido
50	77	64	Solido
177	240	240	Solido
161	226	230	Solido
123	192	185	Solido
101	155	141	Solido
178	252	247	Solido
182	252	244	Solido
130	191	179	Solido
183	241	239	Solido
139	192	177	Solido
173	239	224	Solido
100	129	124	Solido
169	233	225	Solido
156	217	207	Solido
173	227	202	Solido
170	241	234	Solido
180	243	243	Solido
176	244	232	Solido
157	219	213	Solido
38	62	54	Solido
178	239	220	Solido
177	246	242	Solido
169	233	220	Solido
67	92	80	Solido
78	119	119	Solido
169	236	213	Solido
179	244	227	Solido
169	235	226	Solido
130	179	148	Solido
164	228	228	Solido
156	220	196	Solido
177	246	237	Solido
84	129	118	Solido
31	47	36	Solido
