26	114	162	Poro
50	141	176	Poro
31	98	122	Poro
44	109	117	Poro
69	151	153	Poro
13	94	169	Poro
28	75	93	Poro
26	69	66	Poro
30	104	129	Poro
22	110	158	Poro
95	174	180	Poro
23	91	130	Poro
25	92	131	Poro
20	47	54	Poro
25	98	154	Poro
55	129	133	Poro
9	52	92	Poro
26	103	145	Poro
57	98	100	Poro
11	45	68	Poro
55	121	126	Poro
44	125	152	Poro
15	98	174	Poro
113	188	193	Poro
17	102	151	Poro
45	107	133	Poro
45	125	157	Poro
22	77	107	Poro
26	80	120	Poro
19	90	150	Poro
44	118	123	Poro
39	120	144	Poro
10	72	125	Poro
17	90	155	Poro
73	157	181	Poro
7	50	74	Poro
46	138	173	Poro
18	90	106	Poro
14	73	97	Poro
92	171	173	Poro
22	77	124	Poro
13	47	57	Poro
15	46	54	Poro
44	88	63	Poro
19	110	154	Poro
19	109	154	Poro
25	106	156	Poro
38	116	134	Poro
20	109	159	Poro
18	64	67	Poro
49	97	84	Poro
17	91	137	Poro
8	68	83	Poro
31	110	143	Poro
53	139	139	Poro
13	57	90	Poro
22	64	72	Poro
60	150	158	Poro
15	93	160	Poro
21	85	104	Poro
30	101	123	Poro
23	93	139	Poro
64	102	115	Poro
71	151	154	Poro
44	82	84	Poro
27	105	115	Poro
19	58	87	Poro
24	107	159	Poro
52	130	117	Poro
29	97	120	Poro
18	83	135	Poro
16	71	101	Poro
86	133	128	Poro
16	47	66	Poro
21	55	75	Poro
53	142	156	Poro
26	73	94	Poro
17	102	151	Poro
19	61	85	Poro
13	96	169	Poro
26	118	161	Poro
21	100	149	Poro
133	175	159	Poro
12	50	67	Poro
42	119	122	Poro
32	79	57	Poro
20	94	104	Poro
13	40	69	Poro
38	130	167	Poro
12	75	108	Poro
42	91	90	Poro
92	181	189	Poro
42	113	123	Poro
22	104	137	Poro
19	52	67	Poro
24	86	132	Poro
36	86	88	Poro
30	119	155	Poro
15	94	156	Poro
15	63	94	Poro
21	99	146	Poro
9	42	69	Poro
39	104	130	Poro
13	92	167	Poro
24	96	143	Poro
20	89	111	Poro
13	68	103	Poro
42	77	83	Poro
19	83	118	Poro
18	96	122	Poro
49	133	171	Poro
68	94	87	Poro
20	77	115	Poro
19	79	121	Poro
14	75	97	Poro
22	107	141	Poro
15	95	158	Poro
36	120	143	Poro
35	105	145	Poro
34	80	73	Poro
13	96	171	Poro
17	65	97	Poro
58	103	109	Poro
12	32	35	Poro
15	66	107	Poro
13	93	143	Poro
12	50	89	Poro
56	144	173	Poro
18	92	132	Poro
29	102	151	Poro
9	40	70	Poro
29	86	100	Poro
32	115	154	Poro
17	73	99	Poro
16	62	90	Poro
22	95	133	Poro
46	118	142	Poro
29	117	161	Poro
17	80	109	Poro
67	160	180	Poro
19	76	101	Poro
20	103	147	Poro
57	108	111	Poro
22	78	112	Poro
21	40	40	Poro
13	80	110	Poro
27	94	90	Poro
50	146	171	Poro
21	57	93	Poro
21	93	121	Poro
78	160	165	Poro
21	64	70	Poro
33	119	157	Poro
11	25	29	Poro
8	67	107	Poro
21	57	57	Poro
22	94	145	Poro
9	64	72	Poro
22	60	51	Poro
56	109	102	Poro
13	58	66	Poro
8	45	59	Poro
38	84	81	Poro
24	78	126	Poro
14	97	172	Poro
17	89	124	Poro
45	112	112	Poro
34	83	81	Poro
5	36	40	Poro
9	26	31	Poro
52	148	180	Poro
114	198	208	Poro
71	137	146	Poro
9	49	72	Poro
30	95	116	Poro
32	95	114	Poro
46	119	120	Poro
53	94	94	Poro
48	134	160	Poro
18	57	69	Poro
18	64	63	Poro
7	43	72	Poro
20	68	86	Poro
41	105	137	Poro
12	80	119	Poro
51	93	99	Poro
18	78	96	Poro
39	105	115	Poro
37	112	117	Poro
25	91	123	Poro
29	86	119	Poro
59	155	191	Poro
18	94	155	Poro
30	75	77	Poro
28	74	67	Poro
20	79	108	Poro
21	89	144	Poro
15	65	65	Poro
26	84	111	Poro
35	115	141	Poro
48	137	169	Poro
23	85	110	Poro
43	128	154	Poro
33	101	130	Poro
37	106	105	Poro
29	88	116	Poro
17	96	165	Poro
21	87	144	Poro
20	45	57	Poro
47	121	138	Poro
70	145	152	Poro
55	132	155	Poro
9	80	125	Poro
55	129	149	Poro
16	70	103	Poro
27	97	129	Poro
19	85	116	Poro
18	84	140	Poro
10	65	113	Poro
9	55	82	Poro
76	132	136	Poro
36	122	148	Poro
43	137	161	Poro
22	104	157	Poro
34	79	76	Poro
19	80	96	Poro
21	87	139	Poro
64	133	137	Poro
16	86	125	Poro
29	97	112	Poro
15	99	147	Poro
41	107	142	Poro
33	113	152	Poro
15	73	88	Poro
31	115	145	Poro
39	122	133	Poro
20	104	154	Poro
61	102	78	Poro
23	89	97	Poro
17	74	123	Poro
21	82	120	Poro
9	91	141	Poro
21	104	150	Poro
16	89	119	Poro
10	69	111	Poro
75	164	176	Poro
13	65	69	Poro
14	96	177	Poro
14	52	72	Poro
25	65	66	Poro
31	106	128	Poro
69	121	120	Poro
39	114	126	Poro
43	124	151	Poro
18	101	127	Poro
27	83	108	Poro
53	155	185	Poro
34	80	71	Poro
12	34	49	Poro
9	47	90	Poro
27	72	81	Poro
8	49	60	Poro
22	101	141	Poro
26	116	170	Poro
32	121	147	Poro
90	149	148	Poro
26	110	138	Poro
19	34	33	Poro
104	147	142	Poro
16	101	179	Poro
46	130	131	Poro
14	90	150	Poro
56	153	183	Poro
13	56	74	Poro
8	36	66	Poro
17	99	177	Poro
33	90	107	Poro
49	141	161	Poro
27	95	109	Poro
56	114	117	Poro
42	115	138	Poro
26	96	107	Poro
41	109	119	Poro
24	112	152	Poro
15	81	88	Poro
20	83	118	Poro
40	83	85	Poro
14	76	135	Poro
29	62	54	Poro
38	117	124	Poro
23	98	144	Poro
22	95	144	Poro
15	100	183	Poro
33	107	122	Poro
12	80	130	Poro
24	78	107	Poro
12	49	59	Poro
40	115	142	Poro
18	75	125	Poro
16	97	161	Poro
117	152	153	Poro
16	68	112	Poro
30	96	102	Poro
50	127	145	Poro
45	122	132	Poro
23	89	150	Poro
39	98	111	Poro
19	83	114	Poro
21	97	145	Poro
15	91	149	Poro
20	112	161	Poro
33	119	155	Poro
13	60	90	Poro
80	170	191	Poro
23	85	91	Poro
40	122	178	Poro
14	91	167	Poro
42	127	151	Poro
26	80	80	Poro
17	59	96	Poro
80	132	132	Poro
17	38	37	Poro
24	76	113	Poro
22	76	119	Poro
58	133	141	Poro
82	171	204	Poro
32	110	124	Poro
69	136	162	Poro
32	100	134	Poro
51	134	158	Poro
18	71	79	Poro
22	66	93	Poro
8	32	32	Poro
22	99	157	Poro
13	96	177	Poro
42	139	184	Poro
26	69	86	Poro
45	137	171	Poro
20	66	69	Poro
28	112	153	Poro
22	102	166	Poro
28	99	109	Poro
9	49	67	Poro
67	160	182	Poro
15	32	34	Poro
83	145	145	Poro
17	81	95	Poro
37	120	162	Poro
21	51	71	Poro
14	51	39	Poro
13	60	69	Poro
24	74	83	Poro
65	121	101	Poro
12	57	95	Poro
20	84	145	Poro
38	82	80	Poro
17	90	139	Poro
35	98	118	Poro
26	98	113	Poro
18	90	143	Poro
37	96	101	Poro
10	39	41	Poro
14	77	120	Poro
37	104	113	Poro
40	125	147	Poro
32	78	89	Poro
23	100	143	Poro
6	70	109	Poro
6	44	62	Poro
28	103	130	Poro
15	35	38	Poro
11	60	83	Poro
24	87	133	Poro
15	76	107	Poro
20	89	121	Poro
37	111	121	Poro
12	32	42	Poro
14	32	47	Poro
26	80	90	Poro
15	64	66	Poro
11	87	142	Poro
17	40	36	Poro
47	131	147	Poro
102	145	132	Poro
24	76	98	Poro
20	71	109	Poro
15	85	120	Poro
12	42	58	Poro
36	113	122	Poro
19	89	129	Poro
28	89	104	Poro
18	99	146	Poro
19	90	148	Poro
22	93	110	Poro
13	44	46	Poro
27	112	159	Poro
26	76	87	Poro
26	115	177	Poro
8	43	57	Poro
22	96	139	Poro
26	111	167	Poro
19	95	127	Poro
19	65	65	Poro
26	114	157	Poro
42	129	177	Poro
31	124	162	Poro
6	60	80	Poro
25	102	107	Poro
8	57	67	Poro
57	142	155	Poro
27	69	82	Poro
14	88	147	Poro
70	155	171	Poro
23	87	113	Poro
12	39	55	Poro
14	55	67	Poro
27	99	119	Poro
36	120	134	Poro
28	102	137	Poro
30	90	113	Poro
18	57	84	Poro
35	75	88	Poro
71	117	100	Poro
7	50	73	Poro
37	85	105	Poro
27	82	131	Poro
16	90	128	Poro
45	118	117	Poro
23	94	81	Poro
23	105	158	Poro
32	78	90	Poro
20	87	110	Poro
27	101	152	Poro
36	79	118	Poro
20	69	74	Poro
13	85	134	Poro
24	105	159	Poro
74	144	159	Poro
17	82	114	Poro
15	84	87	Poro
26	91	112	Poro
28	99	131	Poro
26	96	114	Poro
4	18	24	Poro
36	123	153	Poro
13	84	91	Poro
19	48	58	Poro
22	88	112	Poro
41	124	150	Poro
11	28	37	Poro
39	104	149	Poro
62	135	158	Poro
28	99	161	Poro
40	121	149	Poro
14	67	90	Poro
24	111	163	Poro
24	89	94	Poro
45	135	161	Poro
49	122	174	Poro
56	130	140	Poro
49	134	153	Poro
105	138	128	Poro
124	185	162	Poro
41	130	159	Poro
14	95	162	Poro
26	75	80	Poro
43	118	148	Poro
22	79	124	Poro
15	95	173	Poro
26	91	131	Poro
19	71	84	Poro
109	204	215	Poro
22	64	59	Poro
40	132	173	Poro
15	60	97	Poro
15	50	68	Poro
17	36	46	Poro
30	111	152	Poro
26	51	43	Poro
15	82	117	Poro
86	173	187	Poro
14	89	152	Poro
34	108	127	Poro
137	197	184	Poro
35	83	118	Poro
12	76	85	Poro
24	75	110	Poro
15	83	115	Poro
23	105	146	Poro
7	37	47	Poro
32	113	152	Poro
23	101	135	Poro
15	97	184	Poro
45	95	98	Poro
52	118	114	Poro
65	118	98	Poro
24	98	155	Poro
44	114	135	Poro
19	110	160	Poro
50	114	135	Poro
21	90	104	Poro
20	66	66	Poro
16	60	85	Poro
43	131	165	Poro
39	114	165	Poro
7	63	101	Poro
52	135	188	Poro
150	205	189	Poro
65	128	127	Poro
110	197	203	Poro
22	108	164	Poro
22	104	155	Poro
21	79	117	Poro
25	87	100	Poro
8	46	72	Poro
31	76	113	Poro
96	165	189	Poro
15	95	167	Poro
113	162	166	Poro
25	95	144	Poro
55	135	157	Poro
34	122	163	Poro
13	63	92	Poro
12	90	116	Poro
35	122	135	Poro
24	97	134	Poro
12	76	120	Poro
17	62	83	Poro
31	85	98	Poro
25	84	80	Poro
15	71	107	Poro
54	133	158	Poro
33	114	141	Poro
6	43	82	Poro
20	99	142	Poro
16	66	102	Poro
29	125	165	Poro
13	97	169	Poro
21	86	119	Poro
74	129	119	Poro
29	89	103	Poro
36	101	115	Poro
54	152	177	Poro
44	117	143	Poro
65	147	167	Poro
13	61	98	Poro
14	61	71	Poro
16	79	107	Poro
48	121	133	Poro
27	96	136	Poro
30	118	176	Poro
17	95	167	Poro
10	65	103	Poro
23	94	109	Poro
52	115	105	Poro
20	89	147	Poro
15	56	93	Poro
31	95	115	Poro
64	156	169	Poro
25	86	103	Poro
50	130	139	Poro
47	138	176	Poro
54	112	104	Poro
29	123	169	Poro
26	96	101	Poro
20	102	134	Poro
54	135	153	Poro
16	40	37	Poro
30	111	131	Poro
18	68	105	Poro
20	88	133	Poro
11	54	81	Poro
50	90	90	Poro
15	92	165	Poro
23	96	108	Poro
51	129	151	Poro
15	35	46	Poro
21	93	120	Poro
23	90	108	Poro
33	91	109	Poro
17	36	46	Poro
11	30	40	Poro
50	154	171	Poro
22	74	70	Poro
87	167	169	Poro
107	175	163	Poro
21	83	127	Poro
30	106	124	Poro
13	54	101	Poro
18	94	140	Poro
14	95	177	Poro
29	78	95	Poro
40	133	180	Poro
13	96	181	Poro
14	78	119	Poro
25	90	115	Poro
83	151	158	Poro
37	117	148	Poro
33	110	155	Poro
38	129	171	Poro
47	93	64	Poro
20	90	123	Poro
15	70	120	Poro
15	76	103	Poro
9	42	85	Poro
22	80	78	Poro
86	130	114	Poro
12	68	99	Poro
15	51	77	Poro
21	95	111	Poro
19	102	157	Poro
12	54	80	Poro
15	30	30	Poro
44	112	143	Poro
18	101	153	Poro
17	73	141	Poro
25	95	135	Poro
18	90	138	Poro
15	95	171	Poro
29	103	149	Poro
132	174	184	Poro
21	94	135	Poro
12	53	72	Poro
20	96	121	Poro
21	74	94	Poro
12	51	84	Poro
38	114	131	Poro
26	89	102	Poro
16	55	55	Poro
2	63	114	Poro
24	83	107	Poro
15	39	49	Poro
35	90	110	Poro
71	124	118	Poro
36	111	123	Poro
24	82	112	Poro
21	108	159	Poro
15	42	64	Poro
21	69	91	Poro
39	130	177	Poro
29	116	164	Poro
53	135	153	Poro
44	107	132	Poro
78	163	185	Poro
12	44	47	Poro
48	96	74	Poro
42	136	161	Poro
25	94	100	Poro
53	141	178	Poro
36	134	168	Poro
20	96	151	Poro
112	153	137	Poro
25	112	164	Poro
34	110	133	Poro
24	99	121	Poro
42	98	114	Poro
31	117	156	Poro
44	126	165	Poro
14	64	88	Poro
41	119	143	Poro
49	125	167	Poro
62	155	173	Poro
43	135	169	Poro
31	97	124	Poro
49	100	66	Poro
24	90	130	Poro
16	69	85	Poro
27	63	85	Poro
36	103	118	Poro
15	76	124	Poro
20	94	143	Poro
7	58	95	Poro
35	101	113	Poro
21	72	114	Poro
61	129	143	Poro
32	88	92	Poro
37	118	151	Poro
26	110	157	Poro
18	93	144	Poro
24	69	71	Poro
7	70	108	Poro
97	127	116	Poro
18	79	118	Poro
13	92	158	Poro
26	98	133	Poro
36	127	162	Poro
26	83	114	Poro
24	91	91	Poro
77	133	129	Poro
34	106	124	Poro
30	101	119	Poro
22	93	137	Poro
16	76	122	Poro
42	127	159	Poro
51	136	144	Poro
32	117	138	Poro
18	60	64	Poro
46	96	81	Poro
40	85	84	Poro
34	107	123	Poro
32	79	91	Poro
59	138	188	Poro
36	127	161	Poro
65	107	94	Poro
14	40	61	Poro
24	82	125	Poro
27	91	128	Poro
13	91	163	Poro
14	93	167	Poro
21	70	120	Poro
18	63	114	Poro
15	87	128	Poro
35	118	151	Poro
17	82	132	Poro
20	86	124	Poro
22	90	138	Poro
83	143	150	Poro
24	112	149	Poro
43	91	84	Poro
17	60	95	Poro
26	97	118	Poro
20	99	141	Poro
21	87	135	Poro
19	74	101	Poro
21	83	94	Poro
17	55	89	Poro
32	112	136	Poro
66	127	131	Poro
13	58	91	Poro
21	91	89	Poro
13	86	111	Poro
24	98	133	Poro
15	67	79	Poro
104	194	206	Poro
23	69	79	Poro
51	70	67	Poro
15	92	171	Poro
12	53	66	Poro
57	119	129	Poro
5	41	67	Poro
61	143	150	Poro
27	84	68	Poro
30	78	87	Poro
47	141	158	Poro
31	100	115	Poro
17	62	80	Poro
20	71	89	Poro
17	91	137	Poro
50	139	170	Poro
15	28	33	Poro
31	97	117	Poro
29	100	100	Poro
74	167	194	Poro
46	136	171	Poro
35	117	149	Poro
32	121	161	Poro
10	37	37	Poro
33	123	157	Poro
31	81	63	Poro
47	122	146	Poro
24	92	132	Poro
14	71	122	Poro
76	150	134	Poro
32	100	116	Poro
29	109	155	Poro
15	81	127	Poro
30	112	135	Poro
14	93	168	Poro
9	45	82	Poro
69	122	148	Poro
15	82	125	Poro
20	82	121	Poro
21	91	148	Poro
31	99	124	Poro
74	145	149	Poro
18	95	138	Poro
78	171	190	Poro
12	47	88	Poro
11	58	48	Poro
45	116	125	Poro
34	81	76	Poro
10	76	113	Poro
28	107	134	Poro
11	73	105	Poro
25	57	52	Poro
20	38	40	Poro
50	128	172	Poro
21	80	134	Poro
25	111	160	Poro
29	99	102	Poro
25	99	104	Poro
28	111	152	Poro
36	92	145	Poro
20	52	65	Poro
16	99	179	Poro
31	106	152	Poro
24	71	103	Poro
14	32	38	Poro
23	101	141	Poro
34	82	78	Poro
6	53	88	Poro
13	93	167	Poro
26	106	158	Poro
52	120	127	Poro
18	61	81	Poro
7	32	50	Poro
37	132	159	Poro
11	67	88	Poro
15	96	181	Poro
12	94	178	Poro
26	109	154	Poro
14	64	89	Poro
23	90	99	Poro
75	156	151	Poro
46	134	152	Poro
38	97	145	Poro
22	98	154	Poro
22	104	149	Poro
13	89	125	Poro
31	116	167	Poro
23	94	142	Poro
13	39	43	Poro
44	135	189	Poro
15	82	129	Poro
26	87	115	Poro
47	130	151	Poro
22	101	150	Poro
52	122	134	Poro
32	88	121	Poro
19	84	95	Poro
30	81	93	Poro
39	76	87	Poro
27	106	153	Poro
20	79	104	Poro
21	98	140	Poro
25	71	97	Poro
15	92	130	Poro
41	107	126	Poro
11	46	72	Poro
64	159	206	Poro
26	102	150	Poro
9	40	75	Poro
15	92	151	Poro
80	134	143	Poro
17	100	174	Poro
77	156	150	Poro
14	71	117	Poro
30	103	143	Poro
9	24	28	Poro
139	190	172	Poro
19	97	154	Poro
35	120	183	Poro
24	105	154	Poro
33	119	148	Poro
47	133	153	Poro
32	116	147	Poro
32	91	110	Poro
24	82	101	Poro
60	122	119	Poro
16	73	96	Poro
26	119	157	Poro
28	86	73	Poro
21	104	166	Poro
34	120	147	Poro
19	79	101	Poro
23	78	118	Poro
39	131	154	Poro
72	148	176	Poro
41	103	87	Poro
69	123	148	Poro
23	87	130	Poro
38	106	102	Poro
129	203	214	Poro
33	118	157	Poro
20	89	151	Poro
21	59	64	Poro
13	93	175	Poro
14	53	85	Poro
72	131	128	Poro
34	129	167	Poro
29	96	145	Poro
13	86	135	Poro
16	91	127	Poro
38	98	114	Poro
26	119	165	Poro
56	129	129	Poro
20	61	69	Poro
14	89	135	Poro
24	99	149	Poro
18	41	45	Poro
19	90	112	Poro
38	116	137	Poro
84	143	152	Poro
31	86	102	Poro
103	194	216	Poro
21	77	81	Poro
15	39	47	Poro
13	91	155	Poro
56	137	183	Poro
21	76	111	Poro
23	97	142	Poro
70	166	192	Poro
13	35	34	Poro
31	87	112	Poro
27	87	110	Poro
10	68	112	Poro
17	85	133	Poro
18	78	117	Poro
46	131	165	Poro
15	89	142	Poro
25	114	156	Poro
42	86	91	Poro
76	168	205	Poro
24	84	118	Poro
30	100	116	Poro
36	98	112	Poro
16	37	50	Poro
32	116	139	Poro
10	24	31	Poro
36	128	178	Poro
34	109	134	Poro
28	106	110	Poro
17	38	37	Poro
45	138	199	Poro
29	104	129	Poro
26	88	104	Poro
16	97	171	Poro
30	45	47	Poro
38	80	95	Poro
9	28	33	Poro
21	73	107	Poro
17	81	116	Poro
17	82	134	Poro
30	121	160	Poro
29	103	124	Poro
71	122	104	Poro
15	65	111	Poro
36	118	143	Poro
20	86	103	Poro
91	153	141	Poro
31	95	121	Poro
10	69	106	Poro
16	85	135	Poro
19	105	163	Poro
17	59	75	Poro
49	113	127	Poro
73	136	148	Poro
20	84	106	Poro
13	94	177	Poro
104	143	128	Poro
24	63	77	Poro
84	172	192	Poro
16	31	33	Poro
19	44	42	Poro
103	177	191	Poro
31	53	50	Poro
24	102	170	Poro
10	73	86	Poro
5	44	75	Poro
15	86	150	Poro
18	53	68	Poro
14	70	88	Poro
12	50	81	Poro
42	104	123	Poro
30	89	117	Poro
16	50	85	Poro
21	66	87	Poro
48	137	150	Poro
15	91	160	Poro
33	120	148	Poro
21	73	115	Poro
14	93	156	Poro
45	113	151	Poro
26	101	118	Poro
29	105	133	Poro
25	73	91	Poro
11	77	111	Poro
19	106	142	Poro
65	124	131	Poro
24	108	145	Poro
51	134	148	Poro
77	146	151	Poro
40	132	171	Poro
55	119	134	Poro
18	39	44	Poro
12	95	177	Poro
9	67	107	Poro
21	77	84	Poro
12	97	173	Poro
17	36	42	Poro
49	120	133	Poro
23	84	86	Poro
23	92	100	Poro
19	101	157	Poro
32	75	67	Poro
9	55	93	Poro
14	74	126	Poro
15	91	135	Poro
20	91	148	Poro
32	123	175	Poro
11	48	64	Poro
14	60	81	Poro
25	84	94	Poro
24	66	67	Poro
24	98	137	Poro
23	69	66	Poro
46	104	114	Poro
17	75	89	Poro
21	80	91	Poro
41	137	176	Poro
86	160	183	Poro
23	79	98	Poro
37	106	125	Poro
32	62	46	Poro
20	113	167	Poro
96	187	203	Poro
21	76	109	Poro
22	96	142	Poro
15	97	174	Poro
33	125	173	Poro
19	74	117	Poro
14	63	71	Poro
44	121	139	Poro
157	220	192	Poro
53	147	191	Poro
22	101	159	Poro
29	65	81	Poro
26	75	104	Poro
77	166	165	Poro
93	166	166	Poro
21	92	114	Poro
15	92	168	Poro
7	70	103	Poro
29	111	142	Poro
18	79	115	Poro
40	129	158	Poro
47	132	170	Poro
55	146	154	Poro
17	77	111	Poro
15	93	167	Poro
19	91	132	Poro
83	157	167	Poro
17	57	75	Poro
18	64	94	Poro
29	117	172	Poro
42	69	50	Poro
29	107	149	Poro
40	112	110	Poro
62	143	168	Poro
10	27	34	Poro
16	99	174	Poro
26	107	141	Poro
58	122	140	Poro
21	80	84	Poro
13	59	83	Poro
49	132	165	Poro
16	95	162	Poro
17	89	126	Poro
19	91	147	Poro
23	81	114	Poro
26	85	125	Poro
51	142	169	Poro
23	102	153	Poro
44	113	141	Poro
26	85	109	Poro
15	75	114	Poro
51	129	153	Poro
26	84	79	Poro
130	177	160	Poro
30	99	153	Poro
73	138	137	Poro
40	131	143	Poro
26	95	141	Poro
38	68	47	Poro
29	97	96	Poro
24	62	79	Poro
83	141	149	Poro
21	61	77	Poro
12	72	91	Poro
24	73	107	Poro
15	66	102	Poro
9	55	68	Poro
25	97	123	Poro
54	108	88	Poro
22	101	115	Poro
16	45	46	Poro
13	81	96	Poro
16	92	148	Poro
7	29	34	Poro
40	86	98	Poro
69	154	159	Poro
60	128	131	Poro
19	89	127	Poro
21	91	150	Poro
19	95	130	Poro
22	62	79	Poro
47	114	135	Poro
23	57	93	Poro
10	89	159	Poro
26	86	100	Poro
8	52	80	Poro
12	40	38	Poro
108	185	198	Poro
25	101	156	Poro
58	125	141	Poro
28	69	87	Poro
18	62	100	Poro
27	83	112	Poro
26	116	162	Poro
25	64	80	Poro
22	82	109	Poro
56	133	130	Poro
15	94	173	Poro
29	94	118	Poro
21	111	158	Poro
82	139	139	Poro
50	134	150	Poro
22	62	77	Poro
49	145	176	Poro
36	128	163	Poro
36	112	142	Poro
58	142	155	Poro
35	97	82	Poro
16	97	175	Poro
21	113	165	Poro
29	113	166	Poro
23	107	158	Poro
29	103	146	Poro
43	106	138	Poro
13	48	66	Poro
40	123	175	Poro
60	135	173	Poro
15	33	31	Poro
48	122	135	Poro
27	90	108	Poro
15	95	169	Poro
41	117	170	Poro
64	106	95	Poro
19	67	92	Poro
139	214	209	Poro
19	56	76	Poro
56	146	177	Poro
86	117	102	Poro
35	113	141	Poro
32	117	167	Poro
38	119	179	Poro
51	136	160	Poro
54	133	175	Poro
52	133	138	Poro
10	43	57	Poro
45	132	148	Poro
28	91	129	Poro
11	47	70	Poro
23	99	137	Poro
16	70	112	Poro
45	103	139	Poro
22	60	71	Poro
48	140	173	Poro
7	33	55	Poro
22	65	78	Poro
15	90	128	Poro
118	191	201	Poro
16	94	172	Poro
23	67	61	Poro
18	73	107	Poro
127	160	156	Poro
14	97	176	Poro
81	140	131	Poro
28	97	114	Poro
23	88	91	Poro
54	152	157	Poro
45	128	161	Poro
20	77	123	Poro
25	120	162	Poro
29	93	134	Poro
51	134	156	Poro
37	102	129	Poro
51	96	104	Poro
10	87	154	Poro
47	141	179	Poro
42	136	175	Poro
76	143	141	Poro
24	85	124	Poro
20	105	159	Poro
67	157	168	Poro
21	93	137	Poro
28	95	119	Poro
11	96	168	Poro
9	69	93	Poro
33	77	90	Poro
57	134	133	Poro
19	91	148	Poro
15	80	110	Poro
27	69	80	Poro
54	124	111	Poro
17	92	141	Poro
22	77	124	Poro
41	128	155	Poro
15	89	133	Poro
11	91	171	Poro
26	109	150	Poro
26	85	113	Poro
23	91	147	Poro
21	108	144	Poro
4	47	87	Poro
28	111	166	Poro
67	115	105	Poro
26	91	127	Poro
67	154	188	Poro
19	89	112	Poro
37	91	83	Poro
9	84	132	Poro
21	69	95	Poro
26	104	146	Poro
20	97	135	Poro
26	91	139	Poro
25	83	85	Poro
60	132	136	Poro
11	70	112	Poro
25	105	123	Poro
63	99	100	Poro
66	147	185	Poro
21	70	80	Poro
14	82	137	Poro
12	72	96	Poro
27	107	168	Poro
40	125	147	Poro
26	108	141	Poro
14	92	173	Poro
21	98	145	Poro
13	37	57	Poro
16	36	31	Poro
20	83	103	Poro
16	61	59	Poro
21	84	121	Poro
46	138	184	Poro
15	78	97	Poro
52	147	175	Poro
29	125	175	Poro
28	94	97	Poro
26	112	159	Poro
36	126	168	Poro
46	103	111	Poro
22	98	162	Poro
56	150	193	Poro
24	101	140	Poro
49	144	180	Poro
22	95	149	Poro
20	89	101	Poro
28	93	95	Poro
25	95	108	Poro
24	77	73	Poro
20	71	96	Poro
34	96	93	Poro
13	29	32	Poro
22	109	159	Poro
29	114	182	Poro
66	128	136	Poro
50	100	111	Poro
44	134	177	Poro
14	87	134	Poro
24	112	151	Poro
37	113	150	Poro
15	95	175	Poro
25	107	158	Poro
29	79	91	Poro
78	137	133	Poro
17	88	127	Poro
50	107	123	Poro
29	84	115	Poro
171	231	202	Poro
28	90	105	Poro
25	86	118	Poro
26	112	165	Poro
22	90	152	Poro
10	63	104	Poro
42	88	91	Poro
29	100	117	Poro
39	129	169	Poro
11	44	83	Poro
81	173	199	Poro
40	130	155	Poro
73	153	163	Poro
20	102	143	Poro
13	48	44	Poro
23	67	79	Poro
20	85	122	Poro
16	101	151	Poro
15	59	74	Poro
91	171	189	Poro
16	75	124	Poro
13	60	83	Poro
45	115	136	Poro
40	112	114	Poro
20	113	162	Poro
71	90	88	Poro
18	56	61	Poro
35	76	94	Poro
22	81	109	Poro
31	118	163	Poro
21	69	89	Poro
21	106	141	Poro
55	128	141	Poro
27	101	132	Poro
11	66	91	Poro
92	134	145	Poro
20	109	153	Poro
83	176	191	Poro
22	87	108	Poro
17	71	83	Poro
31	98	111	Poro
41	90	74	Poro
43	134	166	Poro
6	27	35	Poro
92	185	217	Poro
45	91	92	Poro
18	76	89	Poro
16	79	127	Poro
64	144	166	Poro
24	84	122	Poro
23	98	117	Poro
71	152	137	Poro
18	93	137	Poro
10	47	58	Poro
31	96	119	Poro
2	44	75	Poro
17	74	87	Poro
156	204	209	Poro
31	100	132	Poro
38	131	169	Poro
45	90	79	Poro
55	94	97	Poro
19	38	42	Poro
20	90	152	Poro
62	157	199	Poro
17	92	157	Poro
48	144	178	Poro
32	100	122	Poro
51	104	107	Poro
63	158	176	Poro
47	142	186	Poro
19	69	105	Poro
6	19	27	Poro
14	73	124	Poro
18	62	88	Poro
16	72	119	Poro
15	94	166	Poro
15	100	180	Poro
37	101	118	Poro
18	66	77	Poro
11	69	109	Poro
3	46	78	Poro
19	77	101	Poro
52	138	149	Poro
18	75	123	Poro
61	155	189	Poro
60	94	92	Poro
21	87	138	Poro
17	87	138	Poro
46	99	87	Poro
48	128	151	Poro
71	142	146	Poro
19	65	79	Poro
84	161	158	Poro
36	128	169	Poro
27	98	141	Poro
18	83	128	Poro
27	97	138	Poro
55	123	127	Poro
21	82	117	Poro
28	92	101	Poro
16	36	43	Poro
18	79	133	Poro
19	51	69	Poro
22	104	147	Poro
62	111	117	Poro
58	149	177	Poro
10	87	99	Poro
22	76	118	Poro
40	64	59	Poro
29	85	118	Poro
32	97	132	Poro
17	89	126	Poro
34	98	113	Poro
19	84	98	Poro
1	62	112	Poro
47	105	100	Poro
29	82	77	Poro
17	83	132	Poro
15	92	137	Poro
58	138	169	Poro
40	129	167	Poro
28	109	165	Poro
19	81	94	Poro
27	100	127	Poro
56	149	177	Poro
8	26	31	Poro
22	100	121	Poro
20	80	113	Poro
21	83	92	Poro
34	125	175	Poro
15	98	177	Poro
17	80	114	Poro
17	83	110	Poro
44	86	82	Poro
40	122	145	Poro
26	97	118	Poro
36	115	149	Poro
47	90	99	Poro
25	90	103	Poro
28	106	144	Poro
36	92	118	Poro
111	169	166	Poro
47	144	190	Poro
44	135	175	Poro
58	133	162	Poro
28	81	95	Poro
24	72	91	Poro
20	76	124	Poro
16	98	173	Poro
26	117	155	Poro
96	189	217	Poro
27	120	160	Poro
41	119	130	Poro
41	128	165	Poro
35	139	177	Poro
15	87	106	Poro
68	153	196	Poro
34	120	161	Poro
72	153	186	Poro
22	112	150	Poro
17	81	137	Poro
73	146	173	Poro
45	123	153	Poro
18	83	107	Poro
22	87	134	Poro
14	74	116	Poro
61	130	145	Poro
16	40	44	Poro
9	39	57	Poro
38	132	144	Poro
8	71	110	Poro
60	125	115	Poro
51	104	104	Poro
43	112	134	Poro
21	101	115	Poro
69	128	125	Poro
54	127	125	Poro
50	118	127	Poro
15	90	120	Poro
17	70	113	Poro
13	47	54	Poro
19	93	156	Poro
9	30	45	Poro
16	100	172	Poro
6	61	98	Poro
19	34	34	Poro
97	174	161	Poro
26	89	96	Poro
24	104	159	Poro
14	93	173	Poro
41	113	146	Poro
14	58	78	Poro
11	90	143	Poro
57	152	207	Poro
26	93	98	Poro
18	85	143	Poro
40	116	158	Poro
124	207	208	Poro
21	104	151	Poro
75	121	108	Poro
16	88	135	Poro
4	55	100	Poro
34	109	149	Poro
16	68	97	Poro
17	83	119	Poro
51	128	128	Poro
15	88	136	Poro
17	61	78	Poro
17	95	145	Poro
46	82	84	Poro
23	83	120	Poro
13	87	131	Poro
13	65	100	Poro
37	103	135	Poro
15	59	112	Poro
10	88	132	Poro
19	80	109	Poro
19	62	84	Poro
22	97	160	Poro
26	112	133	Poro
46	92	95	Poro
28	80	87	Poro
52	127	141	Poro
29	111	134	Poro
25	76	70	Poro
13	61	106	Poro
48	146	166	Poro
24	104	136	Poro
15	35	40	Poro
24	93	151	Poro
21	109	174	Poro
23	60	65	Poro
26	91	127	Poro
16	44	61	Poro
46	95	63	Poro
1	43	109	Poro
8	50	83	Poro
27	93	122	Poro
15	34	36	Poro
54	135	153	Poro
24	89	141	Poro
19	104	151	Poro
20	71	94	Poro
19	71	107	Poro
59	121	142	Poro
21	100	141	Poro
13	82	126	Poro
13	67	92	Poro
16	79	108	Poro
15	62	97	Poro
19	84	129	Poro
12	34	38	Poro
23	89	130	Poro
8	34	45	Poro
7	52	47	Poro
20	77	106	Poro
54	118	111	Poro
44	127	156	Poro
15	61	87	Poro
13	89	150	Poro
30	92	103	Poro
26	90	103	Poro
14	95	175	Poro
15	84	124	Poro
78	158	187	Poro
43	127	169	Poro
11	76	94	Poro
27	107	125	Poro
29	124	163	Poro
28	85	106	Poro
36	106	118	Poro
59	148	187	Poro
22	73	103	Poro
36	131	173	Poro
29	114	156	Poro
32	93	118	Poro
44	141	174	Poro
24	92	95	Poro
36	116	129	Poro
10	66	97	Poro
19	59	76	Poro
42	138	165	Poro
30	79	97	Poro
11	59	103	Poro
7	66	110	Poro
17	99	151	Poro
14	66	77	Poro
29	92	121	Poro
14	95	165	Poro
18	38	39	Poro
95	177	200	Poro
130	193	172	Poro
15	36	53	Poro
64	139	168	Poro
14	76	114	Poro
24	99	127	Poro
11	32	36	Poro
80	173	202	Poro
49	136	156	Poro
7	58	84	Poro
31	109	169	Poro
27	95	125	Poro
19	81	127	Poro
25	93	148	Poro
36	128	172	Poro
30	117	148	Poro
26	54	59	Poro
35	123	169	Poro
11	58	82	Poro
41	136	178	Poro
22	65	84	Poro
11	34	31	Poro
22	60	77	Poro
31	113	160	Poro
109	188	188	Poro
13	52	90	Poro
18	87	101	Poro
35	127	177	Poro
73	131	144	Poro
106	132	129	Poro
35	122	164	Poro
30	106	153	Poro
28	102	143	Poro
44	97	91	Poro
59	147	152	Poro
32	109	132	Poro
14	93	177	Poro
21	59	86	Poro
38	60	55	Poro
16	31	36	Poro
127	213	225	Poro
59	148	171	Poro
158	212	208	Poro
81	140	145	Poro
13	70	119	Poro
17	62	63	Poro
26	98	111	Poro
8	71	88	Poro
12	32	34	Poro
26	96	114	Poro
13	96	176	Poro
24	87	133	Poro
13	63	72	Poro
21	87	104	Poro
1	68	116	Poro
27	84	117	Poro
37	82	116	Poro
25	85	80	Poro
21	70	79	Poro
16	52	77	Poro
26	103	143	Poro
19	77	102	Poro
18	90	134	Poro
55	130	152	Poro
14	97	180	Poro
115	198	208	Poro
49	121	130	Poro
26	108	132	Poro
19	87	135	Poro
22	64	63	Poro
52	117	161	Poro
4	68	107	Poro
14	71	97	Poro
15	92	166	Poro
15	59	88	Poro
45	109	117	Poro
26	93	132	Poro
71	159	191	Poro
22	87	129	Poro
67	125	136	Poro
58	131	145	Poro
36	119	149	Poro
15	86	145	Poro
25	99	115	Poro
22	93	125	Poro
24	81	128	Poro
19	91	128	Poro
25	96	155	Poro
14	76	116	Poro
15	81	124	Poro
10	61	96	Poro
67	102	100	Poro
65	148	157	Poro
21	84	88	Poro
14	87	111	Poro
43	128	147	Poro
27	97	109	Poro
12	96	145	Poro
15	74	102	Poro
28	113	165	Poro
17	86	141	Poro
26	90	93	Poro
25	113	160	Poro
14	94	142	Poro
25	76	106	Poro
57	135	152	Poro
7	34	35	Poro
17	51	91	Poro
49	139	177	Poro
5	57	81	Poro
35	127	191	Poro
34	124	171	Poro
38	114	124	Poro
14	95	177	Poro
17	101	150	Poro
10	55	82	Poro
26	100	165	Poro
42	90	98	Poro
60	141	148	Poro
34	103	109	Poro
38	126	157	Poro
37	143	181	Poro
43	118	138	Poro
29	100	141	Poro
25	74	86	Poro
66	121	145	Poro
33	111	135	Poro
21	83	108	Poro
40	94	90	Poro
56	99	96	Poro
17	79	121	Poro
32	96	102	Poro
18	86	120	Poro
9	46	56	Poro
48	123	140	Poro
19	77	119	Poro
10	66	118	Poro
1	40	87	Poro
14	94	144	Poro
45	141	158	Poro
68	147	167	Poro
6	44	58	Poro
25	108	159	Poro
29	97	117	Poro
68	160	193	Poro
18	59	76	Poro
31	103	126	Poro
48	140	161	Poro
13	78	103	Poro
20	82	93	Poro
20	105	166	Poro
25	87	143	Poro
68	161	186	Poro
19	41	39	Poro
31	107	137	Poro
102	167	162	Poro
15	67	79	Poro
10	60	93	Poro
18	97	144	Poro
53	99	84	Poro
15	67	87	Poro
98	187	212	Poro
13	87	145	Poro
26	110	144	Poro
38	131	190	Poro
10	58	87	Poro
31	99	132	Poro
39	133	181	Poro
1	67	102	Poro
62	143	158	Poro
11	58	64	Poro
8	42	43	Poro
14	48	62	Solido
175	247	235	Solido
141	216	191	Solido
173	243	240	Solido
128	178	143	Solido
125	173	145	Solido
170	238	233	Solido
141	208	198	Solido
178	249	241	Solido
169	236	222	Solido
151	220	209	Solido
171	244	228	Solido
173	240	235	Solido
164	222	206	Solido
144	200	194	Solido
113	172	186	Solido
84	107	74	Solido
173	241	238	Solido
104	143	107	Solido
173	243	235	Solido
160	225	221	Solido
160	223	207	Solido
161	228	218	Solido
174	243	240	Solido
183	252	230	Solido
149	218	202	Solido
91	124	113	Solido
64	97	66	Solido
151	205	195	Solido
171	238	208	Solido
75	94	64	Solido
161	230	219	Solido
82	128	145	Solido
169	234	225	Solido
166	233	223	Solido
172	242	235	Solido
177	247	241	Solido
128	181	178	Solido
165	237	230	Solido
96	129	92	Solido
171	239	231	Solido
138	186	175	Solido
85	114	71	Solido
175	248	242	Solido
137	192	163	Solido
165	237	231	Solido
155	226	220	Solido
175	248	233	Solido
66	96	75	Solido
171	238	234	Solido
148	194	155	Solido
171	239	233	Solido
171	236	223	Solido
174	245	235	Solido
113	156	130	Solido
71	125	107	Solido
164	234	228	Solido
83	107	136	Solido
154	210	215	Solido
46	82	74	Solido
184	254	248	Solido
181	254	247	Solido
174	246	239	Solido
176	244	238	Solido
134	168	132	Solido
160	232	229	Solido
157	221	201	Solido
108	151	127	Solido
58	85	62	Solido
149	200	181	Solido
150	191	166	Solido
125	161	110	Solido
125	181	177	Solido
175	247	240	Solido
165	233	224	Solido
57	92	70	Solido
178	248	243	Solido
169	241	235	Solido
171	236	201	Solido
115	165	161	Solido
129	157	113	Solido
117	160	131	Solido
90	119	83	Solido
177	248	244	Solido
174	237	223	Solido
177	248	242	Solido
161	226	212	Solido
158	210	204	Solido
171	243	233	Solido
167	233	225	Solido
171	246	239	Solido
95	133	91	Solido
80	108	75	Solido
87	121	85	Solido
79	108	72	Solido
164	237	232	Solido
168	238	225	Solido
44	71	45	Solido
159	227	223	Solido
167	234	226	Solido
86	121	108	Solido
178	249	244	Solido
54	91	101	Solido
166	227	206	Solido
174	243	237	Solido
168	237	233	Solido
174	241	233	Solido
156	221	213	Solido
76	119	103	Solido
127	176	185	Solido
173	244	234	Solido
180	249	242	Solido
178	247	233	Solido
169	238	234	Solido
163	223	199	Solido
43	73	58	Solido
151	212	201	Solido
173	244	241	Solido
164	213	195	Solido
108	146	124	Solido
183	249	236	Solido
83	128	104	Solido
157	227	220	Solido
163	234	229	Solido
178	233	192	Solido
48	75	49	Solido
144	203	200	Solido
171	235	212	Solido
180	247	242	Solido
164	231	214	Solido
169	241	228	Solido
143	194	174	Solido
169	241	237	Solido
117	163	177	Solido
177	248	240	Solido
177	245	239	Solido
169	239	234	Solido
189	254	244	Solido
102	141	129	Solido
172	240	235	Solido
119	161	153	Solido
175	244	234	Solido
176	228	226	Solido
130	178	146	Solido
178	246	235	Solido
156	215	208	Solido
83	105	78	Solido
177	249	242	Solido
114	158	150	Solido
96	149	158	Solido
176	247	242	Solido
112	158	116	Solido
130	183	192	Solido
173	244	238	Solido
17	44	52	Solido
154	215	192	Solido
117	157	107	Solido
173	244	227	Solido
121	166	149	Solido
172	244	227	Solido
91	124	89	Solido
102	147	112	Solido
165	232	217	Solido
173	242	235	Solido
168	236	229	Solido
173	243	234	Solido
174	243	230	Solido
182	253	245	Solido
160	225	217	Solido
85	113	84	Solido
175	245	237	Solido
180	252	243	Solido
78	111	87	Solido
119	157	125	Solido
177	249	239	Solido
173	241	235	Solido
98	131	97	Solido
175	248	244	Solido
103	147	122	Solido
141	196	192	Solido
167	220	207	Solido
119	162	130	Solido
66	118	147	Solido
93	122	81	Solido
33	73	47	Solido
87	119	80	Solido
177	245	239	Solido
171	228	212	Solido
178	249	243	Solido
38	79	60	Solido
171	243	237	Solido
115	161	152	Solido
67	94	63	Solido
63	86	72	Solido
72	108	95	Solido
174	241	236	Solido
150	211	195	Solido
62	89	80	Solido
175	244	237	Solido
163	230	224	Solido
166	232	239	Solido
174	244	236	Solido
174	243	237	Solido
100	135	100	Solido
143	207	188	Solido
166	227	212	Solido
31	50	49	Solido
92	122	82	Solido
152	206	206	Solido
164	215	213	Solido
173	241	234	Solido
177	240	237	Solido
121	160	163	Solido
169	241	235	Solido
161	226	219	Solido
187	254	245	Solido
171	238	233	Solido
176	246	239	Solido
88	114	86	Solido
173	242	235	Solido
178	249	244	Solido
169	240	233	Solido
125	169	166	Solido
166	234	226	Solido
175	244	239	Solido
131	179	160	Solido
174	241	239	Solido
170	237	221	Solido
176	247	245	Solido
173	240	225	Solido
131	190	180	Solido
58	103	81	Solido
172	241	237	Solido
175	248	239	Solido
173	242	240	Solido
89	118	77	Solido
92	127	96	Solido
127	166	155	Solido
167	235	224	Solido
62	86	64	Solido
165	233	229	Solido
171	242	235	Solido
171	243	238	Solido
154	221	229	Solido
166	236	227	Solido
134	181	183	Solido
161	229	219	Solido
167	217	196	Solido
131	194	199	Solido
62	88	65	Solido
171	238	228	Solido
93	132	102	Solido
166	233	230	Solido
174	246	240	Solido
173	243	236	Solido
160	227	225	Solido
164	230	220	Solido
79	108	79	Solido
172	242	235	Solido
173	242	221	Solido
161	225	211	Solido
169	232	232	Solido
168	235	219	Solido
184	253	246	Solido
163	232	222	Solido
170	238	231	Solido
163	229	218	Solido
103	141	87	Solido
182	251	241	Solido
97	140	120	Solido
90	118	70	Solido
168	237	229	Solido
177	249	241	Solido
172	245	239	Solido
78	110	73	Solido
79	105	73	Solido
100	142	128	Solido
19	40	52	Solido
41	64	52	Solido
173	243	232	Solido
171	237	230	Solido
177	243	233	Solido
171	243	231	Solido
177	245	237	Solido
169	237	232	Solido
89	118	89	Solido
151	200	180	Solido
169	239	232	Solido
23	51	53	Solido
173	240	232	Solido
167	229	219	Solido
159	225	207	Solido
171	222	206	Solido
95	130	77	Solido
186	254	251	Solido
171	242	239	Solido
180	252	248	Solido
150	218	207	Solido
166	233	225	Solido
151	219	219	Solido
161	228	220	Solido
123	168	140	Solido
175	242	233	Solido
172	236	223	Solido
9	30	33	Solido
167	237	228	Solido
178	236	224	Solido
173	238	235	Solido
164	232	209	Solido
173	241	228	Solido
153	199	179	Solido
174	239	236	Solido
168	236	228	Solido
175	246	238	Solido
158	212	210	Solido
168	235	226	Solido
170	240	233	Solido
181	254	247	Solido
110	151	130	Solido
158	211	204	Solido
107	141	144	Solido
174	244	238	Solido
171	240	236	Solido
133	179	147	Solido
105	147	125	Solido
179	253	237	Solido
139	188	157	Solido
176	246	241	Solido
175	234	226	Solido
173	240	236	Solido
146	194	165	Solido
178	247	236	Solido
81	112	79	Solido
98	142	118	Solido
170	239	232	Solido
177	248	240	Solido
172	246	238	Solido
105	172	181	Solido
157	208	194	Solido
87	117	79	Solido
179	250	237	Solido
166	226	211	Solido
171	241	233	Solido
177	245	241	Solido
85	115	102	Solido
159	222	215	Solido
82	122	96	Solido
28	50	49	Solido
82	118	80	Solido
139	186	165	Solido
175	243	238	Solido
146	197	173	Solido
167	235	229	Solido
47	81	63	Solido
181	250	246	Solido
174	244	237	Solido
170	237	234	Solido
142	203	204	Solido
103	147	131	Solido
179	248	235	Solido
144	221	202	Solido
148	219	203	Solido
89	122	83	Solido
145	208	204	Solido
36	71	54	Solido
173	240	221	Solido
82	105	80	Solido
186	253	247	Solido
175	242	235	Solido
163	231	224	Solido
181	254	244	Solido
168	233	230	Solido
177	246	237	Solido
180	250	244	Solido
68	119	99	Solido
171	242	232	Solido
90	129	125	Solido
150	218	210	Solido
175	249	235	Solido
174	244	234	Solido
170	221	211	Solido
96	125	109	Solido
173	243	235	Solido
7	24	34	Solido
168	240	233	Solido
171	242	232	Solido
177	245	239	Solido
100	142	129	Solido
81	109	83	Solido
173	243	231	Solido
173	241	240	Solido
171	239	230	Solido
187	251	230	Solido
170	237	233	Solido
176	246	228	Solido
77	111	76	Solido
174	244	239	Solido
82	108	81	Solido
173	243	233	Solido
153	218	210	Solido
178	243	229	Solido
171	234	225	Solido
154	227	211	Solido
113	161	130	Solido
156	226	205	Solido
169	240	228	Solido
166	233	231	Solido
169	238	229	Solido
161	228	218	Solido
173	242	231	Solido
83	123	79	Solido
178	248	239	Solido
168	238	226	Solido
135	201	201	Solido
76	104	63	Solido
165	230	225	Solido
42	76	68	Solido
92	139	115	Solido
172	243	237	Solido
77	106	77	Solido
175	244	237	Solido
28	54	58	Solido
175	246	239	Solido
175	245	241	Solido
171	240	227	Solido
160	227	218	Solido
121	161	149	Solido
169	239	230	Solido
168	238	226	Solido
166	237	235	Solido
80	107	86	Solido
132	175	174	Solido
154	220	209	Solido
167	238	237	Solido
175	245	238	Solido
145	208	188	Solido
156	226	214	Solido
170	242	233	Solido
174	242	236	Solido
171	243	224	Solido
162	231	213	Solido
170	240	232	Solido
176	244	240	Solido
174	245	242	Solido
39	71	58	Solido
138	191	157	Solido
152	208	209	Solido
170	239	236	Solido
156	221	199	Solido
150	198	152	Solido
56	97	90	Solido
159	225	218	Solido
170	233	231	Solido
170	239	235	Solido
170	242	236	Solido
187	254	251	Solido
167	235	230	Solido
171	230	222	Solido
173	244	235	Solido
154	224	216	Solido
22	44	33	Solido
170	240	231	Solido
89	126	116	Solido
6	22	31	Solido
97	129	80	Solido
13	26	29	Solido
169	238	232	Solido
169	234	225	Solido
180	253	242	Solido
179	252	244	Solido
156	216	212	Solido
174	243	237	Solido
149	212	211	Solido
174	244	234	Solido
141	217	191	Solido
173	238	229	Solido
169	238	234	Solido
165	230	224	Solido
162	230	222	Solido
75	100	79	Solido
153	222	221	Solido
135	197	178	Solido
76	105	79	Solido
176	247	240	Solido
169	235	220	Solido
131	203	186	Solido
127	199	166	Solido
175	247	240	Solido
148	189	185	Solido
161	213	171	Solido
64	116	102	Solido
145	203	202	Solido
31	67	111	Solido
170	237	230	Solido
165	236	226	Solido
69	103	64	Solido
46	86	87	Solido
70	117	113	Solido
72	92	63	Solido
152	208	196	Solido
178	247	243	Solido
138	185	175	Solido
166	231	224	Solido
171	241	235	Solido
177	245	238	Solido
67	91	64	Solido
87	115	83	Solido
168	225	213	Solido
152	218	200	Solido
177	241	237	Solido
165	234	222	Solido
102	139	124	Solido
149	191	172	Solido
177	246	236	Solido
171	243	235	Solido
156	200	171	Solido
130	173	145	Solido
164	227	215	Solido
166	232	227	Solido
170	215	198	Solido
164	229	218	Solido
164	230	224	Solido
97	130	118	Solido
10	35	54	Solido
173	245	237	Solido
167	234	230	Solido
159	230	212	Solido
75	106	77	Solido
43	78	52	Solido
177	251	245	Solido
181	254	248	Solido
176	246	234	Solido
163	216	197	Solido
154	220	204	Solido
96	124	88	Solido
160	229	233	Solido
180	249	236	Solido
154	200	198	Solido
169	237	232	Solido
169	238	230	Solido
177	247	243	Solido
181	251	246	Solido
169	238	226	Solido
179	248	244	Solido
77	113	87	Solido
107	144	123	Solido
175	245	237	Solido
108	144	136	Solido
172	239	232	Solido
173	229	205	Solido
158	224	196	Solido
13	31	43	Solido
174	245	237	Solido
70	97	65	Solido
173	244	239	Solido
173	239	221	Solido
177	230	199	Solido
128	178	153	Solido
164	212	196	Solido
174	247	242	Solido
176	248	240	Solido
139	190	161	Solido
175	246	239	Solido
88	112	81	Solido
80	116	85	Solido
115	166	141	Solido
161	229	221	Solido
81	107	83	Solido
177	248	239	Solido
99	137	106	Solido
158	215	190	Solido
123	180	187	Solido
148	221	204	Solido
171	238	233	Solido
162	222	220	Solido
69	100	82	Solido
174	244	237	Solido
176	244	238	Solido
172	238	232	Solido
181	235	237	Solido
164	232	225	Solido
171	225	217	Solido
175	245	240	Solido
155	216	206	Solido
84	114	81	Solido
134	184	193	Solido
70	103	93	Solido
152	221	207	Solido
181	253	244	Solido
167	233	219	Solido
177	247	240	Solido
180	249	242	Solido
75	117	94	Solido
32	63	55	Solido
174	244	231	Solido
170	241	232	Solido
179	248	244	Solido
69	105	100	Solido
96	136	123	Solido
166	238	234	Solido
172	245	230	Solido
141	214	211	Solido
171	235	230	Solido
78	109	81	Solido
168	219	191	Solido
81	125	92	Solido
118	179	185	Solido
111	154	155	Solido
146	191	183	Solido
157	203	186	Solido
153	221	215	Solido
171	241	235	Solido
171	240	237	Solido
165	232	224	Solido
91	126	97	Solido
177	248	241	Solido
131	178	158	Solido
145	199	192	Solido
129	188	185	Solido
157	206	179	Solido
169	241	233	Solido
168	236	232	Solido
169	242	236	Solido
19	37	48	Solido
167	233	224	Solido
164	235	224	Solido
178	251	240	Solido
26	53	58	Solido
169	240	231	Solido
148	220	213	Solido
111	145	107	Solido
34	72	61	Solido
171	238	232	Solido
168	237	230	Solido
28	77	77	Solido
166	231	217	Solido
179	247	240	Solido
91	123	103	Solido
139	184	190	Solido
167	235	229	Solido
160	230	228	Solido
106	150	137	Solido
165	229	206	Solido
94	127	110	Solido
161	221	212	Solido
159	226	215	Solido
79	114	95	Solido
57	94	75	Solido
166	237	228	Solido
181	249	230	Solido
111	156	131	Solido
146	187	176	Solido
179	250	244	Solido
74	111	102	Solido
169	230	234	Solido
173	243	237	Solido
102	133	81	Solido
170	242	238	Solido
99	135	96	Solido
97	135	103	Solido
26	52	46	Solido
143	192	169	Solido
171	238	233	Solido
167	235	228	Solido
173	244	232	Solido
170	241	235	Solido
169	237	224	Solido
175	245	240	Solido
111	179	166	Solido
171	240	231	Solido
64	102	131	Solido
108	153	137	Solido
175	244	236	Solido
61	87	51	Solido
173	243	237	Solido
166	237	232	Solido
178	248	244	Solido
172	244	234	Solido
56	100	85	Solido
159	234	222	Solido
70	93	70	Solido
163	223	214	Solido
55	94	100	Solido
179	250	240	Solido
179	247	248	Solido
182	250	239	Solido
151	216	193	Solido
170	239	225	Solido
172	241	232	Solido
167	236	220	Solido
114	162	127	Solido
83	112	81	Solido
175	237	228	Solido
97	141	98	Solido
169	233	231	Solido
174	244	238	Solido
101	149	104	Solido
171	242	232	Solido
118	167	139	Solido
174	246	239	Solido
154	204	186	Solido
177	249	243	Solido
164	234	228	Solido
109	153	125	Solido
34	59	52	Solido
174	241	231	Solido
165	230	226	Solido
43	73	73	Solido
165	231	229	Solido
124	152	108	Solido
184	254	247	Solido
185	254	238	Solido
166	235	218	Solido
151	218	209	Solido
144	187	168	Solido
175	243	238	Solido
42	58	47	Solido
116	165	135	Solido
167	232	225	Solido
176	242	237	Solido
95	135	104	Solido
174	245	237	Solido
166	235	229	Solido
35	48	51	Solido
176	243	239	Solido
169	241	230	Solido
128	172	149	Solido
168	237	233	Solido
170	238	235	Solido
171	240	234	Solido
153	207	183	Solido
171	236	230	Solido
159	226	216	Solido
175	241	238	Solido
151	218	216	Solido
178	248	240	Solido
171	240	234	Solido
151	212	219	Solido
171	244	234	Solido
160	222	218	Solido
83	123	106	Solido
163	232	228	Solido
95	141	143	Solido
174	240	233	Solido
110	159	129	Solido
171	240	231	Solido
156	217	216	Solido
181	252	242	Solido
4	17	29	Solido
147	203	200	Solido
16	38	25	Solido
173	243	230	Solido
169	239	231	Solido
160	229	216	Solido
39	73	64	Solido
58	87	63	Solido
179	252	241	Solido
169	238	230	Solido
175	245	237	Solido
183	231	232	Solido
67	82	57	Solido
175	244	237	Solido
182	247	228	Solido
63	107	103	Solido
135	192	178	Solido
167	233	224	Solido
137	187	166	Solido
158	215	220	Solido
87	138	120	Solido
169	236	218	Solido
173	240	235	Solido
153	217	198	Solido
170	241	235	Solido
171	243	238	Solido
67	87	58	Solido
166	224	186	Solido
165	232	223	Solido
167	235	230	Solido
179	249	243	Solido
95	124	85	Solido
174	243	237	Solido
181	251	242	Solido
177	246	241	Solido
135	199	188	Solido
130	178	160	Solido
165	232	222	Solido
167	237	231	Solido
166	234	225	Solido
61	88	53	Solido
175	244	238	Solido
149	199	179	Solido
169	227	202	Solido
163	229	219	Solido
169	240	235	Solido
170	239	237	Solido
125	173	149	Solido
173	241	234	Solido
149	223	203	Solido
42	64	54	Solido
167	231	227	Solido
173	245	235	Solido
179	248	244	Solido
148	198	196	Solido
102	149	134	Solido
172	240	233	Solido
175	244	237	Solido
163	230	226	Solido
168	235	226	Solido
177	251	238	Solido
168	235	228	Solido
172	244	238	Solido
49	78	61	Solido
73	113	109	Solido
171	240	232	Solido
153	202	181	Solido
169	238	232	Solido
173	244	234	Solido
148	212	192	Solido
156	216	218	Solido
171	237	231	Solido
168	235	222	Solido
166	234	220	Solido
92	119	82	Solido
174	244	237	Solido
53	79	65	Solido
175	241	235	Solido
169	237	227	Solido
187	254	234	Solido
165	235	226	Solido
149	218	203	Solido
173	239	234	Solido
83	112	84	Solido
172	240	238	Solido
183	253	236	Solido
170	239	232	Solido
119	164	154	Solido
170	238	212	Solido
173	241	232	Solido
179	249	240	Solido
144	195	158	Solido
177	243	232	Solido
161	229	219	Solido
179	252	246	Solido
175	246	238	Solido
150	214	203	Solido
172	244	236	Solido
175	243	235	Solido
38	94	89	Solido
177	246	243	Solido
174	244	235	Solido
78	132	133	Solido
126	198	174	Solido
9	34	31	Solido
67	101	67	Solido
167	234	224	Solido
184	254	247	Solido
124	186	186	Solido
31	46	43	Solido
104	143	164	Solido
164	230	226	Solido
177	249	242	Solido
155	222	213	Solido
169	240	230	Solido
180	249	238	Solido
59	83	58	Solido
173	242	233	Solido
136	186	159	Solido
155	223	216	Solido
37	79	62	Solido
168	229	209	Solido
165	235	232	Solido
148	195	181	Solido
127	174	126	Solido
31	60	65	Solido
171	241	235	Solido
132	204	180	Solido
169	238	229	Solido
85	112	81	Solido
169	234	230	Solido
172	238	234	Solido
86	125	121	Solido
145	213	191	Solido
175	244	228	Solido
153	205	165	Solido
173	244	235	Solido
175	246	235	Solido
172	241	233	Solido
46	76	50	Solido
92	140	112	Solido
82	115	86	Solido
173	240	237	Solido
165	228	215	Solido
97	134	87	Solido
171	240	239	Solido
46	89	84	Solido
175	247	242	Solido
173	241	229	Solido
94	138	108	Solido
176	246	244	Solido
92	135	116	Solido
159	223	209	Solido
140	186	167	Solido
157	218	207	Solido
164	221	213	Solido
165	231	215	Solido
145	218	209	Solido
149	212	187	Solido
150	217	202	Solido
55	83	64	Solido
71	115	104	Solido
133	181	188	Solido
167	236	232	Solido
8	18	36	Solido
146	215	199	Solido
171	240	229	Solido
183	253	243	Solido
175	243	234	Solido
59	91	111	Solido
170	239	233	Solido
160	223	210	Solido
171	238	232	Solido
23	50	37	Solido
163	234	229	Solido
172	240	236	Solido
58	98	109	Solido
164	232	223	Solido
130	178	169	Solido
126	175	160	Solido
183	252	237	Solido
46	85	76	Solido
78	107	76	Solido
123	185	191	Solido
177	251	235	Solido
83	114	83	Solido
160	231	233	Solido
104	144	123	Solido
171	231	221	Solido
179	250	244	Solido
182	254	242	Solido
27	54	59	Solido
165	233	224	Solido
176	245	237	Solido
115	165	131	Solido
56	90	57	Solido
175	242	236	Solido
174	242	237	Solido
75	101	74	Solido
175	247	243	Solido
170	239	231	Solido
166	235	231	Solido
166	237	230	Solido
163	234	232	Solido
174	241	231	Solido
102	136	102	Solido
93	120	95	Solido
169	238	234	Solido
161	229	224	Solido
11	27	37	Solido
171	240	232	Solido
160	226	217	Solido
168	234	227	Solido
175	247	238	Solido
167	232	221	Solido
169	239	230	Solido
175	245	239	Solido
147	185	161	Solido
175	244	240	Solido
169	237	224	Solido
175	247	240	Solido
167	228	224	Solido
165	240	222	Solido
163	231	215	Solido
85	126	101	Solido
166	239	228	Solido
169	237	228	Solido
165	234	231	Solido
174	237	231	Solido
153	218	211	Solido
131	190	197	Solido
122	172	143	Solido
139	189	173	Solido
153	221	215	Solido
166	225	221	Solido
27	60	49	Solido
133	175	169	Solido
171	239	235	Solido
176	244	242	Solido
172	243	235	Solido
174	244	233	Solido
101	149	117	Solido
177	225	203	Solido
69	101	67	Solido
170	239	234	Solido
98	143	128	Solido
169	236	220	Solido
140	209	209	Solido
182	252	242	Solido
178	248	241	Solido
177	251	241	Solido
12	26	26	Solido
64	90	72	Solido
157	221	183	Solido
93	122	79	Solido
166	228	214	Solido
143	211	203	Solido
171	242	227	Solido
177	245	244	Solido
128	173	162	Solido
38	66	50	Solido
179	249	241	Solido
90	123	98	Solido
87	111	71	Solido
42	74	70	Solido
179	248	243	Solido
22	53	69	Solido
143	196	159	Solido
69	95	64	Solido
43	72	81	Solido
123	171	170	Solido
9	42	48	Solido
170	238	229	Solido
83	127	116	Solido
80	133	114	Solido
114	162	137	Solido
109	155	131	Solido
149	217	212	Solido
175	243	240	Solido
170	241	227	Solido
164	222	216	Solido
171	232	226	Solido
164	236	225	Solido
167	215	191	Solido
171	236	225	Solido
158	227	222	Solido
175	245	238	Solido
161	227	211	Solido
173	243	236	Solido
169	239	236	Solido
168	237	230	Solido
178	249	245	Solido
43	74	74	Solido
78	130	93	Solido
174	244	236	Solido
149	212	204	Solido
177	242	240	Solido
174	241	234	Solido
177	244	237	Solido
87	124	119	Solido
183	252	242	Solido
173	247	240	Solido
175	247	241	Solido
170	235	232	Solido
127	179	162	Solido
166	232	225	Solido
171	242	232	Solido
172	243	237	Solido
161	233	222	Solido
175	239	225	Solido
177	248	240	Solido
101	143	110	Solido
21	45	41	Solido
159	210	184	Solido
169	241	231	Solido
175	244	240	Solido
160	222	232	Solido
17	45	46	Solido
166	232	226	Solido
169	239	227	Solido
177	248	244	Solido
139	198	184	Solido
156	219	215	Solido
148	192	182	Solido
130	196	194	Solido
130	176	171	Solido
166	232	228	Solido
96	125	82	Solido
72	102	68	Solido
125	187	174	Solido
108	138	99	Solido
101	143	113	Solido
162	211	189	Solido
173	235	236	Solido
76	105	73	Solido
164	221	216	Solido
157	226	215	Solido
164	234	229	Solido
176	243	241	Solido
80	108	70	Solido
172	244	231	Solido
56	89	77	Solido
167	234	210	Solido
85	116	75	Solido
177	247	237	Solido
173	239	230	Solido
168	236	227	Solido
168	238	231	Solido
151	206	199	Solido
177	248	243	Solido
181	253	244	Solido
175	244	232	Solido
171	242	232	Solido
165	237	226	Solido
52	85	100	Solido
177	252	246	Solido
76	111	92	Solido
74	120	99	Solido
123	191	188	Solido
155	214	203	Solido
176	245	235	Solido
178	249	244	Solido
149	221	215	Solido
82	106	77	Solido
102	140	124	Solido
173	242	236	Solido
156	224	210	Solido
167	236	229	Solido
171	242	235	Solido
89	118	85	Solido
112	157	120	Solido
168	234	228	Solido
110	163	152	Solido
180	251	242	Solido
169	235	226	Solido
82	125	141	Solido
162	211	184	Solido
156	228	218	Solido
154	222	210	Solido
173	245	241	Solido
115	158	118	Solido
175	242	235	Solido
158	224	219	Solido
150	226	204	Solido
85	112	78	Solido
97	143	113	Solido
30	62	58	Solido
102	147	123	Solido
144	202	191	Solido
75	106	59	Solido
175	240	232	Solido
178	247	230	Solido
171	238	231	Solido
165	235	230	Solido
104	147	133	Solido
179	247	238	Solido
173	246	236	Solido
174	245	230	Solido
177	248	242	Solido
149	218	197	Solido
11	25	21	Solido
171	223	196	Solido
67	101	99	Solido
173	242	233	Solido
165	233	223	Solido
179	251	245	Solido
163	222	217	Solido
158	226	197	Solido
147	214	198	Solido
153	222	212	Solido
173	242	234	Solido
173	238	236	Solido
166	228	215	Solido
169	234	229	Solido
142	205	204	Solido
83	112	87	Solido
16	37	50	Solido
171	244	237	Solido
167	227	223	Solido
175	241	235	Solido
181	249	242	Solido
175	245	235	Solido
160	226	215	Solido
181	254	247	Solido
168	234	217	Solido
168	238	226	Solido
162	228	221	Solido
165	236	230	Solido
172	242	234	Solido
109	152	129	Solido
158	205	193	Solido
163	221	196	Solido
172	243	231	Solido
170	240	231	Solido
182	253	245	Solido
175	244	242	Solido
142	192	175	Solido
169	236	224	Solido
103	147	148	Solido
180	244	235	Solido
165	233	225	Solido
175	248	242	Solido
157	218	212	Solido
173	241	228	Solido
87	120	87	Solido
167	238	225	Solido
84	114	79	Solido
140	186	180	Solido
82	110	78	Solido
155	221	195	Solido
144	191	177	Solido
179	248	241	Solido
167	236	230	Solido
171	232	229	Solido
21	45	44	Solido
166	237	229	Solido
134	177	173	Solido
163	214	200	Solido
111	154	137	Solido
63	110	91	Solido
117	153	111	Solido
170	238	227	Solido
175	245	241	Solido
52	77	45	Solido
168	241	233	Solido
56	93	79	Solido
89	117	85	Solido
177	249	237	Solido
100	148	137	Solido
177	244	240	Solido
179	248	238	Solido
151	218	208	Solido
173	241	235	Solido
167	235	212	Solido
167	236	229	Solido
87	111	66	Solido
179	246	235	Solido
172	238	229	Solido
157	221	215	Solido
29	58	62	Solido
144	194	189	Solido
157	226	220	Solido
168	228	206	Solido
163	234	227	Solido
181	247	235	Solido
138	183	175	Solido
160	215	215	Solido
126	173	152	Solido
166	236	226	Solido
179	250	239	Solido
157	225	214	Solido
26	43	25	Solido
186	254	241	Solido
175	243	240	Solido
168	239	232	Solido
165	232	228	Solido
166	212	225	Solido
171	242	230	Solido
176	247	237	Solido
176	243	229	Solido
182	252	247	Solido
164	216	188	Solido
154	213	221	Solido
172	246	242	Solido
171	240	229	Solido
107	160	173	Solido
159	217	209	Solido
175	244	235	Solido
165	234	225	Solido
73	105	81	Solido
171	240	208	Solido
169	238	233	Solido
166	226	215	Solido
105	135	93	Solido
73	117	93	Solido
127	174	154	Solido
173	241	236	Solido
171	232	227	Solido
163	226	216	Solido
154	219	209	Solido
165	230	226	Solido
163	221	209	Solido
22	55	68	Solido
173	245	236	Solido
91	135	126	Solido
163	223	200	Solido
174	240	236	Solido
168	237	228	Solido
83	104	72	Solido
47	98	72	Solido
178	250	241	Solido
112	160	135	Solido
158	222	215	Solido
172	241	236	Solido
100	137	145	Solido
168	232	229	Solido
177	250	243	Solido
69	97	66	Solido
171	239	235	Solido
170	240	225	Solido
166	238	230	Solido
75	109	82	Solido
162	230	217	Solido
89	117	84	Solido
78	101	70	Solido
102	142	121	Solido
11	24	21	Solido
173	239	236	Solido
167	238	228	Solido
175	249	234	Solido
184	254	246	Solido
177	245	236	Solido
168	237	225	Solido
151	214	207	Solido
79	109	85	Solido
64	103	82	Solido
173	245	239	Solido
163	215	188	Solido
175	240	236	Solido
183	254	248	Solido
23	52	45	Solido
161	231	215	Solido
105	139	86	Solido
177	249	242	Solido
160	228	213	Solido
177	250	241	Solido
160	227	222	Solido
176	248	241	Solido
161	227	184	Solido
158	234	233	Solido
179	248	246	Solido
181	247	242	Solido
94	126	95	Solido
180	249	246	Solido
117	163	139	Solido
162	230	220	Solido
53	78	47	Solido
43	75	69	Solido
175	243	238	Solido
79	108	64	Solido
62	93	56	Solido
75	103	77	Solido
152	221	223	Solido
170	238	233	Solido
151	200	173	Solido
159	217	193	Solido
77	117	108	Solido
171	237	231	Solido
103	138	102	Solido
178	248	243	Solido
172	241	238	Solido
90	120	91	Solido
129	189	201	Solido
150	215	192	Solido
173	243	232	Solido
174	244	234	Solido
175	244	240	Solido
32	59	49	Solido
175	243	235	Solido
168	228	214	Solido
169	236	234	Solido
162	230	222	Solido
144	192	213	Solido
173	240	230	Solido
55	86	62	Solido
178	249	231	Solido
153	195	177	Solido
108	150	112	Solido
167	235	237	Solido
156	224	210	Solido
173	244	238	Solido
160	223	220	Solido
169	224	213	Solido
162	231	220	Solido
175	245	237	Solido
168	237	228	Solido
90	123	82	Solido
158	210	198	Solido
162	233	228	Solido
71	105	76	Solido
175	246	237	Solido
173	247	234	Solido
45	75	78	Solido
94	121	124	Solido
172	231	227	Solido
92	139	117	Solido
178	246	236	Solido
164	234	224	Solido
167	230	226	Solido
171	239	230	Solido
168	236	228	Solido
169	239	229	Solido
167	235	229	Solido
96	131	93	Solido
71	98	64	Solido
174	240	232	Solido
74	115	91	Solido
117	163	142	Solido
173	237	226	Solido
168	239	232	Solido
110	152	128	Solido
160	232	218	Solido
171	244	237	Solido
66	92	61	Solido
171	238	230	Solido
175	226	209	Solido
175	234	221	Solido
171	239	232	Solido
172	239	223	Solido
174	245	240	Solido
158	227	212	Solido
154	207	187	Solido
179	253	245	Solido
33	64	58	Solido
164	224	212	Solido
179	246	241	Solido
95	133	107	Solido
151	212	211	Solido
147	215	206	Solido
174	246	240	Solido
26	52	38	Solido
83	120	137	Solido
167	234	228	Solido
166	235	223	Solido
78	114	82	Solido
113	156	136	Solido
169	238	227	Solido
170	236	226	Solido
177	243	232	Solido
61	97	86	Solido
175	244	240	Solido
170	239	231	Solido
174	242	236	Solido
163	228	213	Solido
175	245	236	Solido
172	240	228	Solido
167	234	223	Solido
44	75	69	Solido
84	115	85	Solido
173	241	231	Solido
178	251	240	Solido
168	234	214	Solido
173	244	236	Solido
151	213	195	Solido
175	246	240	Solido
158	225	218	Solido
177	246	239	Solido
139	191	175	Solido
74	103	70	Solido
85	125	125	Solido
108	146	156	Solido
178	249	239	Solido
163	232	223	Solido
92	120	83	Solido
167	235	228	Solido
140	189	165	Solido
157	225	214	Solido
168	235	226	Solido
173	236	230	Solido
170	241	233	Solido
59	87	60	Solido
166	228	225	Solido
142	190	164	Solido
158	217	213	Solido
161	230	195	Solido
53	85	82	Solido
167	230	224	Solido
169	233	220	Solido
6	24	24	Solido
86	112	80	Solido
105	146	124	Solido
182	254	242	Solido
181	253	225	Solido
111	161	155	Solido
179	251	242	Solido
175	247	241	Solido
169	234	221	Solido
163	217	190	Solido
171	243	236	Solido
167	237	228	Solido
89	121	67	Solido
159	208	209	Solido
179	249	236	Solido
162	233	229	Solido
119	161	113	Solido
170	237	230	Solido
40	82	62	Solido
154	216	205	Solido
173	245	236	Solido
177	247	242	Solido
90	123	81	Solido
130	171	178	Solido
83	108	85	Solido
158	225	229	Solido
90	117	71	Solido
175	243	232	Solido
175	243	239	Solido
173	245	239	Solido
167	235	230	Solido
168	237	225	Solido
134	190	189	Solido
183	254	244	Solido
160	228	227	Solido
169	219	189	Solido
171	235	231	Solido
176	246	239	Solido
18	45	65	Solido
76	100	71	Solido
101	149	114	Solido
172	240	231	Solido
83	110	77	Solido
99	140	127	Solido
173	246	236	Solido
155	226	206	Solido
118	158	143	Solido
174	244	238	Solido
171	240	234	Solido
172	242	237	Solido
128	165	133	Solido
140	190	175	Solido
103	150	124	Solido
171	242	240	Solido
156	228	222	Solido
15	37	37	Solido
115	173	176	Solido
175	244	239	Solido
48	75	51	Solido
103	150	169	Solido
180	250	240	Solido
163	230	220	Solido
169	239	233	Solido
149	212	197	Solido
172	243	236	Solido
165	232	223	Solido
171	241	235	Solido
54	90	106	Solido
168	239	226	Solido
175	246	237	Solido
139	208	192	Solido
170	237	228	Solido
146	208	190	Solido
17	35	37	Solido
121	166	134	Solido
175	242	236	Solido
83	130	119	Solido
177	246	238	Solido
172	239	237	Solido
108	148	112	Solido
161	221	203	Solido
38	68	53	Solido
158	229	223	Solido
173	239	235	Solido
119	159	115	Solido
104	132	83	Solido
69	101	82	Solido
165	233	220	Solido
172	241	238	Solido
154	222	208	Solido
78	114	107	Solido
33	60	66	Solido
19	50	58	Solido
139	205	217	Solido
163	229	219	Solido
183	251	240	Solido
96	140	125	Solido
75	100	76	Solido
173	236	232	Solido
156	223	215	Solido
182	250	242	Solido
175	246	244	Solido
90	120	95	Solido
181	250	243	Solido
157	221	216	Solido
117	159	109	Solido
87	120	86	Solido
84	112	80	Solido
169	242	234	Solido
173	242	237	Solido
173	245	238	Solido
177	242	232	Solido
173	239	233	Solido
144	186	151	Solido
107	137	88	Solido
179	250	242	Solido
147	203	194	Solido
157	214	196	Solido
154	217	202	Solido
149	214	203	Solido
175	248	236	Solido
64	92	61	Solido
154	223	220	Solido
47	80	79	Solido
56	93	81	Solido
126	171	150	Solido
175	247	243	Solido
111	154	146	Solido
89	117	82	Solido
62	99	90	Solido
161	228	217	Solido
178	246	235	Solido
158	230	217	Solido
175	243	237	Solido
178	251	246	Solido
167	217	200	Solido
40	70	71	Solido
173	240	234	Solido
179	249	237	Solido
80	129	97	Solido
159	222	214	Solido
170	241	235	Solido
103	142	164	Solido
165	239	231	Solido
175	245	236	Solido
23	47	42	Solido
87	113	81	Solido
175	244	240	Solido
175	245	236	Solido
83	109	78	Solido
172	243	236	Solido
179	249	238	Solido
173	243	237	Solido
170	232	239	Solido
154	215	207	Solido
167	236	229	Solido
169	239	235	Solido
165	234	226	Solido
29	46	44	Solido
173	242	233	Solido
102	144	122	Solido
152	219	213	Solido
109	145	128	Solido
141	193	173	Solido
23	36	39	Solido
169	237	229	Solido
167	228	213	Solido
125	171	165	Solido
175	246	232	Solido
171	244	236	Solido
167	241	233	Solido
175	244	236	Solido
168	231	228	Solido
149	217	212	Solido
159	222	213	Solido
169	237	228	Solido
172	242	236	Solido
117	160	152	Solido
19	41	42	Solido
167	232	222	Solido
148	198	179	Solido
74	103	69	Solido
103	137	82	Solido
173	245	240	Solido
181	242	224	Solido
161	225	217	Solido
177	247	241	Solido
142	188	155	Solido
177	248	241	Solido
181	252	248	Solido
163	212	184	Solido
167	232	228	Solido
148	208	203	Solido
160	218	210	Solido
107	141	98	Solido
73	118	105	Solido
160	228	216	Solido
165	234	223	Solido
136	197	182	Solido
15	36	34	Solido
148	212	196	Solido
171	242	236	Solido
161	231	222	Solido
115	158	130	Solido
171	239	233	Solido
51	94	120	Solido
160	227	215	Solido
81	123	99	Solido
174	247	242	Solido
171	236	223	Solido
61	86	69	Solido
40	69	45	Solido
174	243	242	Solido
155	210	206	Solido
126	182	185	Solido
119	163	149	Solido
135	188	159	Solido
173	242	236	Solido
55	76	55	Solido
172	222	183	Solido
170	237	233	Solido
173	239	232	Solido
177	249	241	Solido
43	98	88	Solido
142	176	147	Solido
174	245	241	Solido
67	104	134	Solido
54	96	96	Solido
167	234	231	Solido
163	236	227	Solido
133	169	127	Solido
167	239	230	Solido
167	237	229	Solido
168	235	228	Solido
177	245	237	Solido
85	116	82	Solido
146	193	184	Solido
162	230	218	Solido
160	208	189	Solido
131	205	210	Solido
162	223	209	Solido
175	248	237	Solido
171	240	231	Solido
162	233	212	Solido
182	252	239	Solido
157	205	184	Solido
167	236	231	Solido
177	241	236	Solido
89	135	114	Solido
91	129	92	Solido
13	31	28	Solido
170	239	235	Solido
156	203	177	Solido
175	245	236	Solido
90	125	107	Solido
171	241	217	Solido
167	233	218	Solido
160	221	208	Solido
113	163	119	Solido
96	127	93	Solido
33	70	78	Solido
177	248	241	Solido
155	215	190	Solido
182	254	235	Solido
57	80	62	Solido
163	230	228	Solido
162	217	193	Solido
91	119	71	Solido
172	237	237	Solido
159	232	227	Solido
43	69	42	Solido
86	133	127	Solido
167	236	221	Solido
179	248	239	Solido
161	237	214	Solido
177	247	240	Solido
174	244	237	Solido
148	203	209	Solido
165	226	216	Solido
163	233	223	Solido
172	242	234	Solido
175	246	240	Solido
173	243	235	Solido
97	127	92	Solido
91	136	100	Solido
182	251	242	Solido
163	234	219	Solido
156	222	210	Solido
163	231	219	Solido
81	122	85	Solido
83	111	81	Solido
160	225	220	Solido
165	232	228	Solido
169	238	229	Solido
171	241	225	Solido
143	189	174	Solido
167	239	235	Solido
171	242	237	Solido
177	244	234	Solido
173	247	240	Solido
177	249	241	Solido
76	110	81	Solido
26	51	56	Solido
99	148	131	Solido
112	152	101	Solido
170	241	229	Solido
177	248	244	Solido
176	241	229	Solido
184	254	245	Solido
171	238	234	Solido
159	229	217	Solido
173	241	236	Solido
153	213	192	Solido
164	232	230	Solido
57	92	68	Solido
86	112	87	Solido
94	130	87	Solido
177	247	238	Solido
161	222	216	Solido
167	234	224	Solido
174	245	237	Solido
171	238	233	Solido
177	249	237	Solido
159	215	203	Solido
149	211	198	Solido
147	207	203	Solido
181	249	243	Solido
183	254	245	Solido
169	234	232	Solido
149	204	196	Solido
177	247	243	Solido
175	246	239	Solido
167	233	216	Solido
171	236	232	Solido
171	240	237	Solido
158	221	212	Solido
168	227	217	Solido
176	248	240	Solido
149	192	182	Solido
166	233	222	Solido
129	179	172	Solido
173	239	237	Solido
157	205	188	Solido
110	153	131	Solido
144	218	209	Solido
184	253	249	Solido
176	248	241	Solido
159	228	218	Solido
173	241	234	Solido
65	113	137	Solido
173	246	237	Solido
54	104	91	Solido
169	239	232	Solido
160	226	227	Solido
171	242	231	Solido
171	241	235	Solido
166	219	202	Solido
92	131	100	Solido
127	171	156	Solido
124	170	113	Solido
179	245	237	Solido
161	228	219	Solido
174	243	234	Solido
113	156	123	Solido
176	247	242	Solido
153	206	202	Solido
100	144	106	Solido
167	233	229	Solido
165	235	228	Solido
174	242	238	Solido
137	192	195	Solido
57	105	92	Solido
136	196	188	Solido
174	245	234	Solido
66	98	81	Solido
159	214	208	Solido
168	235	226	Solido
82	109	68	Solido
103	150	131	Solido
179	247	240	Solido
182	249	242	Solido
178	251	243	Solido
128	176	184	Solido
88	122	78	Solido
86	115	79	Solido
166	230	219	Solido
171	238	230	Solido
173	239	226	Solido
173	236	232	Solido
164	235	225	Solido
151	195	172	Solido
174	245	239	Solido
168	237	236	Solido
90	117	86	Solido
91	123	79	Solido
174	240	229	Solido
159	225	215	Solido
165	234	230	Solido
100	148	110	Solido
103	176	147	Solido
45	90	63	Solido
169	240	233	Solido
109	175	162	Solido
93	126	96	Solido
111	139	157	Solido
131	182	167	Solido
173	245	232	Solido
1	8	25	Solido
165	236	226	Solido
172	237	222	Solido
42	93	72	Solido
76	122	107	Solido
161	227	219	Solido
158	212	200	Solido
159	221	208	Solido
164	228	223	Solido
153	207	189	Solido
74	105	73	Solido
175	246	233	Solido
166	233	193	Solido
182	251	247	Solido
100	144	112	Solido
170	239	235	Solido
133	212	188	Solido
156	221	199	Solido
69	113	93	Solido
170	243	236	Solido
167	236	223	Solido
166	232	219	Solido
171	235	229	Solido
183	254	249	Solido
153	205	197	Solido
95	133	120	Solido
168	236	227	Solido
173	239	237	Solido
21	39	33	Solido
168	237	225	Solido
21	57	58	Solido
173	244	240	Solido
166	232	224	Solido
175	231	219	Solido
180	249	236	Solido
169	236	224	Solido
110	140	101	Solido
169	222	215	Solido
170	244	238	Solido
84	125	109	Solido
163	235	223	Solido
180	250	244	Solido
166	236	238	Solido
163	232	198	Solido
165	230	220	Solido
88	121	84	Solido
174	244	236	Solido
46	78	123	Solido
178	248	244	Solido
148	208	195	Solido
169	239	237	Solido
151	211	213	Solido
155	219	212	Solido
141	200	188	Solido
130	173	169	Solido
163	232	221	Solido
173	244	235	Solido
146	216	203	Solido
163	234	208	Solido
168	236	231	Solido
179	252	245	Solido
155	217	204	Solido
47	69	56	Solido
142	186	173	Solido
175	246	240	Solido
182	252	245	Solido
177	247	238	Solido
175	248	239	Solido
171	222	189	Solido
169	240	230	Solido
79	112	84	Solido
143	203	187	Solido
6	27	24	Solido
181	254	245	Solido
167	237	228	Solido
43	85	60	Solido
175	248	239	Solido
147	210	205	Solido
172	245	237	Solido
167	236	228	Solido
175	245	240	Solido
183	254	248	Solido
73	119	101	Solido
174	241	233	Solido
11	23	32	Solido
161	227	214	Solido
36	72	71	Solido
174	239	233	Solido
36	69	50	Solido
75	116	110	Solido
168	231	225	Solido
172	238	236	Solido
170	239	232	Solido
168	239	232	Solido
169	241	235	Solido
155	218	199	Solido
177	242	240	Solido
155	221	205	Solido
179	250	245	Solido
177	246	240	Solido
181	252	243	Solido
167	233	218	Solido
133	179	181	Solido
177	250	238	Solido
167	239	228	Solido
172	241	229	Solido
96	124	87	Solido
141	202	200	Solido
175	239	235	Solido
62	96	96	Solido
67	113	99	Solido
173	244	238	Solido
171	239	226	Solido
174	244	236	Solido
122	172	160	Solido
127	180	169	Solido
182	252	245	Solido
58	93	95	Solido
80	109	83	Solido
163	231	221	Solido
148	202	201	Solido
172	235	234	Solido
37	56	51	Solido
72	105	81	Solido
183	249	245	Solido
169	226	211	Solido
87	114	84	Solido
181	252	244	Solido
174	239	223	Solido
44	103	95	Solido
27	56	63	Solido
165	238	225	Solido
180	250	245	Solido
173	244	238	Solido
167	235	222	Solido
171	240	237	Solido
86	119	85	Solido
50	95	72	Solido
173	243	237	Solido
73	105	72	Solido
124	183	184	Solido
52	81	67	Solido
150	221	218	Solido
112	157	131	Solido
176	251	243	Solido
174	242	239	Solido
51	98	85	Solido
172	240	231	Solido
167	233	228	Solido
172	240	235	Solido
157	220	215	Solido
158	229	217	Solido
102	149	128	Solido
134	184	161	Solido
175	246	240	Solido
111	158	130	Solido
168	243	229	Solido
177	251	246	Solido
174	245	241	Solido
168	237	230	Solido
92	135	107	Solido
161	228	217	Solido
74	106	68	Solido
175	244	239	Solido
172	241	234	Solido
171	242	235	Solido
166	233	225	Solido
177	249	240	Solido
174	246	240	Solido
178	250	243	Solido
161	228	214	Solido
175	246	236	Solido
82	116	111	Solido
179	243	213	Solido
107	155	126	Solido
164	233	229	Solido
152	212	214	Solido
114	156	138	Solido
171	244	238	Solido
34	53	46	Solido
151	203	185	Solido
135	206	181	Solido
157	226	216	Solido
61	87	61	Solido
167	238	221	Solido
65	100	76	Solido
173	246	232	Solido
113	153	104	Solido
175	246	239	Solido
172	242	233	Solido
174	243	237	Solido
175	247	243	Solido
175	245	239	Solido
175	245	236	Solido
185	254	248	Solido
163	230	219	Solido
158	222	219	Solido
161	218	194	Solido
30	69	55	Solido
144	214	194	Solido
79	118	129	Solido
86	113	87	Solido
176	238	233	Solido
28	60	62	Solido
172	242	229	Solido
43	82	66	Solido
161	228	219	Solido
177	244	237	Solido
81	105	67	Solido
171	237	232	Solido
158	223	218	Solido
156	222	216	Solido
176	240	220	Solido
176	243	235	Solido
163	210	190	Solido
132	181	169	Solido
183	252	244	Solido
145	219	211	Solido
180	244	239	Solido
175	245	237	Solido
182	254	243	Solido
175	246	238	Solido
151	218	211	Solido
119	162	132	Solido
146	193	173	Solido
175	241	233	Solido
168	235	233	Solido
169	235	234	Solido
62	101	94	Solido
151	217	191	Solido
178	247	238	Solido
61	79	69	Solido
174	239	219	Solido
181	249	236	Solido
167	224	204	Solido
163	227	219	Solido
156	227	207	Solido
165	237	230	Solido
84	117	65	Solido
119	163	129	Solido
175	247	239	Solido
168	232	220	Solido
126	181	189	Solido
28	73	72	Solido
173	240	232	Solido
84	116	89	Solido
169	238	229	Solido
169	237	228	Solido
170	237	230	Solido
180	246	226	Solido
167	237	230	Solido
89	138	125	Solido
76	120	105	Solido
174	244	237	Solido
99	147	112	Solido
164	230	223	Solido
158	220	222	Solido
82	109	79	Solido
173	244	234	Solido
175	241	237	Solido
62	103	88	Solido
169	239	228	Solido
138	184	182	Solido
175	235	201	Solido
180	246	238	Solido
173	246	236	Solido
185	254	249	Solido
115	162	172	Solido
112	147	94	Solido
165	235	226	Solido
176	247	238	Solido
180	250	248	Solido
34	61	44	Solido
171	242	232	Solido
173	243	236	Solido
163	225	214	Solido
174	242	238	Solido
173	247	236	Solido
172	242	239	Solido
172	244	238	Solido
169	238	231	Solido
124	166	151	Solido
171	241	230	Solido
118	155	123	Solido
151	200	175	Solido
74	117	106	Solido
181	254	248	Solido
176	248	235	Solido
159	229	215	Solido
171	237	228	Solido
158	224	217	Solido
170	235	231	Solido
178	251	234	Solido
171	240	233	Solido
74	111	95	Solido
80	117	96	Solido
163	231	187	Solido
175	243	236	Solido
169	239	235	Solido
84	115	83	Solido
131	191	196	Solido
138	199	199	Solido
70	107	125	Solido
145	184	163	Solido
96	167	150	Solido
172	240	235	Solido
148	208	171	Solido
178	235	223	Solido
174	244	240	Solido
114	159	106	Solido
173	241	234	Solido
156	217	204	Solido
170	238	230	Solido
177	248	243	Solido
71	100	89	Solido
169	240	232	Solido
179	252	241	Solido
145	189	172	Solido
169	236	228	Solido
75	106	72	Solido
159	221	210	Solido
35	74	51	Solido
171	242	234	Solido
99	127	90	Solido
171	236	234	Solido
177	247	236	Solido
91	128	89	Solido
154	208	189	Solido
171	245	226	Solido
172	242	238	Solido
157	228	225	Solido
170	238	231	Solido
90	129	85	Solido
169	238	233	Solido
167	234	223	Solido
62	104	126	Solido
106	152	123	Solido
162	226	216	Solido
173	245	234	Solido
168	235	229	Solido
176	245	230	Solido
175	241	221	Solido
167	238	229	Solido
173	239	229	Solido
161	212	202	Solido
171	238	232	Solido
171	240	229	Solido
156	213	171	Solido
158	226	215	Solido
173	243	239	Solido
77	113	74	Solido
141	196	188	Solido
173	244	230	Solido
167	229	225	Solido
167	238	227	Solido
176	242	231	Solido
174	240	235	Solido
70	108	99	Solido
55	86	85	Solido
175	242	240	Solido
171	238	229	Solido
128	183	155	Solido
141	184	171	Solido
110	147	101	Solido
149	217	211	Solido
171	240	237	Solido
172	239	234	Solido
126	185	180	Solido
175	240	233	Solido
185	254	243	Solido
173	245	238	Solido
96	123	80	Solido
131	171	145	Solido
54	75	58	Solido
132	172	165	Solido
171	238	231	Solido
179	243	235	Solido
168	239	230	Solido
181	239	228	Solido
72	107	77	Solido
75	99	69	Solido
149	217	205	Solido
177	246	239	Solido
169	242	237	Solido
93	122	69	Solido
145	204	198	Solido
167	240	236	Solido
171	240	233	Solido
69	109	108	Solido
169	238	228	Solido
175	246	237	Solido
133	182	185	Solido
174	244	237	Solido
169	238	233	Solido
166	236	230	Solido
166	235	224	Solido
168	236	228	Solido
110	156	133	Solido
112	164	178	Solido
180	242	224	Solido
115	158	131	Solido
179	249	242	Solido
46	80	81	Solido
160	227	220	Solido
133	196	196	Solido
180	249	242	Solido
169	239	231	Solido
168	241	231	Solido
131	194	185	Solido
171	240	236	Solido
47	86	68	Solido
176	244	239	Solido
155	226	222	Solido
173	244	238	Solido
146	204	198	Solido
41	65	48	Solido
177	247	246	Solido
91	117	84	Solido
185	254	245	Solido
169	238	233	Solido
123	169	136	Solido
93	126	110	Solido
171	241	237	Solido
149	195	185	Solido
172	243	231	Solido
171	237	234	Solido
163	226	213	Solido
87	121	79	Solido
162	230	217	Solido
100	155	171	Solido
164	238	228	Solido
154	206	198	Solido
106	145	153	Solido
177	250	242	Solido
160	234	220	Solido
171	240	232	Solido
167	238	234	Solido
166	235	237	Solido
168	239	233	Solido
87	134	131	Solido
118	168	142	Solido
85	121	92	Solido
170	237	233	Solido
181	252	244	Solido
165	216	185	Solido
51	87	73	Solido
166	229	220	Solido
112	135	117	Solido
102	143	129	Solido
180	252	242	Solido
173	246	236	Solido
172	242	237	Solido
169	239	232	Solido
56	93	86	Solido
89	119	84	Solido
176	230	228	Solido
162	229	224	Solido
167	235	224	Solido
167	236	225	Solido
33	62	53	Solido
182	252	246	Solido
155	223	220	Solido
128	179	156	Solido
165	233	228	Solido
86	132	179	Solido
168	236	229	Solido
168	237	231	Solido
181	254	246	Solido
177	246	239	Solido
176	248	243	Solido
42	71	43	Solido
103	147	114	Solido
183	252	242	Solido
160	211	158	Solido
171	241	236	Solido
157	225	206	Solido
169	237	231	Solido
173	243	234	Solido
114	162	132	Solido
53	104	78	Solido
170	234	226	Solido
159	222	211	Solido
163	216	198	Solido
54	79	69	Solido
74	106	85	Solido
58	80	60	Solido
169	235	222	Solido
159	224	220	Solido
174	240	236	Solido
155	207	192	Solido
173	221	191	Solido
161	226	214	Solido
120	157	136	Solido
171	231	217	Solido
169	238	232	Solido
175	249	237	Solido
176	247	241	Solido
175	243	238	Solido
141	186	196	Solido
175	243	232	Solido
65	108	102	Solido
168	233	222	Solido
45	77	61	Solido
133	180	180	Solido
60	81	60	Solido
124	169	154	Solido
178	247	243	Solido
49	75	60	Solido
175	245	235	Solido
164	218	206	Solido
161	228	226	Solido
169	239	230	Solido
156	226	207	Solido
154	197	176	Solido
171	241	232	Solido
115	158	151	Solido
168	236	227	Solido
153	209	203	Solido
157	223	213	Solido
168	215	190	Solido
156	218	207	Solido
171	236	231	Solido
167	231	217	Solido
141	199	200	Solido
165	228	216	Solido
181	254	245	Solido
159	225	216	Solido
165	235	232	Solido
165	234	235	Solido
115	165	141	Solido
153	222	218	Solido
162	230	220	Solido
173	246	241	Solido
167	235	229	Solido
105	145	111	Solido
42	75	92	Solido
174	246	238	Solido
130	173	152	Solido
74	103	67	Solido
106	141	86	Solido
157	231	221	Solido
174	242	241	Solido
166	234	229	Solido
95	131	107	Solido
175	246	242	Solido
173	242	233	Solido
146	199	185	Solido
16	26	34	Solido
173	245	236	Solido
180	242	234	Solido
76	107	70	Solido
171	239	233	Solido
170	238	233	Solido
174	244	233	Solido
128	171	138	Solido
178	249	240	Solido
172	226	198	Solido
154	221	205	Solido
71	101	73	Solido
159	219	215	Solido
164	234	232	Solido
161	226	214	Solido
173	245	239	Solido
170	239	232	Solido
165	232	229	Solido
171	243	237	Solido
173	241	234	Solido
97	143	162	Solido
79	108	90	Solido
171	239	218	Solido
96	127	77	Solido
49	94	68	Solido
168	236	231	Solido
171	241	227	Solido
170	241	235	Solido
153	222	221	Solido
134	206	195	Solido
157	227	205	Solido
171	240	234	Solido
186	254	244	Solido
86	110	73	Solido
161	228	215	Solido
146	196	196	Solido
84	116	83	Solido
171	238	229	Solido
85	113	85	Solido
161	232	222	Solido
169	237	232	Solido
168	236	232	Solido
102	134	84	Solido
178	251	234	Solido
163	226	220	Solido
61	108	95	Solido
159	209	174	Solido
12	41	49	Solido
87	126	107	Solido
175	246	238	Solido
168	223	198	Solido
177	247	242	Solido
174	246	233	Solido
83	107	77	Solido
148	200	190	Solido
168	237	234	Solido
167	229	227	Solido
175	246	242	Solido
169	240	232	Solido
171	242	233	Solido
171	242	236	Solido
92	136	108	Solido
182	254	240	Solido
151	205	205	Solido
153	224	205	Solido
142	192	170	Solido
90	124	87	Solido
169	229	217	Solido
164	229	223	Solido
154	216	202	Solido
119	181	181	Solido
172	244	229	Solido
114	153	147	Solido
156	208	187	Solido
165	232	226	Solido
175	231	195	Solido
166	238	232	Solido
167	230	211	Solido
167	219	207	Solido
173	243	240	Solido
163	213	197	Solido
173	244	238	Solido
61	88	62	Solido
87	115	87	Solido
145	221	202	Solido
169	236	229	Solido
171	238	236	Solido
161	233	217	Solido
85	114	81	Solido
169	238	227	Solido
178	249	236	Solido
173	241	235	Solido
84	115	84	Solido
46	78	58	Solido
167	228	224	Solido
43	89	80	Solido
19	58	62	Solido
108	151	125	Solido
173	246	235	Solido
156	223	205	Solido
174	245	240	Solido
68	96	76	Solido
92	148	169	Solido
151	218	184	Solido
147	207	204	Solido
123	167	158	Solido
115	162	149	Solido
181	249	246	Solido
164	233	233	Solido
173	244	236	Solido
125	179	180	Solido
165	234	222	Solido
161	230	215	Solido
165	236	225	Solido
169	240	224	Solido
177	247	240	Solido
83	107	78	Solido
52	90	75	Solido
51	87	82	Solido
153	202	188	Solido
56	97	89	Solido
172	243	231	Solido
179	253	242	Solido
181	252	243	Solido
165	232	220	Solido
171	243	233	Solido
169	239	232	Solido
62	94	79	Solido
173	245	239	Solido
104	137	101	Solido
166	232	221	Solido
179	249	240	Solido
145	192	171	Solido
164	225	212	Solido
163	236	232	Solido
35	71	50	Solido
8	15	32	Solido
110	154	127	Solido
147	204	198	Solido
33	87	81	Solido
174	247	238	Solido
173	242	240	Solido
173	241	235	Solido
13	33	41	Solido
175	248	243	Solido
182	246	244	Solido
123	166	135	Solido
