40	121	133	Poro
43	120	124	Poro
51	115	137	Poro
21	66	79	Poro
98	174	179	Poro
16	31	45	Poro
56	135	151	Poro
41	134	157	Poro
57	123	135	Poro
28	76	101	Poro
66	157	174	Poro
32	103	130	Poro
13	32	48	Poro
14	83	128	Poro
79	167	188	Poro
18	72	94	Poro
24	96	116	Poro
23	54	48	Poro
27	101	134	Poro
33	89	105	Poro
22	57	65	Poro
62	158	169	Poro
38	118	147	Poro
61	144	162	Poro
9	67	81	Poro
40	123	145	Poro
24	89	116	Poro
37	125	152	Poro
23	105	131	Poro
44	128	159	Poro
27	78	112	Poro
21	72	94	Poro
10	58	73	Poro
91	174	189	Poro
64	135	143	Poro
100	147	149	Poro
48	144	187	Poro
18	93	129	Poro
35	98	110	Poro
24	94	100	Poro
24	74	98	Poro
31	74	93	Poro
31	104	135	Poro
12	55	83	Poro
44	116	129	Poro
58	109	133	Poro
34	99	118	Poro
19	85	125	Poro
66	151	171	Poro
17	83	129	Poro
23	86	100	Poro
14	29	35	Poro
70	154	160	Poro
51	137	134	Poro
10	56	73	Poro
41	139	185	Poro
49	111	131	Poro
43	111	103	Poro
17	103	140	Poro
29	76	79	Poro
23	100	133	Poro
68	164	196	Poro
33	81	87	Poro
12	51	74	Poro
79	139	143	Poro
26	82	90	Poro
41	109	146	Poro
26	71	99	Poro
22	94	127	Poro
39	107	126	Poro
49	146	181	Poro
75	163	188	Poro
24	82	101	Poro
32	116	149	Poro
39	116	122	Poro
29	99	119	Poro
26	120	181	Poro
26	99	137	Poro
47	135	146	Poro
28	90	120	Poro
33	110	141	Poro
27	75	91	Poro
17	82	93	Poro
89	163	174	Poro
45	132	174	Poro
29	87	104	Poro
31	87	106	Poro
22	101	117	Poro
90	147	146	Poro
68	172	205	Poro
29	59	64	Poro
34	117	148	Poro
98	161	153	Poro
27	80	99	Poro
13	71	90	Poro
56	108	104	Poro
36	119	123	Poro
69	151	166	Poro
5	40	64	Poro
142	199	184	Poro
41	98	89	Poro
38	123	152	Poro
44	91	90	Poro
33	88	107	Poro
17	87	142	Poro
56	133	149	Poro
46	136	191	Poro
65	153	162	Poro
15	60	88	Poro
54	114	122	Poro
56	123	123	Poro
32	92	112	Poro
42	132	161	Poro
34	104	117	Poro
76	155	156	Poro
20	82	124	Poro
23	118	143	Poro
44	113	125	Poro
39	131	169	Poro
16	83	107	Poro
15	68	82	Poro
40	105	107	Poro
85	180	202	Poro
32	119	153	Poro
43	126	151	Poro
32	104	137	Poro
41	127	138	Poro
98	177	175	Poro
36	85	86	Poro
25	74	93	Poro
73	148	152	Poro
8	41	57	Poro
87	179	193	Poro
82	178	197	Poro
52	104	104	Poro
49	135	146	Poro
71	145	158	Poro
54	137	153	Poro
49	122	144	Poro
35	108	132	Poro
13	33	48	Poro
97	176	177	Poro
49	103	101	Poro
17	70	93	Poro
102	197	208	Poro
79	144	133	Poro
33	100	145	Poro
6	73	97	Poro
25	85	115	Poro
49	126	145	Poro
40	119	129	Poro
21	101	141	Poro
31	104	145	Poro
28	85	107	Poro
25	81	95	Poro
79	147	162	Poro
35	121	152	Poro
11	37	44	Poro
78	146	142	Poro
40	93	116	Poro
61	105	75	Poro
22	60	77	Poro
26	98	136	Poro
46	128	190	Poro
55	103	110	Poro
31	119	136	Poro
51	131	139	Poro
26	77	103	Poro
27	72	83	Poro
54	132	136	Poro
21	110	175	Poro
35	56	58	Poro
45	121	131	Poro
40	123	159	Poro
48	101	104	Poro
73	147	159	Poro
63	144	160	Poro
32	97	130	Poro
7	74	110	Poro
26	60	65	Poro
41	97	109	Poro
2	37	51	Poro
79	126	131	Poro
24	108	139	Poro
36	105	124	Poro
55	148	171	Poro
40	116	143	Poro
33	95	121	Poro
16	85	119	Poro
24	62	59	Poro
73	144	142	Poro
26	118	178	Poro
50	140	193	Poro
29	104	124	Poro
37	117	137	Poro
11	49	69	Poro
41	100	125	Poro
36	121	155	Poro
34	101	110	Poro
41	94	115	Poro
17	95	150	Poro
35	102	114	Poro
41	133	173	Poro
24	81	98	Poro
34	102	131	Poro
34	91	118	Poro
26	111	157	Poro
31	105	129	Poro
63	146	163	Poro
24	91	99	Poro
57	107	97	Poro
16	69	88	Poro
93	163	169	Poro
31	95	108	Poro
23	80	102	Poro
19	102	140	Poro
39	105	108	Poro
55	123	130	Poro
40	129	137	Poro
80	152	161	Poro
8	39	62	Poro
28	104	129	Poro
21	95	112	Poro
24	107	154	Poro
163	235	214	Poro
55	125	142	Poro
81	178	199	Poro
20	96	129	Poro
21	106	171	Poro
39	108	95	Poro
34	124	155	Poro
45	122	147	Poro
158	225	202	Poro
30	115	145	Poro
41	119	162	Poro
29	74	81	Poro
73	139	141	Poro
20	87	137	Poro
23	113	165	Poro
36	112	137	Poro
22	61	82	Poro
25	115	138	Poro
58	123	137	Poro
36	121	156	Poro
44	119	135	Poro
52	137	147	Poro
25	109	140	Poro
28	56	52	Poro
44	114	156	Poro
35	100	110	Poro
44	126	156	Poro
23	84	127	Poro
81	166	193	Poro
27	117	164	Poro
32	106	141	Poro
47	131	139	Poro
14	47	64	Poro
31	61	62	Poro
66	152	179	Poro
13	50	68	Poro
29	105	133	Poro
22	87	115	Poro
62	144	154	Poro
82	148	152	Poro
33	115	136	Poro
45	124	141	Poro
72	140	127	Poro
39	111	121	Poro
29	109	154	Poro
27	112	156	Poro
18	51	58	Poro
15	80	87	Poro
37	111	125	Poro
22	95	137	Poro
24	98	130	Poro
37	97	101	Poro
57	161	199	Poro
31	122	167	Poro
38	122	124	Poro
42	107	130	Poro
16	77	99	Poro
99	185	199	Poro
43	107	154	Poro
67	161	187	Poro
6	40	77	Poro
46	112	139	Poro
102	195	204	Poro
82	168	189	Poro
32	72	65	Poro
20	62	72	Poro
34	124	152	Poro
31	102	109	Poro
23	83	108	Poro
34	122	152	Poro
28	103	129	Poro
55	141	177	Poro
77	170	177	Poro
23	81	99	Poro
19	70	102	Poro
14	73	86	Poro
52	140	168	Poro
45	133	153	Poro
43	136	161	Poro
88	147	152	Poro
49	121	142	Poro
82	162	185	Poro
31	97	125	Poro
83	167	188	Poro
73	151	159	Poro
31	97	117	Poro
59	101	119	Poro
17	63	91	Poro
102	183	192	Poro
92	166	172	Poro
86	171	173	Poro
23	87	119	Poro
70	162	194	Poro
38	102	104	Poro
10	80	104	Poro
52	135	150	Poro
38	119	121	Poro
45	116	123	Poro
56	109	120	Poro
31	119	134	Poro
1	53	80	Poro
22	72	110	Poro
97	194	209	Poro
50	128	138	Poro
64	137	154	Poro
41	96	122	Poro
14	85	124	Poro
33	99	134	Poro
28	88	125	Poro
49	137	153	Poro
19	67	93	Poro
24	77	92	Poro
14	69	95	Poro
31	111	145	Poro
53	144	163	Poro
80	153	167	Poro
20	83	78	Poro
31	108	127	Poro
25	108	135	Poro
23	99	138	Poro
44	101	122	Poro
26	81	102	Poro
42	93	101	Poro
33	104	98	Poro
37	103	110	Poro
9	36	55	Poro
39	128	157	Poro
37	115	120	Poro
86	169	187	Poro
14	43	66	Poro
60	133	140	Poro
24	78	90	Poro
39	113	109	Poro
7	41	55	Poro
90	190	205	Poro
43	102	101	Poro
30	78	91	Poro
49	118	129	Poro
30	107	143	Poro
95	185	195	Poro
20	63	77	Poro
84	163	185	Poro
89	157	138	Poro
44	117	139	Poro
28	117	143	Poro
97	180	201	Poro
38	112	123	Poro
19	80	92	Poro
37	116	142	Poro
24	82	127	Poro
46	119	133	Poro
51	135	182	Poro
31	101	117	Poro
20	49	52	Poro
27	88	93	Poro
22	46	52	Poro
18	60	94	Poro
48	120	130	Poro
28	103	137	Poro
21	88	119	Poro
69	137	149	Poro
40	82	107	Poro
62	132	145	Poro
58	103	104	Poro
38	86	87	Poro
5	54	72	Poro
34	112	141	Poro
24	120	155	Poro
61	167	202	Poro
40	101	96	Poro
33	90	114	Poro
18	89	133	Poro
42	119	153	Poro
29	86	103	Poro
18	85	104	Poro
105	176	167	Poro
64	158	196	Poro
41	131	150	Poro
47	106	112	Poro
22	105	141	Poro
21	94	143	Poro
26	87	105	Poro
29	63	67	Poro
9	55	69	Poro
8	42	83	Poro
104	187	187	Poro
46	128	168	Poro
50	136	159	Poro
36	93	101	Poro
50	101	118	Poro
63	155	187	Poro
31	73	80	Poro
21	76	85	Poro
17	88	123	Poro
18	42	53	Poro
9	40	61	Poro
50	142	169	Poro
21	76	109	Poro
54	109	107	Poro
50	133	143	Poro
23	86	125	Poro
28	106	134	Poro
24	75	93	Poro
30	82	102	Poro
72	164	178	Poro
33	120	143	Poro
71	138	126	Poro
42	130	145	Poro
48	102	100	Poro
26	94	137	Poro
68	138	131	Poro
21	109	138	Poro
46	141	159	Poro
124	198	188	Poro
44	102	130	Poro
32	94	98	Poro
27	115	168	Poro
68	158	182	Poro
93	147	147	Poro
105	177	180	Poro
35	85	99	Poro
33	107	123	Poro
47	132	151	Poro
81	135	100	Poro
21	97	124	Poro
49	137	163	Poro
17	78	104	Poro
16	101	157	Poro
74	166	190	Poro
37	85	115	Poro
71	165	170	Poro
45	98	127	Poro
44	117	138	Poro
32	106	129	Poro
32	97	112	Poro
18	30	42	Poro
32	113	142	Poro
52	130	149	Poro
8	45	74	Poro
35	112	120	Poro
24	104	141	Poro
20	97	143	Poro
82	169	178	Poro
18	75	97	Poro
48	116	146	Poro
89	161	168	Poro
45	140	166	Poro
30	66	71	Poro
53	142	164	Poro
74	173	186	Poro
26	99	132	Poro
85	164	162	Poro
101	170	175	Poro
57	138	153	Poro
39	86	99	Poro
25	84	101	Poro
28	85	99	Poro
65	153	174	Poro
23	107	142	Poro
39	114	126	Poro
53	123	144	Poro
55	151	175	Poro
35	120	150	Poro
20	91	145	Poro
13	49	60	Poro
29	108	154	Poro
5	54	71	Poro
1	41	68	Poro
22	110	152	Poro
4	29	61	Poro
19	61	68	Poro
29	102	111	Poro
41	127	160	Poro
25	61	65	Poro
22	85	116	Poro
51	142	163	Poro
38	116	146	Poro
24	96	109	Poro
20	94	110	Poro
45	115	119	Poro
42	126	140	Poro
40	98	108	Poro
48	123	135	Poro
38	77	80	Poro
26	119	181	Poro
95	179	190	Poro
57	149	189	Poro
13	81	110	Poro
18	79	104	Poro
55	120	117	Poro
26	118	178	Poro
72	146	160	Poro
16	31	40	Poro
60	117	118	Poro
28	89	110	Poro
31	77	82	Poro
27	83	120	Poro
57	119	113	Poro
41	114	109	Poro
90	136	103	Poro
42	129	156	Poro
28	97	97	Poro
40	133	157	Poro
36	102	104	Poro
75	160	162	Poro
81	155	162	Poro
63	136	148	Poro
33	102	107	Poro
68	156	192	Poro
48	137	150	Poro
18	76	92	Poro
34	77	98	Poro
13	55	70	Poro
16	95	139	Poro
66	153	176	Poro
37	99	100	Poro
51	110	109	Poro
31	106	134	Poro
58	120	135	Poro
24	58	77	Poro
75	161	175	Poro
38	115	134	Poro
45	88	95	Poro
24	119	147	Poro
21	96	136	Poro
21	62	58	Poro
34	106	125	Poro
27	87	91	Poro
48	143	175	Poro
26	105	142	Poro
24	60	76	Poro
41	83	106	Poro
100	183	186	Poro
16	81	99	Poro
90	163	185	Poro
57	152	183	Poro
16	77	83	Poro
29	106	116	Poro
75	123	101	Poro
48	115	127	Poro
26	52	62	Poro
13	48	55	Poro
35	113	154	Poro
9	45	77	Poro
32	102	113	Poro
84	177	192	Poro
22	93	125	Poro
21	97	127	Poro
29	103	129	Poro
45	106	123	Poro
84	133	130	Poro
33	85	88	Poro
43	127	137	Poro
110	187	187	Poro
98	146	142	Poro
39	79	105	Poro
119	189	191	Poro
33	107	146	Poro
23	80	109	Poro
11	26	32	Poro
44	114	124	Poro
33	111	152	Poro
33	115	147	Poro
7	65	77	Poro
64	153	177	Poro
57	128	143	Poro
31	80	82	Poro
90	187	209	Poro
58	126	138	Poro
23	65	77	Poro
43	106	121	Poro
63	125	127	Poro
39	117	133	Poro
94	167	171	Poro
94	175	191	Poro
17	81	123	Poro
59	129	141	Poro
19	99	129	Poro
12	47	63	Poro
29	108	129	Poro
83	124	134	Poro
67	157	179	Poro
19	71	100	Poro
26	71	81	Poro
78	155	167	Poro
63	139	145	Poro
20	95	125	Poro
35	92	120	Poro
90	184	203	Poro
43	111	128	Poro
27	69	76	Poro
20	100	121	Poro
24	90	129	Poro
33	79	84	Poro
22	48	57	Poro
47	117	125	Poro
21	82	99	Poro
43	107	117	Poro
27	84	98	Poro
54	147	189	Poro
24	90	111	Poro
13	51	72	Poro
36	86	132	Poro
59	152	168	Poro
33	68	74	Poro
26	88	104	Poro
22	96	117	Poro
55	149	197	Poro
25	82	95	Poro
50	134	154	Poro
58	150	175	Poro
33	84	81	Poro
58	149	177	Poro
34	98	119	Poro
47	130	154	Poro
22	113	167	Poro
29	113	137	Poro
25	75	85	Poro
70	162	181	Poro
1	21	61	Poro
38	104	105	Poro
37	84	101	Poro
40	126	155	Poro
26	100	134	Poro
19	62	93	Poro
43	138	187	Poro
32	79	84	Poro
60	114	118	Poro
117	181	168	Poro
18	79	105	Poro
89	169	181	Poro
29	117	162	Poro
23	111	128	Poro
38	125	161	Poro
41	83	77	Poro
58	109	100	Poro
83	137	140	Poro
39	128	150	Poro
58	144	158	Poro
38	110	125	Poro
29	63	82	Poro
35	102	123	Poro
23	106	139	Poro
33	114	144	Poro
22	69	86	Poro
36	111	135	Poro
50	108	102	Poro
34	117	133	Poro
43	115	137	Poro
45	108	147	Poro
29	77	99	Poro
39	90	99	Poro
18	89	136	Poro
15	29	40	Poro
45	119	145	Poro
33	74	52	Poro
56	165	204	Poro
93	188	207	Poro
40	108	125	Poro
27	96	120	Poro
21	76	95	Poro
58	153	196	Poro
44	138	176	Poro
82	144	148	Poro
57	147	199	Poro
33	74	81	Poro
33	108	139	Poro
16	85	96	Poro
25	99	120	Poro
26	81	110	Poro
55	116	130	Poro
64	153	179	Poro
100	169	147	Poro
54	135	141	Poro
100	175	188	Poro
42	94	85	Poro
42	124	153	Poro
37	127	167	Poro
59	145	188	Poro
54	99	92	Poro
12	63	76	Poro
78	155	158	Poro
17	83	141	Poro
54	132	151	Poro
54	145	164	Poro
73	130	119	Poro
13	55	70	Poro
56	126	142	Poro
60	133	144	Poro
34	110	126	Poro
28	109	128	Poro
49	138	165	Poro
93	163	180	Poro
41	113	115	Poro
42	106	124	Poro
49	124	140	Poro
39	123	137	Poro
57	101	82	Poro
83	166	190	Poro
28	78	98	Poro
85	150	149	Poro
38	106	126	Poro
14	66	76	Poro
29	77	99	Poro
57	119	147	Poro
71	146	156	Poro
20	64	77	Poro
80	152	166	Poro
12	51	67	Poro
136	193	176	Poro
15	73	98	Poro
23	97	136	Poro
37	112	167	Poro
44	118	135	Poro
48	138	160	Poro
67	112	99	Poro
54	117	119	Poro
46	109	106	Poro
78	128	131	Poro
25	107	148	Poro
26	107	139	Poro
17	84	116	Poro
32	92	117	Poro
27	101	140	Poro
51	139	167	Poro
31	118	158	Poro
71	143	149	Poro
96	178	196	Poro
33	104	133	Poro
10	45	62	Poro
74	165	170	Poro
16	52	61	Poro
24	102	128	Poro
61	139	152	Poro
44	117	130	Poro
39	125	155	Poro
14	61	87	Poro
19	50	49	Poro
23	95	133	Poro
65	127	128	Poro
7	34	46	Poro
26	70	81	Poro
45	100	125	Poro
51	104	134	Poro
24	88	121	Poro
28	95	123	Poro
13	54	76	Poro
31	79	115	Poro
35	123	141	Poro
22	78	95	Poro
39	109	122	Poro
36	116	151	Poro
22	70	75	Poro
35	89	103	Poro
25	85	121	Poro
61	118	120	Poro
8	36	51	Poro
153	226	198	Poro
22	84	83	Poro
84	184	200	Poro
35	103	113	Poro
17	89	137	Poro
3	41	54	Poro
37	124	164	Poro
32	85	107	Poro
24	92	132	Poro
19	92	121	Poro
18	55	61	Poro
92	170	189	Poro
41	116	131	Poro
26	114	150	Poro
15	84	105	Poro
55	125	122	Poro
42	130	160	Poro
4	28	49	Poro
57	151	181	Poro
43	129	133	Poro
60	148	155	Poro
37	113	119	Poro
30	108	146	Poro
23	68	75	Poro
31	114	134	Poro
31	120	162	Poro
68	149	173	Poro
52	98	86	Poro
36	108	156	Poro
29	120	161	Poro
31	85	99	Poro
70	139	143	Poro
22	83	100	Poro
42	116	147	Poro
40	121	130	Poro
38	85	92	Poro
27	120	176	Poro
19	54	61	Poro
59	167	203	Poro
68	137	142	Poro
24	87	123	Poro
49	131	163	Poro
36	89	93	Poro
18	71	82	Poro
35	96	106	Poro
45	96	93	Poro
53	137	154	Poro
50	119	132	Poro
86	163	186	Poro
14	73	72	Poro
18	67	85	Poro
21	63	76	Poro
35	88	115	Poro
75	171	201	Poro
18	68	93	Poro
90	164	173	Poro
53	123	122	Poro
32	89	88	Poro
99	176	196	Poro
81	153	160	Poro
37	86	97	Poro
33	111	124	Poro
93	185	198	Poro
86	154	168	Poro
48	103	101	Poro
32	94	110	Poro
38	135	169	Poro
42	135	164	Poro
26	107	130	Poro
115	196	198	Poro
51	129	147	Poro
39	128	149	Poro
19	66	85	Poro
31	107	133	Poro
44	124	150	Poro
13	52	65	Poro
81	167	198	Poro
61	118	127	Poro
39	95	96	Poro
32	75	115	Poro
30	91	122	Poro
65	147	163	Poro
40	97	108	Poro
3	44	60	Poro
27	113	169	Poro
91	157	149	Poro
23	111	141	Poro
10	54	81	Poro
19	88	109	Poro
27	89	96	Poro
67	123	139	Poro
26	81	115	Poro
10	49	65	Poro
37	104	105	Poro
26	101	121	Poro
38	80	107	Poro
28	111	153	Poro
65	131	149	Poro
32	118	157	Poro
3	30	53	Poro
35	129	161	Poro
40	122	151	Poro
76	170	189	Poro
34	87	94	Poro
31	114	171	Poro
23	69	91	Poro
78	165	185	Poro
38	137	181	Poro
24	69	96	Poro
36	119	129	Poro
34	86	87	Poro
23	84	105	Poro
31	117	162	Poro
64	146	161	Poro
32	84	94	Poro
73	160	182	Poro
39	133	157	Poro
15	68	90	Poro
81	151	161	Poro
18	92	113	Poro
25	63	85	Poro
20	48	63	Poro
51	118	122	Poro
79	144	147	Poro
41	98	110	Poro
113	189	193	Poro
33	122	147	Poro
51	131	148	Poro
50	99	99	Poro
35	93	108	Poro
24	68	90	Poro
17	74	91	Poro
37	107	116	Poro
33	120	152	Poro
31	107	134	Poro
32	113	128	Poro
32	104	132	Poro
58	105	116	Poro
60	150	174	Poro
24	88	119	Poro
64	108	113	Poro
9	58	73	Poro
37	121	147	Poro
51	147	181	Poro
85	151	151	Poro
67	169	203	Poro
28	113	153	Poro
78	165	179	Poro
45	101	95	Poro
22	72	95	Poro
31	114	145	Poro
20	97	137	Poro
71	138	146	Poro
72	148	150	Poro
19	82	104	Poro
28	96	124	Poro
18	72	93	Poro
71	138	137	Poro
45	115	140	Poro
21	105	149	Poro
27	89	114	Poro
77	161	193	Poro
63	156	176	Poro
47	127	144	Poro
35	72	114	Poro
33	102	129	Poro
19	73	88	Poro
32	92	90	Poro
57	144	173	Poro
29	115	151	Poro
43	117	144	Poro
5	44	60	Poro
42	122	135	Poro
60	113	108	Poro
33	109	121	Poro
13	34	54	Poro
23	66	90	Poro
25	87	114	Poro
16	86	126	Poro
40	125	161	Poro
23	89	110	Poro
47	117	132	Poro
70	153	173	Poro
44	136	171	Poro
27	105	132	Poro
60	104	123	Poro
32	101	126	Poro
21	90	140	Poro
21	82	79	Poro
88	179	197	Poro
91	150	153	Poro
72	135	171	Poro
28	76	85	Poro
19	97	136	Poro
33	95	123	Poro
38	101	120	Poro
62	150	159	Poro
28	112	154	Poro
61	147	163	Poro
2	27	59	Poro
29	92	104	Poro
33	105	120	Poro
39	108	123	Poro
14	82	96	Poro
40	123	152	Poro
46	123	177	Poro
42	127	136	Poro
45	103	100	Poro
35	96	128	Poro
41	112	137	Poro
31	110	135	Poro
76	165	190	Poro
89	185	196	Poro
12	43	76	Poro
66	142	163	Poro
56	133	151	Poro
88	171	181	Poro
40	84	85	Poro
16	84	111	Poro
29	100	113	Poro
27	101	119	Poro
111	189	183	Poro
27	113	147	Poro
22	87	96	Poro
43	106	105	Poro
27	86	105	Poro
41	92	114	Poro
35	104	165	Poro
11	48	67	Poro
18	72	102	Poro
27	78	102	Poro
39	97	121	Poro
44	125	145	Poro
46	89	91	Poro
64	157	201	Poro
15	93	127	Poro
47	123	123	Poro
74	172	205	Poro
32	65	69	Poro
27	96	119	Poro
28	86	104	Poro
44	132	151	Poro
45	137	161	Poro
58	116	129	Poro
36	111	139	Poro
114	185	183	Poro
9	37	54	Poro
13	40	60	Poro
38	92	104	Poro
29	97	117	Poro
38	121	148	Poro
43	134	171	Poro
35	105	121	Poro
27	49	57	Poro
22	105	165	Poro
16	36	46	Poro
63	155	192	Poro
20	90	133	Poro
19	83	113	Poro
27	121	180	Poro
43	101	101	Poro
38	124	140	Poro
38	114	119	Poro
16	85	133	Poro
22	97	131	Poro
58	152	168	Poro
37	119	154	Poro
42	130	161	Poro
24	94	106	Poro
45	115	145	Poro
71	135	145	Poro
58	112	100	Poro
84	161	176	Poro
37	82	97	Poro
69	158	182	Poro
6	39	60	Poro
25	104	127	Poro
64	148	158	Poro
32	71	77	Poro
19	86	140	Poro
40	126	157	Poro
35	123	167	Poro
65	151	173	Poro
28	106	121	Poro
20	66	77	Poro
39	98	102	Poro
46	102	113	Poro
28	115	168	Poro
49	132	141	Poro
26	51	55	Poro
22	76	93	Poro
71	138	135	Poro
66	150	169	Poro
26	106	149	Poro
35	105	147	Poro
37	114	136	Poro
26	86	125	Poro
26	85	100	Poro
17	58	72	Poro
32	90	89	Poro
41	114	125	Poro
21	102	127	Poro
33	89	127	Poro
57	144	151	Poro
27	94	110	Poro
5	35	41	Poro
19	96	140	Poro
45	111	107	Poro
24	95	108	Poro
36	119	146	Poro
19	65	76	Poro
60	153	191	Poro
32	109	129	Poro
29	73	83	Poro
39	112	137	Poro
19	62	72	Poro
61	113	120	Poro
70	158	174	Poro
33	83	100	Poro
62	157	194	Poro
31	109	157	Poro
48	113	135	Poro
71	161	180	Poro
49	138	164	Poro
45	110	107	Poro
57	129	142	Poro
28	77	96	Poro
59	127	133	Poro
23	93	142	Poro
94	165	168	Poro
19	96	125	Poro
24	112	170	Poro
42	100	98	Poro
49	125	169	Poro
43	129	131	Poro
59	137	155	Poro
17	44	44	Poro
64	157	193	Poro
23	69	93	Poro
56	145	163	Poro
22	95	138	Poro
43	114	125	Poro
48	135	157	Poro
25	92	114	Poro
18	73	91	Poro
48	96	108	Poro
22	106	128	Poro
25	86	104	Poro
124	199	190	Poro
39	107	136	Poro
30	79	90	Poro
60	148	157	Poro
25	105	120	Poro
23	86	109	Poro
28	89	104	Poro
33	118	164	Poro
39	91	92	Poro
18	89	114	Poro
31	121	176	Poro
59	137	159	Poro
68	111	88	Poro
51	136	163	Poro
18	71	102	Poro
25	101	130	Poro
66	156	193	Poro
69	162	195	Poro
16	56	79	Poro
60	148	158	Poro
46	120	138	Poro
36	79	85	Poro
33	108	124	Poro
35	118	132	Poro
28	71	73	Poro
35	91	106	Poro
31	69	65	Poro
24	101	140	Poro
28	113	149	Poro
47	111	118	Poro
24	73	86	Poro
10	30	49	Poro
109	178	183	Poro
64	150	164	Poro
30	70	87	Poro
36	108	135	Poro
56	142	169	Poro
34	111	129	Poro
40	113	135	Poro
23	103	152	Poro
61	117	112	Poro
30	58	64	Poro
42	108	133	Poro
14	62	79	Poro
60	154	187	Poro
70	123	147	Poro
31	115	166	Poro
28	98	119	Poro
25	69	95	Poro
41	118	141	Poro
77	175	199	Poro
36	91	112	Poro
8	72	103	Poro
27	79	104	Poro
36	119	166	Poro
20	91	127	Poro
35	85	95	Poro
33	101	136	Poro
28	88	96	Poro
22	99	126	Poro
17	88	85	Poro
39	112	153	Poro
27	80	84	Poro
20	89	141	Poro
32	113	137	Poro
15	73	93	Poro
30	82	98	Poro
53	132	146	Poro
42	134	159	Poro
10	66	81	Poro
54	142	143	Poro
19	94	132	Poro
56	122	128	Poro
39	107	137	Poro
17	71	86	Poro
35	103	120	Poro
35	76	94	Poro
3	43	64	Poro
31	122	181	Poro
45	93	120	Poro
26	98	117	Poro
125	170	175	Solido
83	121	139	Solido
165	224	209	Solido
174	236	231	Solido
173	240	234	Solido
15	21	25	Solido
42	75	57	Solido
169	239	234	Solido
14	24	25	Solido
14	26	26	Solido
45	69	47	Solido
175	233	239	Solido
129	194	180	Solido
169	239	229	Solido
172	237	231	Solido
178	248	235	Solido
22	48	42	Solido
100	135	137	Solido
74	89	68	Solido
122	191	193	Solido
144	185	167	Solido
12	22	22	Solido
13	27	28	Solido
106	147	127	Solido
10	25	30	Solido
179	253	240	Solido
114	160	141	Solido
176	245	236	Solido
27	61	39	Solido
13	27	21	Solido
183	249	247	Solido
175	244	237	Solido
158	227	213	Solido
148	202	183	Solido
171	239	235	Solido
105	152	127	Solido
14	26	27	Solido
12	22	21	Solido
150	199	194	Solido
14	29	34	Solido
11	21	39	Solido
179	247	236	Solido
168	239	235	Solido
172	238	228	Solido
89	121	90	Solido
13	30	53	Solido
66	102	65	Solido
173	237	229	Solido
12	24	25	Solido
138	182	141	Solido
159	226	224	Solido
132	169	143	Solido
160	224	224	Solido
84	115	103	Solido
181	248	244	Solido
148	191	161	Solido
12	24	21	Solido
27	52	49	Solido
133	176	163	Solido
12	22	23	Solido
79	109	69	Solido
3	40	73	Solido
180	247	235	Solido
79	121	112	Solido
161	230	224	Solido
23	44	45	Solido
84	121	84	Solido
9	22	24	Solido
131	175	168	Solido
174	232	232	Solido
171	240	227	Solido
183	245	236	Solido
77	110	87	Solido
31	58	43	Solido
143	186	157	Solido
135	181	151	Solido
181	247	244	Solido
133	187	171	Solido
138	179	153	Solido
32	76	104	Solido
129	166	152	Solido
179	250	237	Solido
93	128	111	Solido
108	144	136	Solido
119	153	116	Solido
29	59	59	Solido
153	228	219	Solido
11	23	20	Solido
173	240	227	Solido
173	243	231	Solido
139	175	164	Solido
118	160	144	Solido
132	175	144	Solido
118	165	152	Solido
41	86	105	Solido
95	136	131	Solido
94	128	99	Solido
170	238	222	Solido
135	185	158	Solido
13	31	36	Solido
13	21	24	Solido
177	250	247	Solido
111	153	137	Solido
176	246	238	Solido
22	33	42	Solido
15	25	24	Solido
58	106	109	Solido
130	168	124	Solido
11	23	34	Solido
150	208	194	Solido
137	178	148	Solido
176	241	242	Solido
116	161	137	Solido
121	165	139	Solido
13	24	19	Solido
40	90	135	Solido
159	229	229	Solido
15	29	25	Solido
181	251	245	Solido
14	25	24	Solido
181	247	237	Solido
62	79	59	Solido
136	191	191	Solido
15	29	29	Solido
182	250	242	Solido
13	26	23	Solido
140	186	161	Solido
57	65	51	Solido
80	120	81	Solido
9	31	47	Solido
139	185	148	Solido
156	210	192	Solido
21	35	32	Solido
138	187	160	Solido
98	140	119	Solido
110	151	135	Solido
149	208	183	Solido
130	169	141	Solido
170	240	231	Solido
169	240	230	Solido
159	224	227	Solido
139	186	161	Solido
134	175	149	Solido
92	139	96	Solido
161	219	192	Solido
52	83	80	Solido
53	81	70	Solido
99	146	104	Solido
126	170	139	Solido
13	27	26	Solido
14	23	21	Solido
134	177	147	Solido
85	126	146	Solido
106	141	125	Solido
175	235	231	Solido
13	25	19	Solido
175	245	234	Solido
176	240	237	Solido
22	38	32	Solido
12	22	18	Solido
62	87	81	Solido
131	181	169	Solido
183	254	238	Solido
44	88	91	Solido
169	238	234	Solido
13	22	19	Solido
173	238	237	Solido
160	211	155	Solido
167	235	224	Solido
114	158	157	Solido
14	23	22	Solido
10	23	26	Solido
72	95	83	Solido
64	109	102	Solido
13	21	21	Solido
27	54	51	Solido
17	29	31	Solido
87	122	93	Solido
126	167	156	Solido
136	183	158	Solido
177	246	237	Solido
171	240	229	Solido
17	30	23	Solido
157	218	210	Solido
13	21	18	Solido
10	22	22	Solido
146	189	160	Solido
12	21	22	Solido
172	244	237	Solido
14	25	19	Solido
97	135	141	Solido
172	241	234	Solido
69	109	95	Solido
163	220	180	Solido
18	31	25	Solido
108	156	122	Solido
16	27	26	Solido
11	20	22	Solido
175	247	238	Solido
11	21	25	Solido
80	124	107	Solido
15	27	23	Solido
163	233	226	Solido
142	187	164	Solido
7	20	30	Solido
14	34	47	Solido
173	238	229	Solido
143	197	172	Solido
175	244	233	Solido
12	26	26	Solido
137	180	155	Solido
18	29	28	Solido
61	73	57	Solido
13	35	24	Solido
28	46	44	Solido
159	222	231	Solido
13	24	28	Solido
48	57	45	Solido
171	239	237	Solido
174	239	232	Solido
45	84	100	Solido
60	98	90	Solido
125	161	139	Solido
18	32	30	Solido
123	165	134	Solido
97	131	118	Solido
142	186	161	Solido
145	193	188	Solido
11	20	21	Solido
13	24	27	Solido
104	151	188	Solido
132	174	143	Solido
43	79	64	Solido
173	243	236	Solido
131	189	198	Solido
131	176	161	Solido
28	58	58	Solido
27	42	34	Solido
144	189	157	Solido
14	29	32	Solido
173	243	232	Solido
175	241	231	Solido
114	156	142	Solido
50	82	90	Solido
12	19	22	Solido
173	241	236	Solido
123	163	134	Solido
183	254	244	Solido
181	247	242	Solido
13	24	22	Solido
12	32	27	Solido
16	33	29	Solido
147	194	171	Solido
119	162	147	Solido
181	245	240	Solido
173	236	231	Solido
77	105	81	Solido
125	198	184	Solido
178	241	237	Solido
167	229	220	Solido
172	240	232	Solido
177	249	238	Solido
156	208	177	Solido
22	62	63	Solido
12	23	22	Solido
16	27	23	Solido
10	22	20	Solido
135	187	172	Solido
14	41	38	Solido
14	27	25	Solido
139	181	150	Solido
179	239	244	Solido
42	74	70	Solido
15	31	29	Solido
173	244	238	Solido
172	240	235	Solido
183	253	241	Solido
76	108	80	Solido
170	241	230	Solido
13	22	23	Solido
166	236	228	Solido
123	165	141	Solido
177	245	241	Solido
171	239	229	Solido
126	179	178	Solido
31	46	37	Solido
154	225	224	Solido
62	93	74	Solido
182	243	231	Solido
7	22	18	Solido
181	249	249	Solido
12	24	31	Solido
105	138	113	Solido
13	27	22	Solido
93	139	110	Solido
160	221	200	Solido
64	99	101	Solido
91	135	126	Solido
176	234	213	Solido
117	160	133	Solido
53	86	81	Solido
15	23	23	Solido
173	242	234	Solido
117	155	115	Solido
58	72	56	Solido
173	245	233	Solido
112	153	129	Solido
11	21	22	Solido
113	157	137	Solido
188	254	241	Solido
148	191	160	Solido
177	238	237	Solido
180	249	248	Solido
166	222	208	Solido
13	33	36	Solido
17	30	22	Solido
49	63	65	Solido
22	47	51	Solido
93	124	94	Solido
120	170	131	Solido
82	116	84	Solido
160	218	218	Solido
75	103	94	Solido
180	245	242	Solido
11	21	22	Solido
102	145	124	Solido
146	199	190	Solido
15	26	25	Solido
15	32	30	Solido
115	166	139	Solido
67	106	106	Solido
138	183	147	Solido
159	226	220	Solido
155	221	206	Solido
159	228	216	Solido
114	157	126	Solido
13	23	23	Solido
51	62	50	Solido
57	81	80	Solido
72	117	119	Solido
168	239	234	Solido
162	227	211	Solido
176	244	235	Solido
19	42	39	Solido
178	248	240	Solido
165	230	226	Solido
182	247	245	Solido
11	31	20	Solido
97	131	125	Solido
169	238	235	Solido
93	129	124	Solido
9	22	22	Solido
132	189	159	Solido
171	240	234	Solido
17	31	27	Solido
14	35	37	Solido
186	249	245	Solido
19	45	49	Solido
13	60	38	Solido
171	239	228	Solido
166	235	228	Solido
13	26	23	Solido
173	237	232	Solido
190	251	253	Solido
183	254	249	Solido
189	254	248	Solido
144	188	161	Solido
73	112	87	Solido
14	29	23	Solido
174	245	240	Solido
11	21	20	Solido
9	22	30	Solido
65	105	89	Solido
58	65	53	Solido
69	97	75	Solido
13	24	26	Solido
15	27	26	Solido
47	84	71	Solido
179	240	242	Solido
71	101	104	Solido
178	247	238	Solido
12	22	24	Solido
16	32	21	Solido
139	183	159	Solido
114	152	140	Solido
160	222	220	Solido
172	241	232	Solido
61	76	52	Solido
20	46	44	Solido
102	142	129	Solido
96	137	131	Solido
13	27	27	Solido
140	187	161	Solido
10	28	30	Solido
51	85	71	Solido
187	252	250	Solido
108	153	139	Solido
171	234	236	Solido
176	235	231	Solido
160	219	204	Solido
33	41	38	Solido
34	70	67	Solido
16	28	33	Solido
181	248	241	Solido
113	155	136	Solido
23	42	52	Solido
129	167	134	Solido
137	183	152	Solido
120	173	157	Solido
41	101	102	Solido
173	236	237	Solido
174	239	236	Solido
159	217	202	Solido
137	183	150	Solido
66	95	71	Solido
78	125	110	Solido
180	244	226	Solido
168	236	231	Solido
178	241	237	Solido
47	67	79	Solido
35	67	87	Solido
177	247	236	Solido
29	68	78	Solido
130	166	129	Solido
83	120	101	Solido
112	151	140	Solido
164	229	223	Solido
69	111	106	Solido
81	122	114	Solido
18	32	29	Solido
171	231	216	Solido
110	148	129	Solido
13	19	20	Solido
13	27	22	Solido
27	53	51	Solido
110	156	135	Solido
181	248	247	Solido
157	226	215	Solido
168	236	226	Solido
159	202	169	Solido
178	241	233	Solido
47	74	63	Solido
19	33	32	Solido
173	237	231	Solido
13	25	25	Solido
172	240	233	Solido
120	163	162	Solido
22	56	69	Solido
173	238	243	Solido
151	204	195	Solido
181	253	243	Solido
56	92	106	Solido
84	119	87	Solido
15	32	26	Solido
173	233	239	Solido
109	156	142	Solido
12	24	22	Solido
138	181	149	Solido
172	244	240	Solido
164	236	235	Solido
12	22	17	Solido
173	234	216	Solido
177	249	238	Solido
185	254	246	Solido
167	237	231	Solido
117	164	168	Solido
18	32	27	Solido
12	20	22	Solido
161	231	229	Solido
183	249	244	Solido
15	24	18	Solido
31	47	42	Solido
36	57	42	Solido
119	161	135	Solido
58	88	87	Solido
10	25	30	Solido
12	25	22	Solido
121	173	159	Solido
177	239	242	Solido
9	19	19	Solido
143	188	158	Solido
111	160	143	Solido
121	160	174	Solido
174	238	228	Solido
175	244	240	Solido
12	23	23	Solido
60	89	66	Solido
53	106	102	Solido
12	21	19	Solido
14	30	35	Solido
71	109	95	Solido
11	20	18	Solido
135	173	157	Solido
13	23	22	Solido
161	228	220	Solido
97	123	84	Solido
135	175	143	Solido
114	167	181	Solido
175	246	238	Solido
18	54	53	Solido
111	165	179	Solido
154	222	210	Solido
26	53	53	Solido
71	100	77	Solido
10	20	16	Solido
19	36	26	Solido
185	254	249	Solido
119	161	148	Solido
99	149	131	Solido
161	217	222	Solido
35	63	64	Solido
47	79	83	Solido
48	84	78	Solido
139	180	154	Solido
11	21	24	Solido
14	26	25	Solido
81	114	93	Solido
8	20	23	Solido
18	35	28	Solido
14	25	18	Solido
123	163	127	Solido
185	251	235	Solido
171	242	233	Solido
178	242	219	Solido
185	253	238	Solido
175	241	239	Solido
145	196	184	Solido
140	182	162	Solido
177	249	239	Solido
117	166	137	Solido
10	25	30	Solido
162	223	215	Solido
73	108	95	Solido
110	152	145	Solido
133	177	151	Solido
67	107	87	Solido
10	23	21	Solido
152	216	209	Solido
164	238	236	Solido
113	184	182	Solido
157	214	188	Solido
89	133	144	Solido
10	23	24	Solido
163	227	212	Solido
189	246	228	Solido
11	25	23	Solido
14	25	22	Solido
184	254	247	Solido
105	144	122	Solido
12	24	25	Solido
160	230	217	Solido
159	211	162	Solido
169	242	233	Solido
147	220	201	Solido
11	21	18	Solido
171	235	231	Solido
47	77	44	Solido
16	28	26	Solido
10	24	23	Solido
125	176	154	Solido
175	247	236	Solido
10	23	27	Solido
182	245	241	Solido
187	254	249	Solido
7	22	55	Solido
7	24	29	Solido
18	33	30	Solido
177	249	233	Solido
135	178	152	Solido
117	153	114	Solido
81	117	111	Solido
165	232	228	Solido
172	243	235	Solido
64	83	70	Solido
154	203	198	Solido
179	254	244	Solido
169	238	229	Solido
51	84	80	Solido
180	247	238	Solido
10	19	19	Solido
13	24	21	Solido
5	20	25	Solido
68	94	85	Solido
161	221	220	Solido
13	22	23	Solido
178	240	235	Solido
15	26	27	Solido
13	23	24	Solido
42	65	73	Solido
171	238	237	Solido
141	186	153	Solido
127	178	158	Solido
154	221	218	Solido
181	254	243	Solido
17	27	22	Solido
172	241	235	Solido
167	236	227	Solido
15	27	25	Solido
166	232	228	Solido
170	237	232	Solido
45	71	80	Solido
148	211	200	Solido
141	182	153	Solido
125	173	142	Solido
165	233	238	Solido
179	251	244	Solido
12	29	28	Solido
166	234	229	Solido
17	31	27	Solido
135	175	152	Solido
60	93	82	Solido
112	149	112	Solido
51	78	63	Solido
175	244	237	Solido
171	239	225	Solido
168	244	234	Solido
12	23	21	Solido
148	194	183	Solido
20	46	48	Solido
153	222	222	Solido
19	35	30	Solido
53	96	86	Solido
151	229	237	Solido
9	20	22	Solido
21	44	48	Solido
124	182	179	Solido
12	25	28	Solido
12	39	12	Solido
161	230	228	Solido
12	21	20	Solido
167	238	230	Solido
109	147	115	Solido
19	32	31	Solido
176	238	238	Solido
100	140	127	Solido
124	169	134	Solido
63	103	97	Solido
175	235	244	Solido
18	53	55	Solido
16	33	33	Solido
10	18	17	Solido
165	230	215	Solido
12	29	27	Solido
135	179	148	Solido
114	156	126	Solido
72	104	112	Solido
163	238	231	Solido
10	23	23	Solido
112	156	135	Solido
10	21	18	Solido
10	19	22	Solido
97	142	137	Solido
134	178	143	Solido
26	54	44	Solido
173	239	233	Solido
80	118	80	Solido
97	136	124	Solido
78	116	101	Solido
14	22	19	Solido
129	173	141	Solido
16	26	19	Solido
49	105	122	Solido
4	26	51	Solido
176	246	240	Solido
95	128	119	Solido
13	27	34	Solido
187	252	249	Solido
191	254	248	Solido
75	105	99	Solido
22	57	68	Solido
13	22	20	Solido
175	237	231	Solido
150	202	174	Solido
14	35	64	Solido
18	40	34	Solido
178	246	241	Solido
15	24	22	Solido
21	32	29	Solido
84	120	122	Solido
16	32	36	Solido
46	91	78	Solido
161	219	206	Solido
96	132	112	Solido
13	22	18	Solido
11	23	23	Solido
11	25	25	Solido
129	169	143	Solido
86	123	123	Solido
37	61	48	Solido
19	40	61	Solido
170	236	219	Solido
126	167	140	Solido
175	244	227	Solido
63	108	86	Solido
41	82	65	Solido
173	243	234	Solido
109	151	137	Solido
179	244	235	Solido
180	243	241	Solido
131	173	141	Solido
175	246	241	Solido
75	109	97	Solido
65	103	114	Solido
181	253	243	Solido
156	226	211	Solido
15	27	23	Solido
28	48	74	Solido
105	140	122	Solido
15	30	28	Solido
13	25	24	Solido
75	112	120	Solido
177	247	238	Solido
168	234	232	Solido
12	24	22	Solido
138	180	155	Solido
165	226	238	Solido
98	134	114	Solido
183	254	237	Solido
10	22	20	Solido
62	103	103	Solido
20	36	29	Solido
13	27	31	Solido
16	30	26	Solido
11	21	19	Solido
19	43	32	Solido
23	35	28	Solido
12	24	22	Solido
127	178	176	Solido
169	237	227	Solido
13	22	34	Solido
182	254	245	Solido
167	240	234	Solido
12	24	26	Solido
16	30	39	Solido
79	113	118	Solido
83	120	131	Solido
12	24	24	Solido
56	78	66	Solido
177	241	238	Solido
94	132	135	Solido
148	210	167	Solido
143	183	168	Solido
98	134	118	Solido
155	226	221	Solido
58	93	87	Solido
87	140	122	Solido
175	246	237	Solido
167	233	219	Solido
58	98	148	Solido
170	239	228	Solido
136	183	147	Solido
177	248	242	Solido
40	66	52	Solido
38	65	47	Solido
165	229	227	Solido
79	113	115	Solido
176	244	236	Solido
20	38	35	Solido
100	148	152	Solido
13	23	25	Solido
161	232	224	Solido
181	245	242	Solido
10	20	21	Solido
15	23	21	Solido
10	20	24	Solido
167	237	232	Solido
18	33	32	Solido
17	27	23	Solido
14	26	27	Solido
98	138	128	Solido
157	218	193	Solido
14	24	24	Solido
133	173	147	Solido
151	217	209	Solido
119	160	128	Solido
14	24	24	Solido
34	70	60	Solido
121	163	147	Solido
176	243	231	Solido
15	30	32	Solido
13	23	19	Solido
8	22	24	Solido
178	247	235	Solido
137	181	152	Solido
38	64	57	Solido
135	176	146	Solido
13	22	22	Solido
135	182	175	Solido
68	80	63	Solido
174	236	232	Solido
123	175	160	Solido
110	156	159	Solido
90	139	129	Solido
143	205	211	Solido
176	241	221	Solido
18	33	29	Solido
143	197	164	Solido
111	149	123	Solido
3	20	49	Solido
17	30	28	Solido
30	59	56	Solido
110	156	137	Solido
159	221	215	Solido
177	239	238	Solido
147	196	183	Solido
73	111	97	Solido
173	240	233	Solido
42	67	48	Solido
61	77	54	Solido
103	137	108	Solido
149	216	203	Solido
18	29	25	Solido
9	22	21	Solido
20	40	36	Solido
182	244	241	Solido
111	147	94	Solido
45	86	78	Solido
58	93	67	Solido
18	30	26	Solido
27	55	24	Solido
141	184	156	Solido
11	23	19	Solido
165	235	227	Solido
16	28	24	Solido
88	122	109	Solido
24	50	55	Solido
13	26	24	Solido
43	69	66	Solido
67	114	105	Solido
10	26	41	Solido
168	235	218	Solido
177	248	233	Solido
129	173	147	Solido
163	213	170	Solido
58	68	51	Solido
103	150	125	Solido
69	85	60	Solido
15	27	25	Solido
104	139	125	Solido
161	233	230	Solido
61	99	89	Solido
12	20	21	Solido
140	190	204	Solido
110	147	112	Solido
179	249	242	Solido
163	228	206	Solido
129	179	154	Solido
177	247	238	Solido
110	150	154	Solido
182	248	243	Solido
122	161	146	Solido
185	253	247	Solido
170	241	235	Solido
181	249	237	Solido
12	22	24	Solido
182	252	235	Solido
13	26	30	Solido
57	99	94	Solido
17	34	29	Solido
47	86	83	Solido
163	219	222	Solido
116	160	131	Solido
182	254	243	Solido
149	193	162	Solido
53	90	99	Solido
117	144	110	Solido
150	202	188	Solido
129	175	146	Solido
70	106	101	Solido
102	156	150	Solido
140	207	210	Solido
167	235	228	Solido
15	29	24	Solido
85	117	91	Solido
86	124	94	Solido
151	196	198	Solido
29	53	54	Solido
17	32	25	Solido
20	36	31	Solido
97	140	121	Solido
10	18	19	Solido
164	229	223	Solido
104	143	119	Solido
139	183	156	Solido
115	168	145	Solido
169	237	231	Solido
174	241	236	Solido
26	46	52	Solido
15	27	25	Solido
16	37	58	Solido
171	233	210	Solido
67	80	61	Solido
188	251	249	Solido
104	147	135	Solido
97	138	134	Solido
122	153	123	Solido
11	17	16	Solido
147	188	159	Solido
13	24	22	Solido
12	24	24	Solido
86	136	83	Solido
93	128	102	Solido
90	127	100	Solido
176	246	237	Solido
157	215	196	Solido
75	118	117	Solido
16	36	41	Solido
13	26	20	Solido
11	21	19	Solido
119	164	155	Solido
117	172	163	Solido
18	57	67	Solido
175	246	236	Solido
180	251	241	Solido
55	83	91	Solido
176	246	240	Solido
14	30	32	Solido
109	161	149	Solido
140	181	158	Solido
141	185	155	Solido
14	26	27	Solido
102	150	128	Solido
12	23	25	Solido
16	27	28	Solido
48	72	71	Solido
124	192	183	Solido
17	31	26	Solido
177	238	240	Solido
137	191	171	Solido
105	148	135	Solido
169	223	200	Solido
32	70	66	Solido
7	34	43	Solido
84	115	116	Solido
137	175	155	Solido
140	193	178	Solido
49	81	89	Solido
16	33	29	Solido
111	146	155	Solido
14	29	20	Solido
171	222	214	Solido
84	121	88	Solido
103	158	139	Solido
117	157	130	Solido
169	232	232	Solido
13	24	22	Solido
174	239	228	Solido
9	19	18	Solido
117	162	136	Solido
175	244	237	Solido
128	175	142	Solido
175	246	242	Solido
154	218	201	Solido
20	36	31	Solido
104	142	125	Solido
13	22	24	Solido
174	239	233	Solido
169	228	220	Solido
1	29	63	Solido
135	182	153	Solido
17	31	25	Solido
61	102	97	Solido
168	233	220	Solido
177	248	239	Solido
48	84	80	Solido
67	107	82	Solido
123	166	139	Solido
152	209	198	Solido
183	254	245	Solido
13	26	22	Solido
13	24	20	Solido
181	249	239	Solido
105	149	139	Solido
125	176	150	Solido
163	228	216	Solido
16	39	36	Solido
184	253	240	Solido
49	83	93	Solido
88	135	122	Solido
15	27	24	Solido
135	178	145	Solido
123	162	129	Solido
171	240	238	Solido
118	156	145	Solido
16	29	27	Solido
39	64	69	Solido
11	20	21	Solido
100	147	151	Solido
168	236	229	Solido
149	192	162	Solido
177	245	237	Solido
16	32	29	Solido
115	157	146	Solido
166	228	232	Solido
180	244	240	Solido
49	90	71	Solido
9	32	40	Solido
81	118	87	Solido
12	22	21	Solido
37	70	61	Solido
15	26	21	Solido
13	32	35	Solido
179	246	227	Solido
19	51	64	Solido
174	245	239	Solido
131	171	138	Solido
43	83	75	Solido
179	252	234	Solido
159	227	216	Solido
85	122	93	Solido
12	26	21	Solido
11	26	24	Solido
162	237	216	Solido
136	182	151	Solido
16	28	23	Solido
19	26	27	Solido
135	179	150	Solido
12	23	21	Solido
51	82	70	Solido
17	25	27	Solido
130	174	145	Solido
72	115	130	Solido
173	242	227	Solido
161	215	203	Solido
171	236	227	Solido
97	136	125	Solido
75	112	102	Solido
117	155	125	Solido
14	24	23	Solido
165	235	224	Solido
51	94	91	Solido
11	21	24	Solido
165	230	227	Solido
12	22	18	Solido
185	254	249	Solido
149	222	208	Solido
13	28	19	Solido
167	234	229	Solido
12	22	21	Solido
179	250	233	Solido
83	121	112	Solido
179	250	242	Solido
157	216	183	Solido
184	252	244	Solido
49	56	53	Solido
22	47	58	Solido
157	227	225	Solido
15	31	29	Solido
150	217	218	Solido
14	27	23	Solido
160	227	217	Solido
153	203	179	Solido
13	25	23	Solido
79	113	115	Solido
108	151	125	Solido
124	167	145	Solido
112	159	131	Solido
177	240	238	Solido
169	235	224	Solido
124	174	158	Solido
86	124	121	Solido
18	44	40	Solido
12	30	16	Solido
14	25	21	Solido
31	53	53	Solido
175	245	233	Solido
175	247	239	Solido
167	231	231	Solido
12	21	24	Solido
12	18	19	Solido
95	138	118	Solido
72	108	94	Solido
96	132	96	Solido
183	249	247	Solido
123	165	138	Solido
181	253	250	Solido
138	206	208	Solido
16	30	26	Solido
181	244	243	Solido
63	98	84	Solido
14	24	25	Solido
14	25	27	Solido
97	125	88	Solido
14	26	26	Solido
11	22	20	Solido
56	85	107	Solido
169	234	238	Solido
180	242	245	Solido
150	191	165	Solido
164	234	220	Solido
10	22	21	Solido
75	127	115	Solido
32	39	32	Solido
145	191	161	Solido
168	232	230	Solido
11	22	21	Solido
15	24	24	Solido
120	163	138	Solido
146	222	214	Solido
93	126	95	Solido
170	237	227	Solido
169	247	240	Solido
179	252	242	Solido
11	23	20	Solido
165	223	209	Solido
91	128	116	Solido
81	118	88	Solido
13	25	27	Solido
171	232	236	Solido
59	94	119	Solido
142	190	159	Solido
160	225	213	Solido
24	49	31	Solido
18	31	30	Solido
150	195	169	Solido
110	152	151	Solido
29	50	42	Solido
97	127	101	Solido
171	238	237	Solido
13	24	23	Solido
61	108	103	Solido
133	180	163	Solido
47	78	65	Solido
11	23	21	Solido
173	242	229	Solido
34	61	78	Solido
104	158	157	Solido
146	193	167	Solido
32	57	61	Solido
14	27	23	Solido
179	235	210	Solido
131	183	176	Solido
174	237	237	Solido
117	178	150	Solido
12	25	26	Solido
86	123	125	Solido
16	27	29	Solido
140	188	155	Solido
12	23	28	Solido
169	237	226	Solido
15	33	25	Solido
14	31	59	Solido
40	78	60	Solido
65	95	95	Solido
167	238	231	Solido
36	61	35	Solido
69	100	91	Solido
175	237	234	Solido
81	116	104	Solido
17	31	37	Solido
168	237	236	Solido
75	101	98	Solido
109	152	122	Solido
108	157	139	Solido
12	28	37	Solido
42	91	106	Solido
172	234	223	Solido
14	25	24	Solido
79	116	78	Solido
157	225	221	Solido
180	242	230	Solido
157	223	221	Solido
11	26	24	Solido
86	131	94	Solido
129	169	143	Solido
171	241	242	Solido
173	241	235	Solido
12	22	21	Solido
7	28	32	Solido
104	141	120	Solido
17	37	36	Solido
80	119	139	Solido
44	73	73	Solido
19	37	25	Solido
10	20	22	Solido
12	22	25	Solido
126	178	178	Solido
106	149	120	Solido
12	24	25	Solido
182	247	231	Solido
147	196	174	Solido
109	151	138	Solido
170	237	220	Solido
146	188	166	Solido
179	244	243	Solido
141	197	179	Solido
175	248	231	Solido
118	159	128	Solido
63	75	59	Solido
120	169	136	Solido
15	26	24	Solido
114	161	163	Solido
113	169	186	Solido
33	56	48	Solido
181	246	247	Solido
16	31	29	Solido
12	24	22	Solido
139	192	179	Solido
12	25	23	Solido
15	32	40	Solido
13	23	24	Solido
60	109	61	Solido
126	176	172	Solido
171	240	231	Solido
50	72	78	Solido
12	27	27	Solido
109	145	130	Solido
136	181	145	Solido
126	175	152	Solido
13	23	23	Solido
148	196	190	Solido
152	213	209	Solido
179	246	243	Solido
159	202	195	Solido
31	58	65	Solido
134	179	161	Solido
11	29	23	Solido
178	247	236	Solido
11	23	21	Solido
23	34	47	Solido
15	24	24	Solido
107	144	133	Solido
18	30	29	Solido
9	22	17	Solido
167	235	231	Solido
18	42	37	Solido
19	38	43	Solido
179	248	243	Solido
178	244	246	Solido
16	28	25	Solido
83	127	110	Solido
53	103	100	Solido
15	25	26	Solido
11	22	18	Solido
10	19	18	Solido
102	143	143	Solido
178	249	243	Solido
179	246	237	Solido
135	179	155	Solido
60	74	57	Solido
172	237	235	Solido
86	130	139	Solido
132	169	131	Solido
176	249	241	Solido
171	240	229	Solido
12	29	28	Solido
185	248	239	Solido
73	105	106	Solido
113	162	111	Solido
18	31	27	Solido
171	235	229	Solido
29	52	43	Solido
17	34	32	Solido
10	19	24	Solido
120	162	136	Solido
153	216	204	Solido
12	25	23	Solido
186	254	252	Solido
163	231	224	Solido
89	128	110	Solido
12	23	23	Solido
185	254	248	Solido
136	186	167	Solido
12	25	27	Solido
71	104	92	Solido
109	155	146	Solido
63	105	79	Solido
120	176	147	Solido
65	89	92	Solido
40	65	54	Solido
99	135	118	Solido
180	250	240	Solido
86	112	90	Solido
168	236	216	Solido
178	247	241	Solido
110	155	137	Solido
171	235	228	Solido
65	94	97	Solido
70	105	65	Solido
12	26	28	Solido
12	24	24	Solido
175	248	233	Solido
181	252	245	Solido
15	28	24	Solido
66	117	109	Solido
185	236	212	Solido
12	20	21	Solido
24	41	34	Solido
174	238	232	Solido
131	171	148	Solido
51	78	79	Solido
12	30	32	Solido
167	238	233	Solido
109	146	133	Solido
12	24	24	Solido
75	112	86	Solido
141	189	162	Solido
141	185	154	Solido
172	245	237	Solido
44	75	31	Solido
60	98	106	Solido
33	62	39	Solido
177	249	241	Solido
69	106	87	Solido
107	140	101	Solido
17	29	25	Solido
148	203	216	Solido
32	62	75	Solido
168	234	234	Solido
143	184	157	Solido
129	172	145	Solido
11	24	23	Solido
102	137	100	Solido
175	244	234	Solido
14	32	26	Solido
26	41	27	Solido
147	200	191	Solido
9	20	18	Solido
9	21	19	Solido
169	224	188	Solido
183	247	240	Solido
91	128	86	Solido
113	164	155	Solido
10	20	19	Solido
28	65	79	Solido
175	246	237	Solido
135	178	147	Solido
22	55	72	Solido
142	213	204	Solido
114	159	137	Solido
14	28	28	Solido
146	208	204	Solido
61	90	106	Solido
11	24	22	Solido
108	151	125	Solido
179	241	227	Solido
14	35	42	Solido
15	28	26	Solido
15	26	26	Solido
9	20	23	Solido
171	231	229	Solido
13	26	24	Solido
57	96	106	Solido
17	33	27	Solido
181	251	244	Solido
178	240	240	Solido
10	20	19	Solido
158	221	197	Solido
11	21	22	Solido
176	242	242	Solido
173	241	224	Solido
12	22	21	Solido
18	33	29	Solido
167	230	233	Solido
154	224	225	Solido
13	23	18	Solido
57	67	52	Solido
169	239	231	Solido
173	236	236	Solido
190	254	241	Solido
15	22	24	Solido
10	19	17	Solido
69	106	74	Solido
179	249	247	Solido
167	233	229	Solido
13	29	26	Solido
113	157	94	Solido
9	28	33	Solido
177	248	236	Solido
184	249	247	Solido
182	254	248	Solido
169	235	227	Solido
103	144	135	Solido
17	34	29	Solido
161	228	217	Solido
12	22	23	Solido
172	243	234	Solido
181	247	238	Solido
136	193	187	Solido
63	95	105	Solido
108	147	139	Solido
14	23	24	Solido
13	23	21	Solido
138	180	150	Solido
168	238	227	Solido
14	25	19	Solido
174	243	232	Solido
14	27	22	Solido
179	244	243	Solido
41	70	88	Solido
168	241	238	Solido
11	21	22	Solido
179	249	242	Solido
172	242	233	Solido
110	154	146	Solido
179	245	238	Solido
179	243	239	Solido
69	99	77	Solido
58	90	100	Solido
18	46	43	Solido
163	229	229	Solido
57	89	86	Solido
155	202	185	Solido
173	233	230	Solido
142	186	138	Solido
145	190	151	Solido
174	246	236	Solido
10	24	19	Solido
178	240	234	Solido
173	244	232	Solido
175	241	236	Solido
22	36	35	Solido
14	47	62	Solido
87	121	103	Solido
11	21	19	Solido
176	237	238	Solido
37	60	79	Solido
99	145	133	Solido
179	245	232	Solido
10	21	20	Solido
54	64	49	Solido
181	244	242	Solido
17	60	58	Solido
10	20	21	Solido
181	246	242	Solido
142	185	153	Solido
140	195	159	Solido
165	234	227	Solido
14	25	24	Solido
180	245	240	Solido
133	210	222	Solido
162	216	218	Solido
174	249	236	Solido
141	175	149	Solido
147	202	201	Solido
38	64	39	Solido
141	198	189	Solido
165	233	226	Solido
13	20	19	Solido
16	26	30	Solido
19	30	25	Solido
15	22	21	Solido
34	69	57	Solido
4	19	33	Solido
16	36	37	Solido
16	27	25	Solido
22	41	35	Solido
66	98	87	Solido
84	129	112	Solido
122	172	182	Solido
10	22	28	Solido
151	225	220	Solido
88	133	148	Solido
12	22	20	Solido
12	22	20	Solido
162	232	232	Solido
14	23	21	Solido
86	124	136	Solido
173	243	234	Solido
9	19	19	Solido
86	122	87	Solido
11	26	20	Solido
175	243	242	Solido
79	119	144	Solido
172	223	179	Solido
158	230	219	Solido
177	244	240	Solido
71	114	150	Solido
175	245	236	Solido
175	246	238	Solido
94	126	107	Solido
14	25	23	Solido
15	32	32	Solido
127	171	142	Solido
12	19	25	Solido
164	230	223	Solido
185	250	246	Solido
47	78	84	Solido
13	26	27	Solido
182	253	238	Solido
16	31	29	Solido
156	224	229	Solido
63	94	79	Solido
9	19	29	Solido
169	238	232	Solido
169	239	234	Solido
163	233	218	Solido
74	122	113	Solido
105	142	118	Solido
12	26	27	Solido
11	22	21	Solido
171	239	232	Solido
161	225	241	Solido
81	121	129	Solido
18	35	40	Solido
184	250	251	Solido
177	243	240	Solido
41	60	78	Solido
171	234	223	Solido
30	47	37	Solido
13	26	29	Solido
12	26	33	Solido
10	23	27	Solido
171	241	230	Solido
171	236	231	Solido
101	141	133	Solido
130	175	176	Solido
16	39	59	Solido
19	32	28	Solido
66	95	85	Solido
180	250	237	Solido
24	45	38	Solido
130	182	180	Solido
77	110	82	Solido
155	203	175	Solido
81	121	86	Solido
176	246	238	Solido
15	29	24	Solido
169	235	228	Solido
14	29	21	Solido
11	19	23	Solido
169	235	231	Solido
33	86	90	Solido
161	225	220	Solido
76	108	117	Solido
163	218	202	Solido
11	20	17	Solido
174	243	237	Solido
179	244	241	Solido
20	38	34	Solido
22	45	43	Solido
40	69	69	Solido
78	124	114	Solido
169	237	225	Solido
13	24	24	Solido
16	31	28	Solido
109	147	123	Solido
177	248	240	Solido
174	244	240	Solido
178	244	239	Solido
58	83	89	Solido
76	112	85	Solido
147	192	165	Solido
78	125	117	Solido
152	204	189	Solido
12	24	19	Solido
177	238	239	Solido
166	232	219	Solido
28	49	56	Solido
117	161	138	Solido
183	252	238	Solido
119	164	133	Solido
12	24	21	Solido
140	183	153	Solido
148	217	221	Solido
37	71	74	Solido
169	238	218	Solido
128	173	143	Solido
19	47	56	Solido
127	180	155	Solido
111	158	141	Solido
183	243	230	Solido
179	247	247	Solido
14	23	19	Solido
173	236	232	Solido
65	100	99	Solido
160	227	223	Solido
179	238	236	Solido
96	133	108	Solido
8	20	23	Solido
62	73	64	Solido
18	40	45	Solido
15	24	26	Solido
159	230	225	Solido
12	22	22	Solido
55	84	91	Solido
132	174	148	Solido
140	182	153	Solido
14	23	25	Solido
12	24	25	Solido
124	183	165	Solido
142	189	169	Solido
115	153	115	Solido
97	128	97	Solido
70	123	136	Solido
118	169	142	Solido
183	251	241	Solido
9	20	21	Solido
143	201	194	Solido
15	25	26	Solido
14	30	27	Solido
11	28	26	Solido
12	24	21	Solido
158	225	215	Solido
122	169	146	Solido
29	62	67	Solido
20	32	25	Solido
116	143	112	Solido
171	236	232	Solido
15	33	27	Solido
166	230	224	Solido
188	254	251	Solido
71	109	83	Solido
136	177	151	Solido
182	245	243	Solido
171	237	227	Solido
14	27	26	Solido
168	238	231	Solido
15	35	43	Solido
146	200	227	Solido
138	181	147	Solido
155	222	218	Solido
89	134	108	Solido
101	136	131	Solido
14	26	22	Solido
181	250	244	Solido
173	239	228	Solido
185	250	246	Solido
85	124	94	Solido
9	23	17	Solido
121	164	135	Solido
174	244	235	Solido
120	175	155	Solido
125	174	163	Solido
148	216	206	Solido
72	107	96	Solido
132	171	146	Solido
84	112	109	Solido
53	79	79	Solido
68	94	66	Solido
16	26	23	Solido
171	243	237	Solido
21	39	29	Solido
144	191	157	Solido
14	24	27	Solido
184	254	247	Solido
65	103	92	Solido
163	226	226	Solido
73	115	111	Solido
39	66	64	Solido
24	41	35	Solido
31	62	71	Solido
178	247	241	Solido
170	239	228	Solido
19	41	47	Solido
12	21	23	Solido
108	154	140	Solido
178	250	237	Solido
10	21	20	Solido
135	178	152	Solido
72	110	83	Solido
85	130	116	Solido
87	125	121	Solido
13	26	26	Solido
121	162	141	Solido
155	226	219	Solido
178	239	243	Solido
12	23	23	Solido
165	227	221	Solido
160	219	206	Solido
177	252	241	Solido
177	246	236	Solido
96	127	113	Solido
139	181	155	Solido
138	175	137	Solido
146	187	166	Solido
145	216	212	Solido
143	209	196	Solido
180	245	246	Solido
19	33	28	Solido
174	238	224	Solido
175	240	236	Solido
169	237	221	Solido
66	98	92	Solido
181	248	240	Solido
10	20	34	Solido
85	120	109	Solido
16	32	32	Solido
39	64	59	Solido
14	31	29	Solido
132	171	154	Solido
169	238	226	Solido
52	76	51	Solido
190	254	251	Solido
166	237	229	Solido
124	169	147	Solido
168	236	230	Solido
178	243	243	Solido
179	244	241	Solido
8	18	18	Solido
177	247	238	Solido
12	19	23	Solido
108	146	133	Solido
175	243	238	Solido
67	105	92	Solido
176	238	234	Solido
18	32	29	Solido
177	249	233	Solido
175	245	239	Solido
120	170	167	Solido
146	217	217	Solido
13	35	25	Solido
13	20	21	Solido
58	110	123	Solido
38	72	66	Solido
14	24	21	Solido
11	22	22	Solido
1	38	40	Solido
29	79	86	Solido
4	21	38	Solido
152	227	219	Solido
132	181	172	Solido
135	187	167	Solido
13	26	28	Solido
39	72	57	Solido
167	201	164	Solido
175	236	240	Solido
64	99	102	Solido
149	215	206	Solido
180	251	242	Solido
17	30	29	Solido
94	139	130	Solido
122	164	147	Solido
55	87	70	Solido
22	39	45	Solido
173	237	234	Solido
75	104	100	Solido
65	96	88	Solido
121	167	135	Solido
19	43	32	Solido
128	181	173	Solido
15	28	29	Solido
60	108	103	Solido
14	24	26	Solido
172	239	234	Solido
135	183	138	Solido
14	24	23	Solido
55	81	73	Solido
12	25	27	Solido
117	168	141	Solido
78	116	108	Solido
14	30	24	Solido
59	83	59	Solido
127	176	167	Solido
13	24	23	Solido
13	25	24	Solido
13	24	21	Solido
27	48	55	Solido
88	120	87	Solido
165	237	230	Solido
71	86	65	Solido
137	181	144	Solido
185	254	247	Solido
109	149	133	Solido
128	172	150	Solido
153	206	194	Solido
9	19	22	Solido
165	231	221	Solido
13	20	20	Solido
81	128	113	Solido
13	23	20	Solido
11	24	24	Solido
40	70	67	Solido
163	226	222	Solido
146	189	155	Solido
155	222	203	Solido
74	109	97	Solido
162	226	219	Solido
165	229	228	Solido
169	237	224	Solido
87	119	95	Solido
136	178	148	Solido
161	220	210	Solido
59	93	99	Solido
114	152	137	Solido
144	195	176	Solido
151	221	214	Solido
180	241	238	Solido
123	169	158	Solido
19	27	25	Solido
139	184	130	Solido
181	250	244	Solido
15	55	106	Solido
182	252	241	Solido
17	28	25	Solido
12	27	22	Solido
176	239	236	Solido
73	111	85	Solido
73	96	76	Solido
18	32	25	Solido
174	245	234	Solido
179	243	241	Solido
103	140	124	Solido
15	31	27	Solido
22	39	32	Solido
89	135	118	Solido
14	25	25	Solido
89	120	119	Solido
98	141	125	Solido
105	145	131	Solido
75	117	98	Solido
14	22	24	Solido
153	207	198	Solido
125	179	143	Solido
125	167	144	Solido
14	32	31	Solido
13	23	21	Solido
70	100	92	Solido
167	235	218	Solido
13	24	23	Solido
134	181	157	Solido
166	232	225	Solido
141	186	181	Solido
137	179	153	Solido
22	49	54	Solido
131	179	153	Solido
62	73	60	Solido
179	248	234	Solido
66	112	105	Solido
129	173	150	Solido
119	154	124	Solido
161	224	210	Solido
46	82	81	Solido
10	23	23	Solido
138	181	153	Solido
12	25	27	Solido
96	142	120	Solido
131	177	145	Solido
120	173	157	Solido
91	141	117	Solido
13	22	20	Solido
177	244	238	Solido
177	244	237	Solido
179	242	237	Solido
163	221	229	Solido
133	187	159	Solido
175	246	236	Solido
77	104	116	Solido
131	175	146	Solido
94	133	122	Solido
174	244	238	Solido
123	175	156	Solido
173	244	238	Solido
178	249	241	Solido
181	249	245	Solido
181	248	228	Solido
179	250	234	Solido
137	177	147	Solido
83	125	117	Solido
147	209	188	Solido
77	109	82	Solido
64	103	100	Solido
123	190	189	Solido
116	187	191	Solido
163	225	226	Solido
66	106	82	Solido
131	168	171	Solido
179	249	243	Solido
137	185	153	Solido
152	209	192	Solido
23	41	38	Solido
82	120	115	Solido
163	224	226	Solido
163	217	182	Solido
102	153	139	Solido
13	22	20	Solido
12	26	24	Solido
88	123	108	Solido
179	250	246	Solido
20	35	29	Solido
111	154	149	Solido
60	71	58	Solido
155	224	221	Solido
10	21	21	Solido
12	21	21	Solido
165	238	224	Solido
172	241	236	Solido
16	26	21	Solido
61	94	93	Solido
84	132	125	Solido
174	241	236	Solido
54	68	53	Solido
147	192	167	Solido
83	118	105	Solido
13	31	34	Solido
112	161	149	Solido
177	240	235	Solido
172	242	238	Solido
1	20	64	Solido
77	105	79	Solido
1	38	83	Solido
16	28	28	Solido
122	167	151	Solido
15	25	23	Solido
48	70	48	Solido
15	27	24	Solido
52	82	72	Solido
13	27	21	Solido
24	62	61	Solido
83	115	100	Solido
75	94	74	Solido
171	242	235	Solido
14	30	22	Solido
117	173	188	Solido
175	248	241	Solido
185	250	245	Solido
161	217	218	Solido
41	66	72	Solido
138	183	151	Solido
106	151	151	Solido
179	250	237	Solido
28	57	44	Solido
62	94	79	Solido
68	103	95	Solido
77	124	119	Solido
151	221	217	Solido
12	30	29	Solido
8	18	19	Solido
36	68	83	Solido
10	20	18	Solido
157	216	202	Solido
180	242	228	Solido
86	120	127	Solido
81	116	85	Solido
174	244	222	Solido
155	212	202	Solido
164	228	223	Solido
183	251	246	Solido
79	113	81	Solido
63	101	92	Solido
14	30	28	Solido
55	68	57	Solido
95	140	122	Solido
90	126	115	Solido
10	24	26	Solido
171	245	238	Solido
27	50	34	Solido
47	59	46	Solido
140	197	183	Solido
13	29	27	Solido
173	241	231	Solido
115	154	141	Solido
177	247	239	Solido
173	239	226	Solido
103	152	123	Solido
16	27	26	Solido
15	28	22	Solido
30	53	43	Solido
179	251	241	Solido
51	95	77	Solido
22	49	46	Solido
13	42	48	Solido
111	148	135	Solido
13	26	26	Solido
179	250	241	Solido
120	161	132	Solido
163	219	225	Solido
160	224	222	Solido
171	235	241	Solido
17	37	34	Solido
174	242	234	Solido
10	22	20	Solido
164	234	224	Solido
185	251	248	Solido
87	125	93	Solido
107	157	141	Solido
88	128	137	Solido
106	151	159	Solido
131	170	142	Solido
175	242	232	Solido
14	26	24	Solido
88	140	117	Solido
168	237	231	Solido
176	245	242	Solido
112	153	131	Solido
175	243	239	Solido
61	109	104	Solido
122	168	150	Solido
171	235	232	Solido
121	169	160	Solido
116	162	149	Solido
155	197	169	Solido
13	25	27	Solido
16	34	35	Solido
111	158	145	Solido
175	246	238	Solido
7	21	21	Solido
183	247	244	Solido
157	210	195	Solido
170	239	232	Solido
12	23	25	Solido
78	111	99	Solido
83	115	86	Solido
176	247	239	Solido
13	25	25	Solido
63	98	86	Solido
27	55	59	Solido
105	144	141	Solido
154	195	167	Solido
150	214	204	Solido
180	244	241	Solido
19	34	27	Solido
183	247	245	Solido
166	235	237	Solido
106	145	138	Solido
169	228	206	Solido
19	29	28	Solido
170	237	225	Solido
167	236	235	Solido
14	30	29	Solido
13	27	29	Solido
16	35	51	Solido
38	61	68	Solido
81	127	118	Solido
14	25	25	Solido
53	62	49	Solido
13	23	25	Solido
59	89	83	Solido
61	96	53	Solido
155	207	186	Solido
102	142	118	Solido
170	240	233	Solido
74	108	122	Solido
127	159	117	Solido
172	241	234	Solido
133	205	212	Solido
29	54	57	Solido
59	100	96	Solido
105	148	152	Solido
118	170	154	Solido
57	88	87	Solido
17	46	66	Solido
14	31	32	Solido
12	27	28	Solido
171	238	230	Solido
103	150	137	Solido
12	25	25	Solido
77	123	84	Solido
90	131	139	Solido
19	41	39	Solido
10	22	23	Solido
110	134	95	Solido
174	240	211	Solido
17	48	60	Solido
148	207	183	Solido
71	104	116	Solido
172	238	232	Solido
19	28	25	Solido
182	250	242	Solido
82	125	118	Solido
184	251	252	Solido
173	239	237	Solido
117	155	114	Solido
98	138	97	Solido
176	246	237	Solido
177	248	239	Solido
89	121	106	Solido
159	228	219	Solido
142	187	154	Solido
172	243	236	Solido
79	112	103	Solido
37	54	67	Solido
13	25	24	Solido
58	94	107	Solido
13	26	25	Solido
70	104	92	Solido
74	108	86	Solido
143	187	160	Solido
38	60	43	Solido
11	22	25	Solido
132	171	152	Solido
27	43	39	Solido
178	230	187	Solido
14	26	22	Solido
65	95	94	Solido
11	23	21	Solido
13	24	20	Solido
146	193	163	Solido
181	252	241	Solido
181	246	240	Solido
173	239	238	Solido
126	175	165	Solido
175	244	231	Solido
10	20	20	Solido
30	65	58	Solido
24	45	37	Solido
174	241	226	Solido
185	254	249	Solido
97	142	118	Solido
168	232	228	Solido
125	174	147	Solido
9	18	22	Solido
79	116	98	Solido
95	143	140	Solido
12	29	31	Solido
51	93	82	Solido
179	251	243	Solido
59	91	68	Solido
165	234	216	Solido
149	217	216	Solido
181	249	245	Solido
164	228	224	Solido
14	28	36	Solido
173	243	239	Solido
16	26	24	Solido
11	22	21	Solido
15	28	25	Solido
121	165	136	Solido
114	154	127	Solido
175	238	241	Solido
77	110	92	Solido
177	248	239	Solido
171	241	236	Solido
130	175	145	Solido
19	34	35	Solido
66	97	85	Solido
17	29	27	Solido
135	180	173	Solido
10	22	17	Solido
15	28	26	Solido
37	67	82	Solido
168	231	212	Solido
182	248	238	Solido
8	17	17	Solido
96	136	120	Solido
9	18	19	Solido
142	202	195	Solido
182	247	247	Solido
112	159	149	Solido
163	231	222	Solido
105	144	131	Solido
144	192	172	Solido
163	220	204	Solido
18	32	25	Solido
14	29	29	Solido
25	38	30	Solido
71	78	62	Solido
179	245	237	Solido
160	220	207	Solido
18	36	30	Solido
127	174	158	Solido
173	237	237	Solido
173	244	233	Solido
65	81	59	Solido
80	114	115	Solido
13	25	20	Solido
120	159	127	Solido
181	246	242	Solido
187	251	250	Solido
118	170	151	Solido
180	247	243	Solido
167	229	227	Solido
13	22	20	Solido
10	23	21	Solido
167	229	231	Solido
113	167	142	Solido
168	242	232	Solido
175	240	238	Solido
53	88	83	Solido
176	247	239	Solido
116	166	153	Solido
16	26	25	Solido
183	246	246	Solido
16	29	21	Solido
163	231	233	Solido
14	25	27	Solido
78	115	115	Solido
14	22	18	Solido
11	21	21	Solido
115	159	135	Solido
135	181	151	Solido
173	244	240	Solido
99	137	127	Solido
176	245	234	Solido
35	62	63	Solido
148	217	215	Solido
180	254	250	Solido
134	179	149	Solido
66	109	111	Solido
13	25	26	Solido
177	236	233	Solido
76	109	98	Solido
172	240	233	Solido
169	239	230	Solido
49	94	92	Solido
11	17	16	Solido
72	107	106	Solido
49	72	68	Solido
20	45	44	Solido
139	200	188	Solido
160	230	224	Solido
107	156	152	Solido
115	153	126	Solido
120	160	124	Solido
180	246	241	Solido
65	101	91	Solido
102	141	125	Solido
71	110	121	Solido
15	25	27	Solido
15	28	24	Solido
177	245	233	Solido
167	234	225	Solido
14	28	26	Solido
87	120	85	Solido
177	238	234	Solido
15	28	29	Solido
90	133	111	Solido
87	119	85	Solido
83	122	114	Solido
177	246	241	Solido
164	233	227	Solido
178	246	246	Solido
20	37	30	Solido
54	85	90	Solido
177	246	240	Solido
102	138	121	Solido
17	27	30	Solido
130	171	144	Solido
16	48	57	Solido
22	46	39	Solido
163	234	219	Solido
140	186	162	Solido
14	23	22	Solido
16	27	25	Solido
165	235	229	Solido
43	76	42	Solido
90	131	104	Solido
100	145	127	Solido
163	231	229	Solido
15	29	26	Solido
73	104	75	Solido
12	22	22	Solido
171	241	239	Solido
120	168	127	Solido
191	254	251	Solido
16	25	25	Solido
176	243	239	Solido
162	229	225	Solido
152	203	198	Solido
145	207	207	Solido
160	234	232	Solido
181	245	244	Solido
132	173	143	Solido
18	41	38	Solido
176	246	239	Solido
13	30	29	Solido
31	60	54	Solido
10	18	19	Solido
12	21	32	Solido
135	186	184	Solido
73	119	123	Solido
167	233	218	Solido
17	32	23	Solido
133	179	149	Solido
66	93	99	Solido
153	198	156	Solido
89	120	112	Solido
79	93	74	Solido
173	242	232	Solido
22	34	27	Solido
114	157	140	Solido
165	239	235	Solido
115	179	165	Solido
73	112	99	Solido
176	246	238	Solido
40	71	82	Solido
129	173	144	Solido
108	150	135	Solido
19	34	27	Solido
173	244	233	Solido
11	22	23	Solido
100	140	115	Solido
147	198	220	Solido
75	139	172	Solido
12	22	22	Solido
99	134	115	Solido
130	174	145	Solido
24	48	39	Solido
18	49	58	Solido
179	246	241	Solido
81	119	103	Solido
167	232	224	Solido
11	24	19	Solido
80	124	111	Solido
179	240	239	Solido
154	224	219	Solido
12	26	26	Solido
167	234	225	Solido
175	245	237	Solido
51	85	72	Solido
73	112	103	Solido
173	247	236	Solido
13	24	26	Solido
175	240	235	Solido
179	248	241	Solido
19	34	32	Solido
170	235	227	Solido
13	26	21	Solido
165	232	216	Solido
174	242	237	Solido
102	146	127	Solido
12	24	23	Solido
110	158	140	Solido
36	69	57	Solido
20	32	27	Solido
75	122	128	Solido
176	245	235	Solido
13	23	25	Solido
156	213	218	Solido
169	246	225	Solido
14	26	28	Solido
18	43	58	Solido
15	25	25	Solido
57	94	73	Solido
12	24	22	Solido
11	23	20	Solido
14	22	20	Solido
102	142	120	Solido
177	241	237	Solido
148	198	185	Solido
14	23	25	Solido
183	244	227	Solido
116	166	148	Solido
126	191	189	Solido
12	35	32	Solido
17	32	26	Solido
128	189	171	Solido
12	20	21	Solido
111	161	131	Solido
80	118	121	Solido
147	194	169	Solido
106	148	132	Solido
55	92	88	Solido
10	22	21	Solido
14	25	23	Solido
114	163	129	Solido
122	165	136	Solido
87	119	109	Solido
170	235	229	Solido
151	213	216	Solido
61	87	95	Solido
23	45	59	Solido
83	122	126	Solido
165	233	217	Solido
125	193	175	Solido
142	187	160	Solido
175	238	230	Solido
11	27	31	Solido
170	239	232	Solido
17	29	24	Solido
52	76	82	Solido
153	208	193	Solido
175	240	234	Solido
12	23	22	Solido
168	238	234	Solido
173	243	235	Solido
110	152	117	Solido
125	168	143	Solido
136	178	149	Solido
90	135	121	Solido
15	24	20	Solido
13	24	20	Solido
174	244	240	Solido
141	194	192	Solido
14	37	26	Solido
177	237	234	Solido
117	158	135	Solido
177	242	234	Solido
175	241	228	Solido
13	25	27	Solido
173	241	234	Solido
175	250	242	Solido
163	235	219	Solido
144	214	219	Solido
74	101	78	Solido
21	37	41	Solido
13	29	26	Solido
126	168	145	Solido
13	25	23	Solido
137	179	149	Solido
118	157	128	Solido
121	157	148	Solido
