1	53	107	Poro
24	107	149	Poro
54	145	170	Poro
6	45	90	Poro
19	91	120	Poro
63	149	171	Poro
17	66	98	Poro
30	103	121	Poro
14	77	115	Poro
12	46	70	Poro
25	108	149	Poro
16	100	146	Poro
35	107	129	Poro
36	126	177	Poro
0	0	0	Poro
23	68	90	Poro
11	71	109	Poro
26	77	109	Poro
17	106	181	Poro
56	129	154	Poro
30	101	135	Poro
18	96	165	Poro
31	103	138	Poro
39	80	79	Poro
15	82	112	Poro
36	137	169	Poro
38	93	116	Poro
19	106	156	Poro
13	92	140	Poro
38	119	143	Poro
37	101	136	Poro
24	98	126	Poro
3	40	60	Poro
57	145	156	Poro
30	107	145	Poro
43	101	141	Poro
3	64	105	Poro
16	104	161	Poro
15	104	178	Poro
29	111	140	Poro
20	63	91	Poro
64	114	89	Poro
7	30	55	Poro
19	101	133	Poro
87	147	140	Poro
27	62	63	Poro
25	101	151	Poro
78	152	175	Poro
79	163	179	Poro
19	77	110	Poro
64	122	135	Poro
63	118	117	Poro
31	124	164	Poro
60	133	149	Poro
64	140	165	Poro
43	123	150	Poro
89	175	193	Poro
47	119	121	Poro
38	132	162	Poro
55	121	149	Poro
40	92	138	Poro
28	100	133	Poro
20	85	124	Poro
42	121	159	Poro
11	57	76	Poro
40	139	182	Poro
16	44	77	Poro
124	188	219	Poro
22	90	137	Poro
15	106	167	Poro
7	66	112	Poro
15	108	168	Poro
62	138	146	Poro
76	156	154	Poro
38	145	189	Poro
130	210	203	Poro
28	70	79	Poro
73	163	182	Poro
65	156	170	Poro
53	149	181	Poro
79	176	194	Poro
30	102	140	Poro
42	141	174	Poro
55	143	179	Poro
116	181	200	Poro
71	151	161	Poro
18	105	175	Poro
24	112	160	Poro
46	130	147	Poro
76	145	176	Poro
14	78	106	Poro
49	118	132	Poro
32	120	148	Poro
108	189	216	Poro
26	91	129	Poro
77	164	196	Poro
23	112	151	Poro
24	96	128	Poro
57	154	185	Poro
113	189	202	Poro
76	173	195	Poro
62	157	181	Poro
33	120	153	Poro
19	93	132	Poro
14	79	107	Poro
44	92	99	Poro
34	128	163	Poro
34	97	115	Poro
107	163	156	Poro
25	91	117	Poro
47	111	133	Poro
21	105	151	Poro
45	110	115	Poro
66	152	186	Poro
87	179	196	Poro
76	131	167	Poro
19	103	146	Poro
11	57	85	Poro
46	129	162	Poro
112	183	173	Poro
64	134	171	Poro
32	134	192	Poro
22	106	147	Poro
51	133	151	Poro
35	97	107	Poro
41	106	138	Poro
47	138	164	Poro
39	114	139	Poro
34	135	172	Poro
25	98	128	Poro
36	129	147	Poro
18	59	86	Poro
78	170	192	Poro
31	121	150	Poro
22	66	82	Poro
47	113	124	Poro
37	106	136	Poro
83	173	181	Poro
108	195	200	Poro
73	170	182	Poro
49	105	96	Poro
38	111	163	Poro
38	110	144	Poro
93	170	184	Poro
43	125	151	Poro
26	98	131	Poro
17	104	149	Poro
48	146	181	Poro
93	176	194	Poro
76	145	169	Poro
70	168	197	Poro
113	174	208	Poro
34	91	132	Poro
69	149	162	Poro
106	165	175	Poro
9	36	75	Poro
92	175	191	Poro
15	72	104	Poro
83	161	165	Poro
76	140	152	Poro
77	136	141	Poro
31	116	145	Poro
39	109	151	Poro
98	175	194	Poro
28	62	63	Poro
44	100	127	Poro
28	111	135	Poro
33	104	130	Poro
0	0	0	Poro
44	149	187	Poro
23	90	122	Poro
51	151	188	Poro
13	103	175	Poro
16	56	95	Poro
111	179	200	Poro
165	221	155	Poro
36	123	143	Poro
53	149	188	Poro
27	116	154	Poro
34	130	168	Poro
18	94	138	Poro
27	111	150	Poro
1	38	61	Poro
45	132	161	Poro
29	76	110	Poro
61	130	152	Poro
25	113	135	Poro
15	88	139	Poro
84	174	189	Poro
45	136	160	Poro
38	82	97	Poro
92	176	198	Poro
20	72	99	Poro
66	163	193	Poro
35	112	146	Poro
46	123	139	Poro
12	90	131	Poro
21	94	152	Poro
1	43	72	Poro
30	89	100	Poro
57	105	143	Poro
1	43	90	Poro
39	134	164	Poro
17	93	138	Poro
24	115	160	Poro
32	119	148	Poro
19	84	110	Poro
7	84	151	Poro
15	106	181	Poro
35	121	146	Poro
30	121	160	Poro
18	103	157	Poro
71	167	199	Poro
13	53	96	Poro
22	99	122	Poro
41	150	183	Poro
48	130	153	Poro
20	92	143	Poro
16	94	155	Poro
37	124	152	Poro
18	94	140	Poro
27	120	174	Poro
27	126	168	Poro
41	139	163	Poro
22	110	146	Poro
47	107	124	Poro
37	117	155	Poro
14	61	114	Poro
20	99	126	Poro
41	96	109	Poro
106	180	174	Poro
14	105	178	Poro
59	141	152	Poro
12	78	124	Poro
21	111	163	Poro
56	119	129	Poro
135	200	193	Poro
30	101	118	Poro
88	155	179	Poro
29	103	135	Poro
18	98	147	Poro
1	58	106	Poro
1	46	87	Poro
19	87	120	Poro
29	105	128	Poro
22	99	146	Poro
18	85	122	Poro
37	90	132	Poro
17	45	64	Poro
25	113	150	Poro
19	98	142	Poro
24	93	128	Poro
72	130	125	Poro
36	79	88	Poro
26	83	125	Poro
42	135	166	Poro
58	130	174	Poro
25	115	154	Poro
25	115	176	Poro
11	63	102	Poro
29	128	177	Poro
14	40	53	Poro
25	105	144	Poro
70	171	217	Poro
80	175	184	Poro
98	186	188	Poro
37	107	133	Poro
113	178	161	Poro
13	50	86	Poro
114	181	183	Poro
17	105	169	Poro
74	173	200	Poro
62	136	168	Poro
43	118	152	Poro
38	91	103	Poro
18	85	117	Poro
108	189	203	Poro
45	134	176	Poro
50	130	149	Poro
23	99	130	Poro
89	176	198	Poro
65	165	188	Poro
38	123	149	Poro
50	135	171	Poro
101	170	197	Poro
26	93	134	Poro
20	104	157	Poro
75	145	143	Poro
17	50	77	Poro
15	78	119	Poro
69	144	163	Poro
51	154	196	Poro
31	122	160	Poro
53	138	151	Poro
26	70	77	Poro
83	171	180	Poro
44	128	153	Poro
37	134	175	Poro
52	155	199	Poro
35	125	164	Poro
26	98	130	Poro
128	193	187	Poro
27	73	112	Poro
1	69	115	Poro
71	153	185	Poro
37	145	187	Poro
20	99	142	Poro
68	163	188	Poro
21	114	167	Poro
61	148	172	Poro
80	154	172	Poro
3	58	110	Poro
66	123	129	Poro
34	114	137	Poro
63	130	128	Poro
14	107	185	Poro
3	65	128	Poro
93	182	198	Poro
14	87	127	Poro
29	67	80	Poro
66	159	181	Poro
37	117	145	Poro
24	59	83	Poro
16	104	165	Poro
8	58	103	Poro
47	139	174	Poro
39	109	138	Poro
28	113	154	Poro
57	150	181	Poro
35	117	140	Poro
8	36	54	Poro
8	55	77	Poro
12	47	73	Poro
79	164	177	Poro
47	139	163	Poro
20	103	132	Poro
55	111	117	Poro
114	188	211	Poro
19	96	133	Poro
53	117	121	Poro
19	97	143	Poro
24	109	130	Poro
35	118	151	Poro
56	156	196	Poro
38	118	145	Poro
77	171	197	Poro
34	83	117	Poro
36	134	162	Poro
33	134	192	Poro
61	160	187	Poro
24	114	173	Poro
56	159	194	Poro
16	103	161	Poro
28	103	147	Poro
48	106	127	Poro
30	126	166	Poro
69	133	175	Poro
12	103	179	Poro
74	151	156	Poro
25	103	139	Poro
51	157	198	Poro
121	173	131	Poro
20	106	155	Poro
18	87	124	Poro
43	91	99	Poro
75	148	166	Poro
41	132	169	Poro
16	81	111	Poro
27	74	116	Poro
147	209	204	Poro
38	139	185	Poro
23	106	151	Poro
22	110	161	Poro
85	177	191	Poro
27	109	129	Poro
93	161	165	Poro
21	89	135	Poro
27	97	142	Poro
15	107	167	Poro
80	173	192	Poro
20	61	86	Poro
60	162	197	Poro
31	87	123	Poro
30	67	71	Poro
36	114	143	Poro
22	95	114	Poro
15	68	110	Poro
119	185	183	Poro
18	100	152	Poro
27	99	150	Poro
54	123	147	Poro
12	103	175	Poro
15	100	153	Poro
89	159	171	Poro
37	139	196	Poro
24	114	178	Poro
19	99	122	Poro
97	166	201	Poro
21	113	153	Poro
32	115	140	Poro
22	103	125	Poro
19	111	162	Poro
30	93	123	Poro
21	85	115	Poro
16	86	118	Poro
41	129	156	Poro
0	0	0	Poro
65	159	164	Poro
16	103	171	Poro
65	116	151	Poro
31	117	161	Poro
80	148	187	Poro
30	75	84	Poro
41	135	156	Poro
26	88	145	Poro
119	183	186	Poro
42	122	171	Poro
86	165	195	Poro
26	87	132	Poro
26	124	171	Poro
31	101	128	Poro
22	101	147	Poro
22	105	151	Poro
18	87	121	Poro
21	108	151	Poro
26	114	139	Poro
40	146	189	Poro
30	108	136	Poro
35	125	161	Poro
12	43	74	Poro
36	95	112	Poro
27	122	162	Poro
10	62	97	Poro
89	176	201	Poro
18	98	146	Poro
2	54	106	Poro
61	115	132	Poro
29	126	165	Poro
26	83	94	Poro
30	115	154	Poro
41	123	156	Poro
26	109	144	Poro
94	173	195	Poro
16	99	139	Poro
35	115	139	Poro
22	107	145	Poro
26	100	131	Poro
90	153	184	Poro
39	112	135	Poro
90	154	145	Poro
17	96	166	Poro
132	212	213	Poro
75	169	189	Poro
65	136	159	Poro
33	119	160	Poro
14	50	79	Poro
13	106	167	Poro
76	145	141	Poro
78	159	183	Poro
73	170	183	Poro
27	111	172	Poro
25	121	183	Poro
20	112	146	Poro
69	129	147	Poro
31	105	151	Poro
17	93	135	Poro
35	107	127	Poro
32	118	153	Poro
45	115	136	Poro
34	114	147	Poro
103	179	179	Poro
64	139	159	Poro
29	106	137	Poro
16	106	181	Poro
36	129	169	Poro
72	155	187	Poro
73	159	168	Poro
43	129	145	Poro
26	115	155	Poro
30	114	159	Poro
30	101	149	Poro
99	177	194	Poro
97	189	201	Poro
5	40	57	Poro
2	28	57	Poro
16	92	143	Poro
14	76	119	Poro
24	63	101	Poro
41	111	137	Poro
33	114	139	Poro
23	97	123	Poro
55	125	157	Poro
105	176	201	Poro
25	51	64	Poro
36	81	110	Poro
29	104	142	Poro
23	102	122	Poro
22	80	120	Poro
39	117	141	Poro
12	77	134	Poro
21	102	148	Poro
15	104	179	Poro
18	45	54	Poro
19	87	114	Poro
36	106	137	Poro
28	103	132	Poro
16	83	121	Poro
23	108	145	Poro
10	69	107	Poro
22	58	73	Poro
24	106	145	Poro
28	93	136	Poro
31	113	154	Poro
35	79	96	Poro
68	133	137	Poro
96	186	200	Poro
7	71	102	Poro
92	172	201	Poro
24	73	96	Poro
26	66	86	Poro
32	100	124	Poro
15	109	189	Poro
50	146	178	Poro
53	149	179	Poro
17	110	170	Poro
24	73	91	Poro
34	89	117	Poro
28	90	95	Poro
34	132	168	Poro
17	113	188	Poro
55	132	157	Poro
31	119	156	Poro
12	81	115	Poro
27	90	113	Poro
37	74	82	Poro
15	82	133	Poro
21	95	129	Poro
16	103	165	Poro
15	97	142	Poro
52	125	160	Poro
41	130	157	Poro
45	125	146	Poro
32	97	127	Poro
62	128	144	Poro
46	150	198	Poro
16	109	185	Poro
32	130	187	Poro
76	167	185	Poro
59	133	150	Poro
25	62	73	Poro
30	106	146	Poro
12	106	156	Poro
26	68	77	Poro
40	123	138	Poro
40	106	124	Poro
31	84	105	Poro
57	154	182	Poro
15	89	152	Poro
100	170	177	Poro
113	191	211	Poro
89	180	198	Poro
83	175	195	Poro
17	103	173	Poro
61	135	133	Poro
31	108	139	Poro
47	153	198	Poro
36	105	119	Poro
25	98	136	Poro
34	117	150	Poro
28	117	149	Poro
22	99	127	Poro
38	116	151	Poro
23	105	124	Poro
63	139	150	Poro
45	120	145	Poro
14	85	130	Poro
69	120	145	Poro
59	155	181	Poro
19	84	135	Poro
49	95	101	Poro
91	182	197	Poro
66	141	149	Poro
85	169	198	Poro
15	105	175	Poro
85	178	205	Poro
29	118	156	Poro
87	149	176	Poro
36	107	115	Poro
69	138	173	Poro
40	96	125	Poro
20	115	160	Poro
32	93	106	Poro
5	51	94	Poro
35	115	139	Poro
76	137	155	Poro
31	65	65	Poro
26	114	147	Poro
62	121	130	Poro
32	131	183	Poro
22	113	157	Poro
32	66	80	Poro
21	109	166	Poro
26	114	157	Poro
18	73	88	Poro
16	69	110	Poro
12	90	163	Poro
47	108	129	Poro
33	126	162	Poro
76	173	196	Poro
21	104	150	Poro
23	100	129	Poro
49	134	160	Poro
19	107	173	Poro
12	73	111	Poro
29	101	128	Poro
20	76	98	Poro
48	153	196	Poro
14	68	81	Poro
69	137	188	Poro
19	69	135	Poro
15	106	181	Poro
15	76	96	Poro
22	105	148	Poro
27	123	163	Poro
30	121	179	Poro
13	81	123	Poro
27	110	148	Poro
31	106	139	Poro
41	120	143	Poro
44	136	159	Poro
44	131	151	Poro
193	243	171	Poro
37	80	86	Poro
57	133	151	Poro
16	87	129	Poro
27	121	160	Poro
50	135	171	Poro
39	134	171	Poro
35	94	110	Poro
28	97	125	Poro
57	132	150	Poro
40	149	188	Poro
33	100	110	Poro
37	106	126	Poro
107	179	175	Poro
46	103	99	Poro
61	139	138	Poro
36	121	164	Poro
28	117	155	Poro
17	105	173	Poro
44	83	83	Poro
23	108	154	Poro
61	162	195	Poro
50	120	157	Poro
82	153	173	Poro
84	155	181	Poro
17	59	89	Poro
128	198	187	Poro
33	125	162	Poro
14	106	169	Poro
40	127	156	Poro
64	149	166	Poro
29	110	133	Poro
57	137	177	Poro
29	119	179	Poro
40	83	97	Poro
32	113	134	Poro
75	149	167	Poro
22	114	166	Poro
74	159	193	Poro
39	136	154	Poro
64	140	173	Poro
33	111	139	Poro
13	36	65	Poro
42	116	126	Poro
27	103	135	Poro
36	103	128	Poro
52	115	120	Poro
87	174	175	Poro
70	144	165	Poro
26	73	114	Poro
19	108	179	Poro
54	158	186	Poro
38	123	148	Poro
64	128	143	Poro
85	163	164	Poro
55	121	122	Poro
51	156	197	Poro
84	153	159	Poro
12	95	140	Poro
27	100	139	Poro
42	143	183	Poro
102	185	204	Poro
29	119	145	Poro
11	85	128	Poro
94	176	170	Poro
33	119	156	Poro
15	40	62	Poro
42	137	171	Poro
29	119	153	Poro
19	105	139	Poro
60	128	149	Poro
74	153	150	Poro
52	114	138	Poro
9	78	111	Poro
7	79	109	Poro
19	85	129	Poro
19	108	161	Poro
25	90	131	Poro
22	102	163	Poro
20	82	105	Poro
8	80	117	Poro
13	95	163	Poro
66	127	119	Poro
27	104	146	Poro
85	188	216	Poro
72	134	160	Poro
26	115	155	Poro
68	171	205	Poro
16	100	178	Poro
24	57	67	Poro
43	143	177	Poro
54	124	162	Poro
65	144	150	Poro
23	54	66	Poro
17	46	79	Poro
85	148	159	Poro
21	92	131	Poro
47	102	114	Poro
95	191	198	Poro
16	81	120	Poro
62	160	186	Poro
24	120	175	Poro
21	103	143	Poro
43	125	145	Poro
40	135	163	Poro
28	116	163	Poro
43	138	181	Poro
14	107	181	Poro
20	110	161	Poro
38	102	126	Poro
92	160	156	Poro
77	161	166	Poro
34	131	189	Poro
67	134	149	Poro
28	89	127	Poro
52	157	195	Poro
23	102	164	Poro
24	98	124	Poro
38	96	124	Poro
43	94	133	Poro
24	118	172	Poro
21	60	79	Poro
22	93	140	Poro
32	90	157	Poro
12	74	117	Poro
33	91	117	Poro
46	148	192	Poro
28	117	155	Poro
56	138	153	Poro
29	129	161	Poro
18	106	158	Poro
41	116	143	Poro
87	174	194	Poro
20	112	168	Poro
47	150	191	Poro
82	160	179	Poro
21	99	151	Poro
70	165	180	Poro
101	184	201	Poro
31	86	97	Poro
33	107	126	Poro
44	98	110	Poro
38	92	111	Poro
21	89	126	Poro
35	90	103	Poro
7	57	80	Poro
9	77	116	Poro
79	146	167	Poro
124	209	209	Poro
124	177	123	Poro
14	59	98	Poro
41	119	138	Poro
33	121	151	Poro
52	134	160	Poro
96	166	196	Poro
70	139	147	Poro
12	86	126	Poro
28	77	119	Poro
41	138	170	Poro
46	131	162	Poro
37	144	199	Poro
51	113	141	Poro
66	155	175	Poro
17	104	165	Poro
56	149	169	Poro
79	169	183	Poro
99	177	200	Poro
49	122	117	Poro
15	95	136	Poro
13	50	90	Poro
40	85	96	Poro
91	163	175	Poro
33	106	144	Poro
74	131	136	Poro
18	72	127	Poro
58	158	187	Poro
44	147	191	Poro
18	56	95	Poro
47	150	188	Poro
96	162	172	Poro
57	129	161	Poro
23	68	90	Poro
17	107	174	Poro
89	163	177	Poro
17	46	62	Poro
39	96	139	Poro
109	173	196	Poro
52	144	175	Poro
28	104	149	Poro
54	135	126	Poro
91	155	165	Poro
26	101	132	Poro
92	165	192	Poro
108	186	206	Poro
10	83	124	Poro
33	85	97	Poro
31	123	171	Poro
43	114	141	Poro
110	185	205	Poro
57	159	183	Poro
60	135	137	Poro
28	73	89	Poro
84	129	134	Poro
46	92	132	Poro
64	126	166	Poro
60	159	197	Poro
86	143	165	Poro
38	121	166	Poro
81	157	163	Poro
109	187	201	Poro
59	131	133	Poro
23	105	149	Poro
64	142	174	Poro
49	115	150	Poro
57	144	161	Poro
41	125	157	Poro
40	110	135	Poro
27	105	138	Poro
70	156	171	Poro
40	135	180	Poro
42	87	104	Poro
13	81	147	Poro
43	132	170	Poro
85	162	163	Poro
81	150	157	Poro
45	121	157	Poro
14	72	129	Poro
62	161	191	Poro
18	104	175	Poro
63	154	172	Poro
12	67	102	Poro
81	151	165	Poro
22	108	153	Poro
31	121	162	Poro
29	104	134	Poro
49	106	114	Poro
29	74	118	Poro
86	165	200	Poro
49	149	186	Poro
90	178	202	Poro
26	123	182	Poro
87	135	104	Poro
43	115	145	Poro
35	120	152	Poro
16	92	131	Poro
29	119	156	Poro
126	199	195	Poro
55	151	183	Poro
24	105	145	Poro
24	63	82	Poro
15	81	108	Poro
88	160	178	Poro
51	120	135	Poro
38	91	112	Poro
58	115	155	Poro
31	119	160	Poro
26	109	168	Poro
25	110	154	Poro
13	87	130	Poro
62	162	183	Poro
90	188	195	Poro
26	81	95	Poro
14	104	145	Poro
20	106	151	Poro
60	145	174	Poro
81	172	196	Poro
41	89	98	Poro
33	107	135	Poro
27	94	134	Poro
31	105	125	Poro
20	92	119	Poro
24	67	78	Poro
29	85	99	Poro
84	157	175	Poro
20	102	145	Poro
19	107	133	Poro
100	164	196	Poro
17	64	73	Poro
49	131	156	Poro
18	98	147	Poro
88	176	196	Poro
34	102	112	Poro
38	147	192	Poro
47	136	182	Poro
15	90	139	Poro
107	180	202	Poro
23	92	118	Poro
34	80	109	Poro
26	114	158	Poro
37	127	161	Poro
3	27	50	Poro
19	93	103	Poro
30	74	80	Poro
38	95	114	Poro
40	139	187	Poro
94	160	143	Poro
16	102	177	Poro
71	159	175	Poro
12	102	175	Poro
23	74	97	Poro
75	143	177	Poro
94	186	201	Poro
38	87	96	Poro
27	114	150	Poro
48	116	150	Poro
31	104	130	Poro
13	54	91	Poro
25	71	89	Poro
36	129	162	Poro
25	107	150	Poro
24	115	166	Poro
52	134	149	Poro
26	110	143	Poro
45	122	155	Poro
47	126	150	Poro
37	139	177	Poro
87	173	195	Poro
56	118	121	Poro
80	168	186	Poro
33	119	147	Poro
22	87	112	Poro
31	117	150	Poro
14	82	132	Poro
125	206	209	Poro
22	91	118	Poro
29	91	118	Poro
32	96	107	Poro
49	151	193	Poro
7	41	68	Poro
17	108	181	Poro
7	50	68	Poro
17	47	61	Poro
93	181	188	Poro
77	158	177	Poro
22	107	160	Poro
33	111	133	Poro
17	60	85	Poro
108	198	204	Poro
86	187	221	Poro
36	109	134	Poro
17	88	133	Poro
30	124	145	Poro
31	66	77	Poro
41	139	196	Poro
38	137	169	Poro
25	100	139	Poro
43	134	171	Poro
16	108	181	Poro
69	136	148	Poro
61	139	150	Poro
34	126	156	Poro
78	144	163	Poro
60	136	173	Poro
44	102	129	Poro
29	119	151	Poro
98	186	204	Poro
61	157	189	Poro
39	129	169	Poro
57	124	139	Poro
3	58	111	Poro
1	51	76	Poro
31	116	147	Poro
40	135	164	Poro
47	106	131	Poro
13	95	151	Poro
31	108	133	Poro
66	139	176	Poro
21	112	180	Poro
34	82	132	Poro
18	71	97	Poro
15	103	171	Poro
29	89	121	Poro
76	127	140	Poro
19	108	167	Poro
12	80	130	Poro
76	152	184	Poro
125	205	209	Poro
33	125	164	Poro
33	62	75	Poro
14	105	175	Poro
41	139	173	Poro
23	112	154	Poro
19	109	159	Poro
25	103	151	Poro
34	105	144	Poro
24	104	150	Poro
49	113	151	Poro
27	109	141	Poro
89	177	196	Poro
44	147	196	Poro
13	94	162	Poro
23	51	64	Poro
16	91	140	Poro
72	168	190	Poro
16	75	87	Poro
55	155	208	Poro
54	113	154	Poro
26	111	136	Poro
30	111	156	Poro
55	135	168	Poro
32	89	111	Poro
11	53	83	Poro
54	117	140	Poro
75	157	187	Poro
43	147	192	Poro
32	131	180	Poro
37	121	157	Poro
35	126	167	Poro
11	70	112	Poro
29	94	104	Poro
83	141	171	Poro
13	74	121	Poro
117	191	201	Poro
20	97	147	Poro
87	157	192	Poro
18	93	132	Poro
24	95	153	Poro
33	114	138	Poro
41	120	143	Poro
22	81	119	Poro
15	78	112	Poro
54	147	183	Poro
26	110	165	Poro
21	114	151	Poro
91	185	195	Poro
29	76	93	Poro
25	120	162	Poro
102	162	182	Poro
121	197	204	Poro
9	32	64	Poro
38	96	144	Poro
41	114	127	Poro
73	162	175	Poro
14	50	94	Poro
89	167	184	Poro
16	102	173	Poro
71	163	181	Poro
24	111	173	Poro
55	142	164	Poro
72	164	188	Poro
24	111	141	Poro
84	171	198	Poro
29	83	116	Poro
34	121	156	Poro
75	142	142	Poro
25	117	147	Poro
28	96	122	Poro
57	146	160	Poro
13	84	133	Poro
71	151	185	Poro
63	118	152	Poro
35	99	123	Poro
23	94	117	Poro
40	105	141	Poro
98	144	100	Poro
24	109	155	Poro
66	146	180	Poro
13	103	175	Poro
69	145	173	Poro
74	160	173	Poro
84	178	198	Poro
18	95	137	Poro
114	201	207	Poro
33	120	160	Poro
66	157	176	Poro
61	163	186	Poro
13	105	178	Poro
18	58	78	Poro
19	105	151	Poro
12	58	70	Poro
76	157	170	Poro
27	96	126	Poro
56	159	198	Poro
24	115	160	Poro
74	163	187	Poro
33	111	125	Poro
18	93	134	Poro
61	155	187	Poro
38	111	122	Poro
41	129	164	Poro
18	73	111	Poro
45	130	143	Poro
36	119	144	Poro
33	123	163	Poro
27	105	133	Poro
55	147	165	Poro
73	135	155	Poro
30	111	144	Poro
14	107	173	Poro
22	90	123	Poro
44	105	124	Poro
47	114	123	Poro
16	86	133	Poro
24	109	148	Poro
72	167	189	Poro
73	143	155	Poro
33	131	164	Poro
53	116	135	Poro
40	133	162	Poro
69	146	162	Poro
29	105	128	Poro
14	75	121	Poro
56	152	187	Poro
80	161	183	Poro
11	66	88	Poro
26	114	153	Poro
34	98	140	Poro
91	183	200	Poro
24	83	123	Poro
57	135	166	Poro
22	110	165	Poro
56	116	129	Poro
24	99	126	Poro
22	95	130	Poro
70	134	167	Poro
71	176	216	Poro
17	104	181	Poro
21	100	145	Poro
12	75	131	Poro
21	89	140	Poro
92	165	205	Poro
53	112	120	Poro
32	114	147	Poro
55	139	162	Poro
68	153	190	Poro
93	159	182	Poro
86	148	182	Poro
31	99	115	Poro
43	139	169	Poro
42	135	161	Poro
87	173	201	Poro
30	121	155	Poro
32	117	163	Poro
30	117	147	Poro
17	90	123	Poro
31	90	122	Poro
25	105	141	Poro
40	119	135	Poro
58	155	186	Poro
21	57	88	Poro
68	147	181	Poro
22	115	179	Poro
15	77	123	Poro
38	109	93	Poro
37	134	169	Poro
85	170	197	Poro
17	93	159	Poro
28	60	74	Poro
42	110	125	Poro
29	117	153	Poro
24	112	157	Poro
25	106	149	Poro
17	64	101	Poro
96	175	195	Poro
18	73	104	Poro
26	75	98	Poro
28	103	144	Poro
52	155	191	Poro
20	85	119	Poro
21	111	165	Poro
76	139	129	Poro
33	103	132	Poro
20	87	109	Poro
7	71	116	Poro
34	108	138	Poro
39	94	138	Poro
26	97	134	Poro
61	137	137	Poro
38	139	191	Poro
32	102	138	Poro
16	72	115	Poro
45	104	113	Poro
85	144	170	Poro
14	108	165	Poro
81	148	163	Poro
59	135	143	Poro
12	49	83	Poro
81	162	183	Poro
77	166	192	Poro
37	134	167	Poro
25	83	115	Poro
48	131	159	Poro
19	108	167	Poro
27	114	143	Poro
38	101	136	Poro
72	144	153	Poro
58	121	145	Poro
32	125	163	Poro
52	119	135	Poro
35	129	165	Poro
28	112	131	Poro
60	142	170	Poro
19	106	153	Poro
32	98	130	Poro
22	94	155	Poro
25	118	168	Poro
41	109	127	Poro
15	94	137	Poro
27	85	105	Poro
41	138	183	Poro
77	169	193	Poro
16	88	131	Poro
34	126	165	Poro
15	106	174	Poro
57	121	145	Poro
72	143	177	Poro
38	107	142	Poro
27	115	162	Poro
60	128	138	Poro
12	87	145	Poro
38	96	116	Poro
49	140	173	Poro
15	79	122	Poro
27	74	95	Poro
24	101	139	Poro
22	71	103	Poro
40	133	172	Poro
45	124	155	Poro
39	112	129	Poro
24	104	146	Poro
31	114	141	Poro
15	66	89	Poro
52	139	162	Poro
19	88	131	Poro
17	103	167	Poro
29	59	71	Poro
21	82	107	Poro
19	109	162	Poro
14	78	122	Poro
33	132	162	Poro
38	124	140	Poro
21	113	159	Poro
26	112	161	Poro
17	94	143	Poro
16	101	141	Poro
32	117	134	Poro
34	111	147	Poro
29	112	139	Poro
45	128	151	Poro
22	74	105	Poro
15	56	62	Poro
78	155	170	Poro
72	143	174	Poro
31	119	155	Poro
53	146	166	Poro
100	191	208	Poro
52	119	147	Poro
75	131	150	Poro
17	79	108	Poro
3	58	116	Poro
25	97	98	Poro
96	161	173	Poro
38	89	111	Poro
9	92	164	Poro
35	88	106	Poro
7	55	83	Poro
21	108	154	Poro
11	109	175	Poro
24	54	66	Poro
28	111	141	Poro
67	145	158	Poro
9	96	173	Poro
28	109	136	Poro
26	92	102	Poro
32	82	98	Poro
6	48	99	Poro
31	103	95	Poro
36	113	151	Poro
66	143	173	Poro
16	85	113	Poro
11	35	51	Poro
26	107	130	Poro
39	100	132	Poro
1	26	58	Poro
12	81	108	Poro
39	82	114	Poro
31	100	119	Poro
35	107	135	Poro
68	166	194	Poro
28	105	148	Poro
55	144	169	Poro
31	123	161	Poro
77	169	192	Poro
40	132	165	Poro
48	96	127	Poro
32	112	137	Poro
71	160	180	Poro
40	131	167	Poro
25	98	131	Poro
23	84	119	Poro
30	95	133	Poro
22	96	140	Poro
12	73	106	Poro
22	104	146	Poro
26	67	104	Poro
29	115	146	Poro
26	96	128	Poro
41	98	110	Poro
42	136	169	Poro
137	189	130	Poro
13	69	97	Poro
81	179	196	Poro
79	163	194	Poro
23	90	109	Poro
31	101	122	Poro
53	140	164	Poro
21	54	93	Poro
82	158	179	Poro
41	102	141	Poro
46	120	157	Poro
62	159	176	Poro
88	150	157	Poro
112	191	197	Poro
72	171	189	Poro
108	185	184	Poro
32	100	132	Poro
62	129	152	Poro
98	156	167	Poro
42	125	146	Poro
52	125	151	Poro
32	115	145	Poro
31	110	153	Poro
101	162	176	Poro
36	97	138	Poro
41	145	187	Poro
60	135	151	Poro
59	162	198	Poro
47	87	85	Poro
50	141	181	Poro
1	40	88	Poro
16	82	123	Poro
26	102	136	Poro
43	110	147	Poro
25	102	120	Poro
31	121	147	Poro
12	76	131	Poro
11	56	105	Poro
62	135	122	Poro
25	116	156	Poro
25	115	140	Poro
14	105	170	Poro
28	107	137	Poro
10	31	56	Poro
27	77	84	Poro
17	112	166	Poro
27	79	115	Poro
31	122	157	Poro
46	138	187	Poro
133	202	194	Poro
41	143	195	Poro
13	105	180	Poro
36	119	177	Poro
19	86	110	Poro
34	127	152	Poro
44	143	176	Poro
118	190	183	Poro
18	95	144	Poro
33	127	184	Poro
16	68	99	Poro
86	188	204	Poro
25	98	127	Poro
97	162	189	Poro
64	130	169	Poro
38	99	111	Poro
23	102	151	Poro
66	169	189	Poro
23	99	125	Poro
49	110	125	Poro
13	76	108	Poro
84	141	149	Poro
36	127	170	Poro
29	112	149	Poro
13	91	154	Poro
93	181	195	Poro
73	153	161	Poro
77	148	180	Poro
94	163	161	Poro
128	193	212	Poro
48	123	121	Poro
17	70	117	Poro
38	134	169	Poro
35	106	117	Poro
64	146	162	Poro
28	90	127	Poro
14	98	169	Poro
44	115	144	Poro
51	126	129	Poro
49	151	175	Poro
32	123	145	Poro
108	191	207	Poro
23	91	117	Poro
92	171	177	Poro
8	95	159	Poro
102	168	194	Poro
23	100	132	Poro
63	153	187	Poro
60	120	125	Poro
16	89	137	Poro
23	113	155	Poro
89	150	156	Poro
41	105	121	Poro
38	123	146	Poro
52	144	177	Poro
99	180	203	Poro
56	150	171	Poro
31	112	135	Poro
17	109	179	Poro
41	87	105	Poro
49	145	177	Poro
35	75	76	Poro
86	182	198	Poro
35	119	153	Poro
15	112	185	Poro
38	142	188	Poro
32	88	130	Poro
32	124	169	Poro
67	169	195	Poro
42	141	183	Poro
20	105	155	Poro
19	91	127	Poro
58	134	145	Poro
89	176	187	Poro
15	56	77	Poro
38	77	85	Poro
91	160	184	Poro
18	94	142	Poro
11	82	123	Poro
58	119	126	Poro
16	90	127	Poro
49	130	167	Poro
57	141	154	Poro
18	100	156	Poro
72	143	165	Poro
49	113	131	Poro
18	72	121	Poro
54	124	136	Poro
27	88	128	Poro
20	113	169	Poro
56	127	138	Poro
108	190	202	Poro
41	133	161	Poro
39	90	108	Poro
61	122	141	Poro
50	156	196	Poro
63	150	167	Poro
24	104	153	Poro
75	149	144	Poro
70	146	165	Poro
9	61	91	Poro
42	150	195	Poro
55	127	151	Poro
54	136	166	Poro
34	96	127	Poro
83	120	147	Solido
173	238	234	Solido
175	244	240	Solido
16	29	36	Solido
66	94	79	Solido
171	226	189	Solido
154	209	215	Solido
175	244	240	Solido
177	244	243	Solido
159	224	219	Solido
176	241	236	Solido
169	236	233	Solido
75	106	101	Solido
113	158	145	Solido
163	228	224	Solido
39	76	68	Solido
46	85	85	Solido
144	204	181	Solido
167	236	233	Solido
165	234	233	Solido
169	232	225	Solido
128	176	156	Solido
174	240	240	Solido
166	234	233	Solido
59	102	84	Solido
171	239	237	Solido
78	113	101	Solido
70	95	93	Solido
131	176	158	Solido
183	249	243	Solido
163	229	222	Solido
179	249	242	Solido
171	235	232	Solido
17	26	40	Solido
175	242	242	Solido
152	208	181	Solido
171	239	237	Solido
103	144	120	Solido
183	254	251	Solido
73	117	97	Solido
166	231	231	Solido
65	101	100	Solido
181	251	246	Solido
22	35	38	Solido
164	226	206	Solido
184	253	247	Solido
175	242	236	Solido
173	240	239	Solido
164	234	226	Solido
175	244	238	Solido
173	242	234	Solido
175	242	240	Solido
99	142	119	Solido
112	151	129	Solido
63	86	81	Solido
109	169	164	Solido
72	123	113	Solido
176	246	243	Solido
36	61	60	Solido
23	39	48	Solido
171	235	240	Solido
129	170	184	Solido
179	247	243	Solido
176	245	242	Solido
84	122	102	Solido
177	241	232	Solido
178	248	247	Solido
162	223	229	Solido
131	181	150	Solido
179	246	245	Solido
165	230	222	Solido
186	251	240	Solido
87	121	109	Solido
164	228	207	Solido
184	251	245	Solido
163	231	226	Solido
176	245	239	Solido
166	229	237	Solido
23	47	53	Solido
159	225	218	Solido
168	228	233	Solido
175	244	243	Solido
108	147	115	Solido
35	66	58	Solido
128	174	141	Solido
172	237	236	Solido
150	203	169	Solido
7	22	34	Solido
87	123	110	Solido
173	237	233	Solido
163	229	229	Solido
171	241	236	Solido
182	251	246	Solido
176	245	245	Solido
174	244	238	Solido
143	214	205	Solido
40	70	74	Solido
169	236	233	Solido
25	41	45	Solido
189	254	249	Solido
166	232	229	Solido
175	244	241	Solido
155	226	207	Solido
167	230	230	Solido
9	22	35	Solido
178	247	245	Solido
41	67	67	Solido
43	69	66	Solido
175	242	243	Solido
121	167	156	Solido
179	243	240	Solido
182	248	243	Solido
171	238	237	Solido
38	71	78	Solido
180	247	245	Solido
172	241	239	Solido
181	253	249	Solido
175	242	240	Solido
159	220	219	Solido
174	241	237	Solido
179	244	245	Solido
173	237	237	Solido
173	241	239	Solido
79	113	100	Solido
171	238	235	Solido
91	128	110	Solido
179	244	245	Solido
116	160	145	Solido
148	200	159	Solido
147	214	216	Solido
170	241	238	Solido
167	229	232	Solido
172	235	231	Solido
131	184	155	Solido
22	38	48	Solido
179	252	205	Solido
178	250	235	Solido
58	92	88	Solido
121	169	145	Solido
175	242	235	Solido
182	248	249	Solido
187	254	247	Solido
173	238	238	Solido
79	123	112	Solido
179	247	242	Solido
165	233	229	Solido
172	241	238	Solido
153	211	208	Solido
176	243	238	Solido
166	229	224	Solido
147	218	207	Solido
97	148	128	Solido
179	245	242	Solido
175	243	236	Solido
172	236	234	Solido
74	115	106	Solido
164	227	221	Solido
173	236	236	Solido
179	240	235	Solido
188	254	244	Solido
167	237	234	Solido
98	139	111	Solido
101	151	123	Solido
164	226	232	Solido
177	244	245	Solido
92	135	118	Solido
118	163	151	Solido
188	251	248	Solido
125	181	161	Solido
185	250	241	Solido
152	211	213	Solido
148	205	215	Solido
87	130	116	Solido
169	233	233	Solido
167	232	232	Solido
170	237	235	Solido
160	222	227	Solido
133	202	177	Solido
114	164	140	Solido
176	244	242	Solido
169	238	234	Solido
173	242	241	Solido
173	238	233	Solido
106	145	130	Solido
141	201	174	Solido
84	121	107	Solido
167	237	235	Solido
171	235	228	Solido
135	180	169	Solido
151	212	215	Solido
66	99	89	Solido
23	41	44	Solido
131	183	167	Solido
167	232	218	Solido
171	240	232	Solido
178	245	248	Solido
159	227	222	Solido
23	42	54	Solido
124	168	144	Solido
187	254	239	Solido
174	240	239	Solido
182	249	229	Solido
101	141	121	Solido
153	206	173	Solido
182	250	244	Solido
128	182	157	Solido
102	152	144	Solido
189	254	240	Solido
175	243	244	Solido
184	247	229	Solido
171	234	238	Solido
172	238	235	Solido
177	246	244	Solido
174	245	244	Solido
130	197	171	Solido
42	69	68	Solido
102	146	128	Solido
13	23	32	Solido
31	54	64	Solido
167	228	228	Solido
155	219	214	Solido
173	238	227	Solido
177	246	243	Solido
12	32	33	Solido
95	127	122	Solido
177	248	234	Solido
176	240	237	Solido
112	159	132	Solido
178	244	242	Solido
178	241	236	Solido
52	76	68	Solido
173	238	221	Solido
175	235	236	Solido
154	212	220	Solido
160	226	220	Solido
171	233	235	Solido
181	247	244	Solido
115	156	126	Solido
98	137	117	Solido
115	155	130	Solido
138	188	149	Solido
176	242	245	Solido
32	49	58	Solido
132	183	143	Solido
41	66	56	Solido
147	205	173	Solido
183	249	247	Solido
170	237	236	Solido
180	248	243	Solido
107	150	129	Solido
127	176	143	Solido
169	234	231	Solido
167	237	235	Solido
179	250	248	Solido
97	141	127	Solido
175	242	235	Solido
169	236	225	Solido
179	246	241	Solido
179	248	243	Solido
145	197	172	Solido
25	38	44	Solido
161	226	221	Solido
175	245	245	Solido
7	21	33	Solido
72	112	85	Solido
177	245	243	Solido
123	182	184	Solido
133	185	173	Solido
176	243	237	Solido
181	251	244	Solido
175	247	246	Solido
147	219	213	Solido
173	239	243	Solido
181	245	238	Solido
132	189	162	Solido
94	131	122	Solido
123	174	148	Solido
114	164	137	Solido
12	30	41	Solido
169	233	232	Solido
166	232	219	Solido
177	246	245	Solido
180	247	242	Solido
165	238	232	Solido
93	140	132	Solido
53	76	76	Solido
179	244	239	Solido
49	83	71	Solido
149	205	213	Solido
135	187	194	Solido
189	254	254	Solido
19	250	156	Solido
175	244	233	Solido
165	231	225	Solido
90	134	110	Solido
66	87	87	Solido
55	83	83	Solido
173	239	234	Solido
96	130	119	Solido
123	169	151	Solido
175	244	230	Solido
72	119	102	Solido
171	239	237	Solido
23	36	43	Solido
100	143	126	Solido
67	100	89	Solido
179	243	239	Solido
171	241	240	Solido
176	244	239	Solido
173	242	233	Solido
176	240	235	Solido
171	243	240	Solido
175	240	242	Solido
100	134	122	Solido
132	179	186	Solido
171	237	232	Solido
174	239	237	Solido
189	254	247	Solido
117	164	137	Solido
177	243	240	Solido
54	86	75	Solido
63	92	78	Solido
172	239	243	Solido
183	252	247	Solido
179	247	239	Solido
132	188	175	Solido
95	133	139	Solido
176	246	243	Solido
172	237	216	Solido
176	245	239	Solido
14	26	38	Solido
171	243	237	Solido
172	235	229	Solido
39	75	73	Solido
173	240	238	Solido
167	232	231	Solido
113	157	188	Solido
182	253	248	Solido
173	237	238	Solido
28	55	52	Solido
136	188	165	Solido
174	242	240	Solido
111	155	122	Solido
177	249	231	Solido
176	243	239	Solido
61	92	78	Solido
175	238	240	Solido
113	163	138	Solido
177	245	247	Solido
179	247	243	Solido
164	228	222	Solido
166	235	232	Solido
159	224	226	Solido
119	165	129	Solido
102	143	112	Solido
85	127	104	Solido
154	218	222	Solido
11	22	33	Solido
56	87	81	Solido
45	78	84	Solido
200	219	226	Solido
168	229	231	Solido
171	235	230	Solido
90	125	112	Solido
91	131	116	Solido
173	242	238	Solido
178	245	237	Solido
135	178	202	Solido
181	251	244	Solido
167	236	234	Solido
178	248	239	Solido
177	244	241	Solido
43	72	58	Solido
119	168	160	Solido
100	142	130	Solido
173	242	243	Solido
177	244	245	Solido
105	153	176	Solido
176	244	239	Solido
177	244	240	Solido
29	45	53	Solido
79	109	94	Solido
169	232	232	Solido
171	241	240	Solido
176	245	241	Solido
110	157	136	Solido
176	245	245	Solido
178	245	235	Solido
169	236	230	Solido
178	247	244	Solido
135	184	159	Solido
112	159	135	Solido
179	248	244	Solido
175	242	242	Solido
158	225	221	Solido
118	171	153	Solido
159	218	184	Solido
185	254	240	Solido
176	248	236	Solido
165	226	224	Solido
173	242	238	Solido
69	98	93	Solido
49	81	70	Solido
48	69	69	Solido
110	154	135	Solido
133	184	158	Solido
18	38	44	Solido
171	237	231	Solido
100	149	134	Solido
175	244	234	Solido
171	239	235	Solido
178	245	244	Solido
169	232	224	Solido
62	98	86	Solido
172	239	235	Solido
173	241	237	Solido
90	115	156	Solido
113	157	137	Solido
174	241	241	Solido
176	242	233	Solido
135	178	162	Solido
110	153	127	Solido
78	121	98	Solido
73	110	95	Solido
176	248	241	Solido
150	212	207	Solido
61	100	86	Solido
175	241	240	Solido
174	240	240	Solido
165	229	232	Solido
13	27	37	Solido
60	98	84	Solido
179	246	241	Solido
183	252	239	Solido
175	239	238	Solido
56	93	71	Solido
129	179	144	Solido
57	99	81	Solido
64	100	103	Solido
154	221	208	Solido
162	226	222	Solido
180	249	245	Solido
182	251	244	Solido
175	241	236	Solido
169	235	230	Solido
171	235	235	Solido
180	243	238	Solido
173	238	230	Solido
175	245	240	Solido
174	242	233	Solido
174	238	219	Solido
54	83	81	Solido
20	36	42	Solido
178	244	234	Solido
169	235	226	Solido
27	53	53	Solido
185	253	252	Solido
28	55	42	Solido
173	242	241	Solido
131	185	181	Solido
98	133	106	Solido
173	241	239	Solido
40	68	62	Solido
171	241	240	Solido
171	237	239	Solido
182	253	246	Solido
176	244	237	Solido
184	254	248	Solido
114	169	148	Solido
94	145	130	Solido
38	71	71	Solido
176	245	243	Solido
182	251	246	Solido
28	42	36	Solido
166	232	226	Solido
67	115	113	Solido
161	222	229	Solido
170	239	225	Solido
177	247	246	Solido
174	241	239	Solido
172	239	236	Solido
171	240	237	Solido
179	243	242	Solido
178	249	240	Solido
181	250	245	Solido
167	232	231	Solido
171	236	234	Solido
146	216	210	Solido
172	239	237	Solido
169	230	232	Solido
175	243	237	Solido
175	240	237	Solido
83	120	103	Solido
67	93	81	Solido
115	173	180	Solido
102	152	148	Solido
24	54	38	Solido
108	147	122	Solido
100	142	139	Solido
148	219	209	Solido
10	24	40	Solido
56	85	73	Solido
175	243	233	Solido
189	254	250	Solido
129	182	156	Solido
29	63	66	Solido
165	232	232	Solido
171	233	236	Solido
108	155	136	Solido
94	133	115	Solido
182	249	244	Solido
175	240	238	Solido
169	237	233	Solido
102	144	142	Solido
28	42	47	Solido
113	165	144	Solido
90	140	120	Solido
97	143	127	Solido
54	94	85	Solido
178	241	226	Solido
141	191	159	Solido
168	233	232	Solido
172	241	240	Solido
171	241	238	Solido
180	246	251	Solido
58	80	73	Solido
178	247	247	Solido
103	144	125	Solido
176	238	239	Solido
148	207	201	Solido
178	242	242	Solido
181	248	240	Solido
166	233	230	Solido
120	172	154	Solido
172	241	236	Solido
132	208	207	Solido
174	242	238	Solido
53	99	99	Solido
77	108	88	Solido
114	173	141	Solido
171	236	236	Solido
170	237	236	Solido
146	202	164	Solido
174	238	241	Solido
115	167	148	Solido
175	241	243	Solido
168	233	220	Solido
156	220	214	Solido
171	236	227	Solido
172	239	236	Solido
97	142	120	Solido
134	185	158	Solido
169	228	234	Solido
165	229	235	Solido
163	226	224	Solido
179	248	243	Solido
165	232	228	Solido
173	240	233	Solido
174	236	229	Solido
111	157	131	Solido
9	27	35	Solido
139	196	159	Solido
76	114	95	Solido
157	215	222	Solido
67	101	106	Solido
177	246	242	Solido
201	122	134	Solido
174	240	240	Solido
189	254	254	Solido
178	246	241	Solido
177	245	239	Solido
174	240	237	Solido
165	233	227	Solido
85	125	103	Solido
177	244	235	Solido
183	245	237	Solido
170	230	189	Solido
193	254	251	Solido
168	235	232	Solido
173	241	234	Solido
163	230	219	Solido
133	191	166	Solido
120	165	145	Solido
170	236	230	Solido
160	221	218	Solido
174	240	235	Solido
164	229	233	Solido
102	139	152	Solido
177	247	244	Solido
179	249	244	Solido
88	119	95	Solido
167	233	233	Solido
168	237	234	Solido
166	226	225	Solido
118	168	148	Solido
116	163	139	Solido
52	94	83	Solido
183	251	232	Solido
185	252	247	Solido
5	24	36	Solido
187	254	247	Solido
179	246	238	Solido
111	160	145	Solido
168	234	234	Solido
172	241	239	Solido
157	219	218	Solido
165	224	229	Solido
175	243	240	Solido
173	238	233	Solido
34	83	90	Solido
171	239	237	Solido
174	243	240	Solido
76	116	96	Solido
179	248	246	Solido
180	250	246	Solido
175	244	240	Solido
15	35	30	Solido
177	243	237	Solido
166	235	233	Solido
180	249	249	Solido
164	234	233	Solido
163	228	228	Solido
167	226	189	Solido
172	240	235	Solido
158	214	216	Solido
181	251	245	Solido
183	250	243	Solido
168	237	228	Solido
173	240	243	Solido
93	135	117	Solido
172	240	236	Solido
173	239	238	Solido
119	167	142	Solido
179	249	245	Solido
175	244	240	Solido
183	251	248	Solido
83	112	102	Solido
172	238	234	Solido
174	241	239	Solido
32	60	57	Solido
10	25	35	Solido
85	120	109	Solido
32	52	58	Solido
172	241	238	Solido
174	243	236	Solido
160	226	221	Solido
184	251	241	Solido
173	236	239	Solido
176	244	240	Solido
159	218	213	Solido
107	144	124	Solido
13	27	39	Solido
43	68	64	Solido
178	246	246	Solido
177	237	231	Solido
81	113	93	Solido
92	130	118	Solido
177	244	236	Solido
160	224	229	Solido
143	194	164	Solido
118	164	140	Solido
10	24	35	Solido
60	99	99	Solido
36	60	56	Solido
177	247	244	Solido
153	211	175	Solido
180	248	235	Solido
175	243	240	Solido
163	225	222	Solido
173	241	232	Solido
83	121	137	Solido
175	243	239	Solido
120	168	133	Solido
177	243	238	Solido
173	241	237	Solido
171	239	237	Solido
182	251	241	Solido
173	237	226	Solido
173	239	239	Solido
168	236	230	Solido
39	65	63	Solido
177	246	243	Solido
167	230	229	Solido
19	35	42	Solido
143	196	206	Solido
174	242	229	Solido
175	242	238	Solido
27	45	52	Solido
173	239	237	Solido
47	75	79	Solido
177	245	241	Solido
167	230	222	Solido
175	241	236	Solido
143	201	203	Solido
49	75	75	Solido
175	240	235	Solido
167	233	228	Solido
165	235	224	Solido
129	177	174	Solido
182	247	244	Solido
15	31	35	Solido
175	241	239	Solido
94	127	113	Solido
177	243	242	Solido
181	249	243	Solido
166	234	237	Solido
186	254	246	Solido
175	244	238	Solido
173	237	238	Solido
148	210	207	Solido
169	237	236	Solido
41	72	68	Solido
162	229	227	Solido
147	203	171	Solido
180	246	238	Solido
176	244	233	Solido
116	163	152	Solido
11	24	39	Solido
38	64	61	Solido
150	220	224	Solido
166	230	220	Solido
77	117	103	Solido
177	247	243	Solido
169	234	232	Solido
101	140	120	Solido
160	225	230	Solido
115	168	140	Solido
162	227	226	Solido
130	183	157	Solido
172	240	239	Solido
160	227	179	Solido
177	243	238	Solido
60	93	87	Solido
177	245	241	Solido
85	123	110	Solido
15	25	26	Solido
175	244	244	Solido
108	144	116	Solido
122	168	153	Solido
155	224	212	Solido
118	162	134	Solido
151	215	217	Solido
155	215	214	Solido
110	148	182	Solido
81	121	106	Solido
92	131	112	Solido
46	86	89	Solido
162	228	230	Solido
175	242	237	Solido
175	248	236	Solido
76	110	109	Solido
145	215	204	Solido
135	183	152	Solido
222	58	9	Solido
109	163	143	Solido
157	219	215	Solido
181	249	244	Solido
37	69	76	Solido
177	246	240	Solido
31	51	54	Solido
189	254	249	Solido
177	242	239	Solido
168	236	238	Solido
173	244	244	Solido
153	220	219	Solido
179	245	243	Solido
115	173	179	Solido
177	243	241	Solido
178	246	244	Solido
174	243	242	Solido
163	229	229	Solido
171	235	232	Solido
142	196	167	Solido
22	42	48	Solido
178	246	245	Solido
143	188	171	Solido
118	163	139	Solido
142	193	155	Solido
172	241	234	Solido
93	143	124	Solido
175	246	240	Solido
75	113	103	Solido
167	232	229	Solido
177	248	244	Solido
95	133	109	Solido
174	239	235	Solido
158	223	220	Solido
172	240	234	Solido
173	240	237	Solido
177	249	248	Solido
100	143	115	Solido
158	223	220	Solido
177	244	239	Solido
173	239	233	Solido
178	244	218	Solido
180	252	246	Solido
80	115	100	Solido
159	220	216	Solido
121	168	157	Solido
177	247	247	Solido
158	210	183	Solido
180	243	237	Solido
124	176	157	Solido
122	174	155	Solido
33	60	57	Solido
185	252	248	Solido
16	50	56	Solido
177	242	241	Solido
167	235	234	Solido
178	245	245	Solido
164	235	234	Solido
175	243	239	Solido
176	243	243	Solido
177	244	236	Solido
167	238	237	Solido
179	241	221	Solido
160	220	228	Solido
169	238	234	Solido
177	247	245	Solido
173	237	233	Solido
151	212	189	Solido
175	242	244	Solido
176	243	235	Solido
187	254	251	Solido
170	236	231	Solido
19	50	52	Solido
21	39	41	Solido
67	93	77	Solido
166	229	230	Solido
174	241	240	Solido
110	172	156	Solido
179	246	244	Solido
169	231	237	Solido
118	170	147	Solido
170	235	234	Solido
146	213	216	Solido
174	241	234	Solido
169	230	232	Solido
168	235	233	Solido
137	191	201	Solido
179	247	245	Solido
173	243	238	Solido
117	159	122	Solido
177	242	234	Solido
74	106	88	Solido
177	245	243	Solido
12	23	35	Solido
108	157	141	Solido
192	254	253	Solido
41	66	64	Solido
106	142	118	Solido
43	65	66	Solido
108	154	125	Solido
183	249	242	Solido
153	224	217	Solido
169	233	232	Solido
169	236	236	Solido
175	241	236	Solido
147	199	198	Solido
174	238	238	Solido
177	243	238	Solido
70	144	148	Solido
154	216	219	Solido
130	187	203	Solido
169	237	233	Solido
175	244	243	Solido
177	242	242	Solido
23	48	64	Solido
91	133	116	Solido
71	101	83	Solido
175	244	236	Solido
47	100	104	Solido
61	92	78	Solido
169	237	229	Solido
175	244	241	Solido
54	92	97	Solido
173	238	236	Solido
105	150	137	Solido
175	241	235	Solido
167	232	226	Solido
91	132	116	Solido
175	243	238	Solido
175	244	235	Solido
156	221	222	Solido
165	231	221	Solido
87	120	98	Solido
16	30	38	Solido
184	252	250	Solido
95	136	118	Solido
170	235	223	Solido
70	96	102	Solido
90	134	115	Solido
185	252	248	Solido
178	247	243	Solido
160	229	230	Solido
181	250	247	Solido
176	245	242	Solido
107	157	132	Solido
181	250	247	Solido
175	245	240	Solido
170	238	236	Solido
125	173	151	Solido
14	35	40	Solido
179	244	236	Solido
33	72	77	Solido
125	175	159	Solido
182	249	245	Solido
173	243	218	Solido
183	253	251	Solido
172	238	237	Solido
64	94	89	Solido
178	248	241	Solido
175	243	240	Solido
167	234	234	Solido
183	250	245	Solido
178	246	244	Solido
170	235	201	Solido
161	226	223	Solido
131	181	153	Solido
85	119	109	Solido
169	238	219	Solido
37	68	74	Solido
143	193	154	Solido
63	93	89	Solido
145	201	207	Solido
175	240	227	Solido
171	238	235	Solido
16	31	37	Solido
171	237	230	Solido
177	245	241	Solido
169	242	236	Solido
54	104	101	Solido
35	55	61	Solido
157	217	214	Solido
154	208	179	Solido
45	81	72	Solido
173	237	229	Solido
177	245	244	Solido
172	241	227	Solido
114	166	169	Solido
177	243	241	Solido
178	244	243	Solido
193	254	246	Solido
185	254	244	Solido
161	226	222	Solido
172	236	219	Solido
85	117	105	Solido
175	240	236	Solido
179	248	241	Solido
161	225	222	Solido
167	236	235	Solido
167	234	237	Solido
179	249	244	Solido
155	218	210	Solido
173	239	233	Solido
181	248	245	Solido
175	240	237	Solido
169	235	228	Solido
183	251	243	Solido
164	232	233	Solido
178	246	242	Solido
177	244	241	Solido
163	227	215	Solido
117	153	139	Solido
101	151	159	Solido
173	242	235	Solido
182	252	244	Solido
178	248	240	Solido
184	252	248	Solido
36	53	51	Solido
173	237	239	Solido
112	154	129	Solido
169	235	231	Solido
163	229	228	Solido
109	155	138	Solido
107	151	123	Solido
141	193	171	Solido
126	173	136	Solido
111	161	138	Solido
166	233	213	Solido
175	242	242	Solido
89	133	129	Solido
170	233	222	Solido
171	240	239	Solido
142	210	194	Solido
19	44	51	Solido
26	40	35	Solido
52	98	104	Solido
180	245	238	Solido
144	201	197	Solido
38	63	66	Solido
172	240	238	Solido
175	240	237	Solido
161	228	223	Solido
162	227	210	Solido
169	236	230	Solido
166	230	235	Solido
114	157	139	Solido
100	139	117	Solido
181	251	248	Solido
169	235	230	Solido
57	91	92	Solido
164	230	231	Solido
77	119	104	Solido
104	145	122	Solido
153	219	217	Solido
178	248	245	Solido
76	119	110	Solido
25	39	42	Solido
168	227	203	Solido
175	242	242	Solido
58	85	79	Solido
173	238	237	Solido
185	251	248	Solido
42	64	63	Solido
178	246	241	Solido
150	212	205	Solido
87	131	112	Solido
174	238	234	Solido
185	251	247	Solido
119	178	175	Solido
156	222	219	Solido
178	247	243	Solido
18	32	32	Solido
14	26	28	Solido
181	250	246	Solido
140	190	168	Solido
182	251	247	Solido
52	83	79	Solido
60	95	95	Solido
183	250	237	Solido
70	104	110	Solido
176	243	239	Solido
173	238	238	Solido
171	241	241	Solido
172	240	239	Solido
21	37	34	Solido
177	243	240	Solido
135	204	206	Solido
155	225	217	Solido
169	239	236	Solido
177	246	242	Solido
177	247	246	Solido
124	173	158	Solido
175	240	242	Solido
180	248	238	Solido
41	62	66	Solido
146	212	202	Solido
177	246	237	Solido
145	197	177	Solido
36	67	65	Solido
172	238	234	Solido
165	231	231	Solido
100	143	141	Solido
179	247	248	Solido
100	139	120	Solido
112	158	156	Solido
171	239	236	Solido
17	34	49	Solido
177	246	245	Solido
176	241	233	Solido
172	242	239	Solido
179	243	236	Solido
171	237	235	Solido
183	246	227	Solido
177	245	239	Solido
107	155	137	Solido
117	161	174	Solido
181	247	243	Solido
150	221	217	Solido
75	119	114	Solido
90	129	113	Solido
15	28	31	Solido
175	242	236	Solido
132	180	153	Solido
173	244	244	Solido
80	119	109	Solido
172	236	229	Solido
175	242	239	Solido
177	244	237	Solido
175	244	239	Solido
177	247	245	Solido
173	240	237	Solido
182	250	236	Solido
87	125	115	Solido
8	25	39	Solido
130	176	145	Solido
149	212	206	Solido
167	233	226	Solido
177	246	243	Solido
9	28	31	Solido
118	164	134	Solido
189	254	254	Solido
175	243	240	Solido
181	247	244	Solido
165	233	237	Solido
175	243	243	Solido
46	69	71	Solido
32	51	50	Solido
28	54	59	Solido
173	242	235	Solido
172	243	236	Solido
171	239	237	Solido
179	245	241	Solido
174	243	240	Solido
184	250	243	Solido
170	238	237	Solido
175	246	241	Solido
114	158	134	Solido
172	239	236	Solido
175	244	244	Solido
160	223	225	Solido
176	245	241	Solido
171	238	234	Solido
22	45	47	Solido
165	230	202	Solido
177	248	245	Solido
186	254	245	Solido
109	160	133	Solido
182	248	236	Solido
32	74	83	Solido
153	220	219	Solido
36	62	62	Solido
168	235	235	Solido
181	252	241	Solido
181	247	242	Solido
95	133	119	Solido
163	235	227	Solido
175	238	230	Solido
105	149	136	Solido
79	115	93	Solido
110	151	161	Solido
138	197	197	Solido
16	26	37	Solido
177	246	245	Solido
132	178	154	Solido
174	241	239	Solido
179	248	243	Solido
182	251	243	Solido
180	246	243	Solido
170	235	225	Solido
176	243	244	Solido
162	224	230	Solido
181	251	247	Solido
84	122	104	Solido
112	161	136	Solido
179	247	243	Solido
87	123	111	Solido
49	75	84	Solido
174	238	235	Solido
157	219	222	Solido
143	201	169	Solido
16	35	42	Solido
176	247	244	Solido
167	231	230	Solido
181	249	237	Solido
161	223	216	Solido
179	245	235	Solido
47	72	74	Solido
71	101	84	Solido
27	40	47	Solido
9	23	37	Solido
174	241	237	Solido
177	244	241	Solido
176	247	246	Solido
172	240	238	Solido
176	244	238	Solido
178	246	239	Solido
170	235	237	Solido
166	233	229	Solido
183	252	246	Solido
169	236	237	Solido
180	250	247	Solido
162	225	231	Solido
179	249	247	Solido
174	245	239	Solido
153	219	214	Solido
169	234	228	Solido
79	117	100	Solido
166	235	232	Solido
169	239	236	Solido
137	190	188	Solido
108	147	155	Solido
143	213	208	Solido
27	46	53	Solido
160	223	222	Solido
154	211	180	Solido
172	242	241	Solido
175	243	240	Solido
171	240	236	Solido
168	234	239	Solido
170	237	239	Solido
159	226	224	Solido
178	246	237	Solido
177	246	244	Solido
106	152	131	Solido
49	83	76	Solido
174	241	240	Solido
180	247	242	Solido
181	252	250	Solido
153	218	204	Solido
174	239	240	Solido
173	245	239	Solido
58	91	94	Solido
169	233	232	Solido
177	246	243	Solido
105	154	141	Solido
123	172	143	Solido
33	52	59	Solido
93	135	110	Solido
44	76	69	Solido
169	235	231	Solido
175	242	241	Solido
175	244	244	Solido
167	238	235	Solido
70	110	109	Solido
177	244	243	Solido
177	245	244	Solido
169	233	226	Solido
36	46	61	Solido
174	238	242	Solido
176	242	241	Solido
179	246	244	Solido
107	155	132	Solido
148	210	209	Solido
177	243	241	Solido
157	224	226	Solido
26	50	46	Solido
163	229	217	Solido
108	148	140	Solido
88	130	111	Solido
174	245	240	Solido
134	181	150	Solido
167	228	203	Solido
138	191	151	Solido
165	230	215	Solido
157	221	212	Solido
74	113	104	Solido
81	120	103	Solido
176	243	242	Solido
58	114	116	Solido
177	246	245	Solido
187	251	240	Solido
182	252	247	Solido
119	185	180	Solido
60	81	80	Solido
41	66	65	Solido
151	222	210	Solido
153	224	217	Solido
173	240	227	Solido
179	246	247	Solido
131	183	151	Solido
175	237	235	Solido
159	226	205	Solido
164	232	226	Solido
16	26	39	Solido
171	241	241	Solido
152	211	205	Solido
129	177	194	Solido
165	230	227	Solido
169	234	232	Solido
18	34	37	Solido
174	243	244	Solido
175	240	235	Solido
17	30	31	Solido
175	245	242	Solido
10	23	33	Solido
162	231	229	Solido
173	239	230	Solido
173	240	239	Solido
179	247	242	Solido
159	223	221	Solido
176	246	238	Solido
11	25	37	Solido
177	247	241	Solido
170	242	237	Solido
91	125	109	Solido
159	224	214	Solido
171	244	239	Solido
71	101	97	Solido
164	231	232	Solido
171	237	231	Solido
164	230	228	Solido
181	250	247	Solido
102	146	131	Solido
166	232	221	Solido
155	220	222	Solido
176	242	240	Solido
172	237	235	Solido
158	225	231	Solido
28	49	57	Solido
113	162	187	Solido
146	204	217	Solido
181	250	245	Solido
175	242	241	Solido
171	240	227	Solido
159	214	176	Solido
177	243	240	Solido
17	31	36	Solido
36	63	62	Solido
157	213	212	Solido
166	230	231	Solido
128	174	151	Solido
175	244	241	Solido
175	238	244	Solido
94	135	117	Solido
175	242	241	Solido
174	243	236	Solido
30	54	55	Solido
135	177	185	Solido
182	249	248	Solido
173	243	236	Solido
176	244	239	Solido
175	242	240	Solido
108	157	140	Solido
175	244	242	Solido
25	42	53	Solido
166	234	230	Solido
127	175	143	Solido
118	160	136	Solido
139	190	153	Solido
157	225	223	Solido
91	135	109	Solido
27	38	49	Solido
171	238	234	Solido
172	241	235	Solido
171	235	235	Solido
176	247	242	Solido
22	35	37	Solido
172	240	237	Solido
184	252	249	Solido
171	239	226	Solido
21	47	49	Solido
140	195	202	Solido
163	222	217	Solido
178	248	237	Solido
165	235	232	Solido
178	246	242	Solido
177	240	242	Solido
86	118	92	Solido
134	183	182	Solido
178	246	241	Solido
171	236	237	Solido
182	248	246	Solido
162	227	220	Solido
175	243	230	Solido
171	239	234	Solido
161	230	213	Solido
160	223	228	Solido
174	242	236	Solido
181	247	240	Solido
163	233	224	Solido
177	241	243	Solido
158	223	230	Solido
117	160	144	Solido
175	242	240	Solido
152	212	167	Solido
170	236	232	Solido
176	243	236	Solido
184	252	251	Solido
151	214	216	Solido
166	222	225	Solido
178	246	238	Solido
158	226	226	Solido
49	77	87	Solido
111	150	131	Solido
173	240	233	Solido
181	244	238	Solido
169	238	237	Solido
132	180	153	Solido
180	249	245	Solido
152	207	169	Solido
173	237	234	Solido
103	147	133	Solido
134	198	173	Solido
95	139	105	Solido
89	128	108	Solido
185	254	223	Solido
171	237	232	Solido
167	237	233	Solido
177	241	238	Solido
168	234	235	Solido
90	116	120	Solido
168	234	231	Solido
135	187	158	Solido
167	232	232	Solido
170	234	221	Solido
179	244	236	Solido
176	243	236	Solido
139	185	150	Solido
164	229	214	Solido
11	20	32	Solido
172	242	237	Solido
122	177	154	Solido
170	239	237	Solido
183	251	248	Solido
35	61	63	Solido
191	254	246	Solido
106	144	113	Solido
25	47	51	Solido
150	86	40	Solido
174	243	242	Solido
173	233	230	Solido
163	230	230	Solido
179	246	244	Solido
181	248	241	Solido
144	217	215	Solido
151	219	224	Solido
175	239	237	Solido
177	244	237	Solido
170	232	225	Solido
118	162	149	Solido
66	105	103	Solido
183	253	244	Solido
79	109	101	Solido
154	220	216	Solido
169	237	233	Solido
171	238	235	Solido
137	189	162	Solido
133	190	195	Solido
172	242	237	Solido
181	248	245	Solido
182	249	241	Solido
49	78	69	Solido
170	234	229	Solido
96	137	110	Solido
168	232	226	Solido
175	243	239	Solido
181	250	246	Solido
178	247	243	Solido
175	243	243	Solido
172	238	238	Solido
120	171	143	Solido
174	238	237	Solido
73	109	108	Solido
27	50	53	Solido
93	131	110	Solido
182	249	249	Solido
169	234	232	Solido
103	145	119	Solido
169	236	228	Solido
177	247	244	Solido
110	156	133	Solido
160	225	222	Solido
22	49	49	Solido
184	253	247	Solido
175	244	238	Solido
34	49	55	Solido
122	165	169	Solido
175	239	239	Solido
175	245	238	Solido
150	219	218	Solido
183	252	250	Solido
146	202	205	Solido
169	233	226	Solido
36	60	63	Solido
183	249	237	Solido
18	39	48	Solido
173	243	238	Solido
161	224	225	Solido
175	239	231	Solido
177	248	245	Solido
11	23	35	Solido
174	241	241	Solido
172	240	238	Solido
175	245	241	Solido
187	254	246	Solido
168	231	231	Solido
172	242	238	Solido
172	239	234	Solido
181	248	243	Solido
67	102	100	Solido
169	231	232	Solido
180	249	245	Solido
133	185	181	Solido
185	252	249	Solido
69	103	89	Solido
54	85	85	Solido
76	112	105	Solido
174	240	237	Solido
178	246	239	Solido
185	254	248	Solido
172	241	238	Solido
92	116	103	Solido
25	38	49	Solido
172	235	224	Solido
172	239	239	Solido
178	249	244	Solido
159	225	222	Solido
175	242	238	Solido
48	88	86	Solido
182	251	245	Solido
182	250	246	Solido
129	185	164	Solido
72	104	101	Solido
176	246	244	Solido
171	240	238	Solido
94	130	115	Solido
174	244	241	Solido
102	140	121	Solido
179	248	246	Solido
40	70	75	Solido
179	249	247	Solido
141	196	177	Solido
74	108	89	Solido
158	222	211	Solido
137	185	156	Solido
183	254	248	Solido
172	235	234	Solido
177	243	237	Solido
184	254	244	Solido
164	232	229	Solido
33	66	61	Solido
165	230	227	Solido
177	246	244	Solido
184	252	250	Solido
171	230	199	Solido
91	130	109	Solido
158	228	227	Solido
178	245	247	Solido
76	113	103	Solido
140	185	150	Solido
151	208	202	Solido
198	196	242	Solido
59	98	94	Solido
107	148	123	Solido
154	209	170	Solido
177	247	246	Solido
169	239	233	Solido
174	240	239	Solido
176	241	236	Solido
182	248	232	Solido
181	251	249	Solido
129	181	144	Solido
166	231	220	Solido
119	167	146	Solido
89	126	111	Solido
178	243	243	Solido
169	236	231	Solido
172	235	231	Solido
171	234	237	Solido
157	207	187	Solido
163	227	233	Solido
143	200	186	Solido
173	242	239	Solido
177	247	243	Solido
173	243	242	Solido
175	242	240	Solido
174	239	235	Solido
95	137	120	Solido
19	42	47	Solido
170	234	243	Solido
183	252	237	Solido
120	168	140	Solido
46	70	80	Solido
175	239	237	Solido
171	241	230	Solido
178	247	242	Solido
183	251	249	Solido
46	70	73	Solido
86	129	135	Solido
170	237	234	Solido
31	40	57	Solido
180	248	243	Solido
113	163	150	Solido
113	157	143	Solido
184	253	245	Solido
178	247	243	Solido
164	227	225	Solido
100	143	126	Solido
175	239	233	Solido
178	246	242	Solido
175	243	238	Solido
177	244	241	Solido
187	254	248	Solido
178	244	240	Solido
183	250	244	Solido
143	194	165	Solido
175	244	240	Solido
78	115	99	Solido
177	245	240	Solido
172	239	229	Solido
117	155	132	Solido
122	171	153	Solido
180	249	242	Solido
177	245	242	Solido
174	242	239	Solido
175	241	238	Solido
173	237	234	Solido
42	88	88	Solido
177	243	233	Solido
75	107	101	Solido
26	52	49	Solido
175	242	235	Solido
149	203	171	Solido
170	242	240	Solido
156	223	220	Solido
173	244	232	Solido
176	243	244	Solido
153	218	181	Solido
70	105	96	Solido
170	240	241	Solido
170	240	241	Solido
138	204	199	Solido
170	236	236	Solido
136	188	181	Solido
177	241	238	Solido
171	233	236	Solido
156	215	215	Solido
170	237	231	Solido
116	173	165	Solido
159	224	216	Solido
170	233	233	Solido
20	35	33	Solido
175	238	226	Solido
187	254	240	Solido
105	143	120	Solido
83	117	105	Solido
41	68	76	Solido
181	249	245	Solido
18	28	36	Solido
71	108	99	Solido
181	248	240	Solido
118	166	145	Solido
177	245	235	Solido
179	245	231	Solido
177	246	243	Solido
101	144	129	Solido
140	187	189	Solido
