43	141	176	Poro
43	102	83	Poro
23	102	156	Poro
14	62	92	Poro
16	92	158	Poro
20	106	179	Poro
29	78	81	Poro
19	105	157	Poro
31	123	157	Poro
21	99	120	Poro
20	96	136	Poro
96	176	185	Poro
128	190	169	Poro
18	72	107	Poro
26	111	153	Poro
23	104	151	Poro
8	67	96	Poro
25	119	183	Poro
26	88	111	Poro
93	141	128	Poro
70	122	100	Poro
20	113	175	Poro
16	60	67	Poro
20	83	97	Poro
38	95	154	Poro
39	87	90	Poro
52	137	151	Poro
23	99	112	Poro
52	104	93	Poro
23	115	181	Poro
25	100	121	Poro
69	147	157	Poro
21	97	123	Poro
121	182	152	Poro
22	107	183	Poro
50	133	152	Poro
77	171	187	Poro
117	206	215	Poro
113	193	204	Poro
16	85	111	Poro
60	143	125	Poro
56	131	135	Poro
18	96	110	Poro
129	211	206	Poro
8	66	80	Poro
36	117	143	Poro
57	133	118	Poro
51	126	141	Poro
34	85	89	Poro
26	97	121	Poro
70	160	202	Poro
19	92	133	Poro
17	106	155	Poro
60	144	158	Poro
10	91	126	Poro
109	198	213	Poro
3	36	52	Poro
20	84	140	Poro
33	105	129	Poro
13	99	151	Poro
18	105	181	Poro
16	83	124	Poro
55	132	149	Poro
34	114	152	Poro
17	90	108	Poro
24	92	125	Poro
19	77	98	Poro
51	139	147	Poro
24	112	143	Poro
67	159	185	Poro
18	106	183	Poro
28	108	130	Poro
28	117	142	Poro
18	103	166	Poro
105	189	199	Poro
16	55	62	Poro
118	202	209	Poro
25	101	131	Poro
23	106	149	Poro
24	98	150	Poro
63	120	118	Poro
126	185	167	Poro
19	73	113	Poro
16	103	183	Poro
105	187	196	Poro
68	152	143	Poro
52	134	155	Poro
25	91	117	Poro
23	114	181	Poro
22	95	129	Poro
66	146	156	Poro
23	97	155	Poro
20	96	122	Poro
41	121	147	Poro
117	177	153	Poro
21	95	149	Poro
103	170	151	Poro
19	108	172	Poro
33	88	151	Poro
13	94	166	Poro
55	120	153	Poro
19	98	143	Poro
23	79	91	Poro
71	149	175	Poro
43	142	183	Poro
34	116	139	Poro
11	74	133	Poro
16	72	120	Poro
46	98	88	Poro
29	122	143	Poro
52	146	183	Poro
31	108	123	Poro
88	169	184	Poro
48	135	132	Poro
3	43	57	Poro
26	103	135	Poro
95	141	152	Poro
13	92	153	Poro
22	111	175	Poro
29	98	99	Poro
22	105	147	Poro
31	100	110	Poro
16	80	115	Poro
16	73	113	Poro
37	103	133	Poro
19	85	120	Poro
17	84	135	Poro
22	98	153	Poro
76	161	204	Poro
27	85	102	Poro
18	81	111	Poro
83	154	176	Poro
34	71	72	Poro
59	116	115	Poro
38	117	152	Poro
36	103	110	Poro
34	102	136	Poro
19	113	181	Poro
15	76	103	Poro
14	73	83	Poro
43	144	178	Poro
53	151	195	Poro
16	77	103	Poro
86	147	159	Poro
80	169	180	Poro
23	90	103	Poro
17	113	188	Poro
24	103	161	Poro
45	101	100	Poro
59	146	170	Poro
32	96	105	Poro
36	123	166	Poro
15	77	87	Poro
26	95	105	Poro
52	139	166	Poro
93	168	156	Poro
21	105	154	Poro
24	101	135	Poro
16	68	100	Poro
25	100	139	Poro
32	109	129	Poro
15	90	118	Poro
49	132	128	Poro
28	92	96	Poro
16	72	99	Poro
19	75	97	Poro
34	104	132	Poro
33	103	108	Poro
36	121	155	Poro
15	103	175	Poro
51	126	138	Poro
23	80	104	Poro
2	59	91	Poro
38	132	172	Poro
110	197	209	Poro
25	88	124	Poro
21	117	184	Poro
22	102	153	Poro
49	143	164	Poro
42	118	128	Poro
18	108	185	Poro
47	113	131	Poro
28	112	163	Poro
22	116	182	Poro
30	76	82	Poro
95	180	196	Poro
50	128	167	Poro
10	53	90	Poro
26	111	167	Poro
18	110	181	Poro
85	152	175	Poro
14	78	105	Poro
90	157	176	Poro
70	159	179	Poro
45	139	171	Poro
21	115	166	Poro
23	100	148	Poro
27	95	119	Poro
87	156	167	Poro
24	111	143	Poro
46	132	148	Poro
16	101	168	Poro
57	119	141	Poro
18	89	111	Poro
16	63	76	Poro
18	106	188	Poro
49	144	178	Poro
28	115	142	Poro
18	108	173	Poro
33	60	71	Poro
32	104	122	Poro
11	90	129	Poro
81	164	170	Poro
33	89	117	Poro
17	87	126	Poro
99	174	145	Poro
97	187	201	Poro
26	76	80	Poro
15	105	170	Poro
8	52	104	Poro
19	65	64	Poro
20	94	130	Poro
40	129	165	Poro
15	79	109	Poro
62	125	107	Poro
112	195	196	Poro
26	103	124	Poro
45	131	159	Poro
60	130	137	Poro
27	94	108	Poro
103	167	181	Poro
19	101	135	Poro
19	92	132	Poro
51	145	175	Poro
41	121	140	Poro
56	146	178	Poro
23	113	142	Poro
8	50	65	Poro
46	114	121	Poro
17	101	139	Poro
21	89	126	Poro
22	105	140	Poro
21	97	133	Poro
1	51	66	Poro
35	108	153	Poro
26	102	123	Poro
22	109	162	Poro
17	99	172	Poro
29	107	130	Poro
18	93	137	Poro
46	114	133	Poro
103	181	171	Poro
27	111	159	Poro
67	111	136	Poro
18	99	137	Poro
55	142	155	Poro
27	86	98	Poro
49	144	177	Poro
125	176	150	Poro
16	66	107	Poro
30	105	130	Poro
18	106	165	Poro
116	192	187	Poro
19	102	173	Poro
19	109	182	Poro
18	101	158	Poro
53	141	178	Poro
55	138	144	Poro
45	103	109	Poro
19	81	112	Poro
17	109	187	Poro
13	89	147	Poro
58	137	136	Poro
25	118	147	Poro
12	71	98	Poro
40	124	123	Poro
23	115	179	Poro
27	102	128	Poro
12	60	84	Poro
8	50	90	Poro
18	78	114	Poro
26	90	122	Poro
21	95	110	Poro
14	97	135	Poro
15	101	175	Poro
39	132	161	Poro
27	114	162	Poro
17	90	150	Poro
17	104	165	Poro
16	75	90	Poro
38	107	128	Poro
42	143	187	Poro
20	80	142	Poro
21	107	184	Poro
23	97	130	Poro
14	63	93	Poro
20	91	115	Poro
58	133	140	Poro
36	109	121	Poro
61	155	176	Poro
48	148	179	Poro
25	87	111	Poro
87	165	156	Poro
104	186	196	Poro
30	99	127	Poro
21	81	102	Poro
13	95	161	Poro
114	196	199	Poro
28	88	115	Poro
53	126	134	Poro
15	81	120	Poro
57	153	185	Poro
19	78	105	Poro
111	173	168	Poro
26	107	153	Poro
69	155	183	Poro
51	138	165	Poro
35	113	129	Poro
11	78	116	Poro
26	115	147	Poro
18	87	121	Poro
85	166	190	Poro
11	91	147	Poro
21	88	129	Poro
57	124	144	Poro
20	63	98	Poro
40	91	102	Poro
32	121	142	Poro
21	109	157	Poro
97	181	203	Poro
34	94	107	Poro
32	101	121	Poro
26	102	141	Poro
11	68	126	Poro
18	98	154	Poro
19	85	136	Poro
25	88	97	Poro
65	147	169	Poro
33	93	84	Poro
77	162	186	Poro
11	68	93	Poro
48	115	128	Poro
22	94	140	Poro
26	91	117	Poro
22	89	129	Poro
29	110	134	Poro
19	72	76	Poro
14	55	94	Poro
15	89	122	Poro
64	125	132	Poro
18	104	173	Poro
23	118	182	Poro
84	163	177	Poro
110	201	213	Poro
80	126	153	Poro
15	60	76	Poro
44	123	133	Poro
82	151	151	Poro
22	99	132	Poro
36	121	146	Poro
44	141	177	Poro
21	113	180	Poro
92	181	191	Poro
20	110	174	Poro
24	105	133	Poro
32	124	171	Poro
22	116	180	Poro
98	157	127	Poro
16	102	181	Poro
53	152	189	Poro
31	112	147	Poro
22	112	170	Poro
93	138	143	Poro
26	106	139	Poro
29	123	157	Poro
19	83	119	Poro
29	81	91	Poro
18	84	122	Poro
51	141	167	Poro
22	117	187	Poro
12	47	49	Poro
22	90	101	Poro
82	151	153	Poro
23	109	166	Poro
56	142	172	Poro
27	100	121	Poro
28	98	119	Poro
14	66	79	Poro
20	91	120	Poro
97	182	198	Poro
19	101	168	Poro
38	115	131	Poro
54	119	142	Poro
51	149	184	Poro
23	89	106	Poro
18	101	142	Poro
21	99	136	Poro
30	94	101	Poro
16	57	63	Poro
42	117	133	Poro
16	71	99	Poro
20	113	165	Poro
118	204	210	Poro
13	57	67	Poro
15	75	128	Poro
71	150	178	Poro
16	91	111	Poro
20	105	163	Poro
51	127	135	Poro
81	171	188	Poro
85	164	190	Poro
22	115	171	Poro
18	110	185	Poro
23	102	149	Poro
40	140	184	Poro
19	110	172	Poro
18	103	180	Poro
58	141	149	Poro
13	81	102	Poro
10	54	87	Poro
23	88	99	Poro
7	73	101	Poro
31	106	134	Poro
105	166	170	Poro
54	129	111	Poro
23	111	160	Poro
53	154	194	Poro
9	57	98	Poro
28	97	124	Poro
13	63	71	Poro
41	106	125	Poro
45	122	144	Poro
33	114	132	Poro
32	110	138	Poro
72	112	110	Poro
103	165	176	Poro
132	191	161	Poro
78	146	154	Poro
49	144	174	Poro
28	80	92	Poro
75	138	145	Poro
89	173	190	Poro
9	42	50	Poro
18	105	183	Poro
37	104	116	Poro
18	100	160	Poro
52	136	163	Poro
37	97	95	Poro
17	88	108	Poro
41	117	135	Poro
48	135	157	Poro
84	144	157	Poro
63	150	173	Poro
35	116	143	Poro
40	114	145	Poro
84	170	190	Poro
34	127	174	Poro
59	115	119	Poro
19	104	169	Poro
19	94	133	Poro
33	111	129	Poro
14	85	124	Poro
36	106	126	Poro
75	160	185	Poro
15	88	130	Poro
14	70	85	Poro
50	119	126	Poro
26	105	149	Poro
85	176	191	Poro
21	108	174	Poro
47	132	159	Poro
58	145	161	Poro
14	86	121	Poro
31	110	120	Poro
78	138	142	Poro
21	108	175	Poro
28	101	126	Poro
25	97	119	Poro
19	80	97	Poro
34	112	129	Poro
106	197	201	Poro
28	91	130	Poro
59	154	191	Poro
18	99	166	Poro
58	146	179	Poro
13	53	58	Poro
46	139	172	Poro
16	108	175	Poro
77	160	183	Poro
19	92	149	Poro
19	109	146	Poro
56	154	194	Poro
84	134	124	Poro
19	111	183	Poro
24	111	158	Poro
49	148	189	Poro
34	110	127	Poro
45	132	158	Poro
38	130	169	Poro
84	167	182	Poro
33	123	169	Poro
17	105	181	Poro
18	106	152	Poro
46	79	86	Poro
14	70	114	Poro
14	79	115	Poro
21	113	186	Poro
22	102	147	Poro
22	113	157	Poro
18	107	175	Poro
36	121	150	Poro
43	129	133	Poro
23	95	147	Poro
21	99	124	Poro
25	99	140	Poro
35	114	153	Poro
83	157	146	Poro
66	147	167	Poro
35	116	127	Poro
19	86	124	Poro
23	109	181	Poro
23	111	139	Poro
79	136	163	Poro
33	119	163	Poro
60	134	132	Poro
46	128	150	Poro
24	97	124	Poro
20	103	177	Poro
73	166	180	Poro
103	186	193	Poro
83	142	116	Poro
63	146	149	Poro
112	201	211	Poro
21	103	152	Poro
40	104	109	Poro
33	110	144	Poro
42	118	134	Poro
109	194	202	Poro
12	55	74	Poro
9	65	86	Poro
51	148	177	Poro
21	114	173	Poro
12	74	117	Poro
21	101	133	Poro
68	138	131	Poro
45	103	102	Poro
35	122	157	Poro
24	73	78	Poro
40	83	73	Poro
79	162	171	Poro
78	155	160	Poro
70	140	140	Poro
15	66	91	Poro
19	98	136	Poro
21	113	164	Poro
48	133	161	Poro
49	142	184	Poro
18	106	157	Poro
24	103	148	Poro
22	85	89	Poro
36	117	149	Poro
30	93	132	Poro
14	61	60	Poro
17	77	97	Poro
24	97	115	Poro
48	145	161	Poro
18	91	118	Poro
18	89	143	Poro
105	197	211	Poro
19	108	188	Poro
23	110	162	Poro
103	197	206	Poro
60	156	187	Poro
23	108	145	Poro
37	103	142	Poro
52	151	191	Poro
12	93	122	Poro
50	149	181	Poro
9	68	97	Poro
56	141	169	Poro
105	192	200	Poro
33	60	72	Poro
28	92	124	Poro
17	74	107	Poro
58	130	150	Poro
62	142	147	Poro
70	162	196	Poro
28	93	94	Poro
18	102	176	Poro
88	168	198	Poro
72	136	136	Poro
19	77	85	Poro
27	119	155	Poro
15	93	152	Poro
20	104	162	Poro
15	90	141	Poro
11	57	84	Poro
44	135	155	Poro
26	90	108	Poro
15	105	175	Poro
71	109	106	Poro
66	140	158	Poro
89	161	140	Poro
39	64	78	Poro
66	130	136	Poro
69	152	169	Poro
15	102	185	Poro
18	105	180	Poro
16	103	156	Poro
24	68	73	Poro
22	102	147	Poro
52	137	171	Poro
19	94	149	Poro
12	71	92	Poro
40	104	119	Poro
31	102	126	Poro
15	78	96	Poro
24	107	159	Poro
29	91	114	Poro
1	49	84	Poro
115	167	149	Poro
20	111	188	Poro
24	102	150	Poro
28	101	112	Poro
17	103	181	Poro
17	113	187	Poro
16	79	116	Poro
23	111	152	Poro
1	38	48	Poro
14	101	177	Poro
9	53	83	Poro
37	128	168	Poro
36	134	175	Poro
27	125	181	Poro
16	67	86	Poro
91	148	150	Poro
39	117	132	Poro
1	43	63	Poro
23	99	159	Poro
50	144	173	Poro
62	141	159	Poro
39	100	115	Poro
19	93	146	Poro
81	153	150	Poro
94	163	180	Poro
18	106	173	Poro
17	105	180	Poro
19	84	113	Poro
20	82	112	Poro
46	91	96	Poro
49	102	96	Poro
16	83	120	Poro
21	57	66	Poro
22	103	157	Poro
1	43	68	Poro
76	163	166	Poro
25	104	151	Poro
19	91	162	Poro
63	140	188	Poro
91	163	160	Poro
12	52	50	Poro
76	160	169	Poro
16	85	123	Poro
18	108	181	Poro
9	38	47	Poro
29	85	72	Poro
73	157	169	Poro
32	94	115	Poro
63	115	99	Poro
24	100	158	Poro
63	124	127	Poro
22	92	123	Poro
19	88	109	Poro
3	48	97	Poro
19	69	55	Poro
46	142	177	Poro
43	143	181	Poro
32	105	118	Poro
23	106	169	Poro
35	111	118	Poro
27	93	115	Poro
54	129	144	Poro
21	105	156	Poro
27	86	117	Poro
19	108	175	Poro
28	97	132	Poro
23	45	64	Poro
22	85	106	Poro
3	33	49	Poro
9	46	72	Poro
27	120	179	Poro
42	144	190	Poro
22	92	116	Poro
55	122	141	Poro
12	80	103	Poro
57	156	197	Poro
23	90	101	Poro
36	110	125	Poro
13	96	169	Poro
19	103	147	Poro
16	83	105	Poro
22	77	92	Poro
1	26	29	Poro
64	156	190	Poro
24	100	130	Poro
79	158	161	Poro
51	135	140	Poro
46	122	137	Poro
15	58	115	Poro
45	97	89	Poro
69	150	180	Poro
19	96	139	Poro
18	101	142	Poro
15	71	101	Poro
16	105	185	Poro
20	73	105	Poro
19	116	179	Poro
19	81	88	Poro
51	114	130	Poro
19	101	149	Poro
17	57	74	Poro
77	153	185	Poro
17	90	132	Poro
43	133	167	Poro
114	191	176	Poro
43	129	151	Poro
17	94	161	Poro
19	82	114	Poro
23	102	133	Poro
20	112	173	Poro
20	108	183	Poro
37	81	92	Poro
28	108	156	Poro
11	78	109	Poro
24	96	145	Poro
39	85	104	Poro
75	157	203	Poro
35	101	118	Poro
12	77	109	Poro
10	64	100	Poro
21	93	108	Poro
33	135	181	Poro
50	107	134	Poro
29	108	140	Poro
10	57	77	Poro
52	141	182	Poro
19	109	181	Poro
28	79	115	Poro
15	39	51	Poro
20	109	182	Poro
3	37	48	Poro
22	95	118	Poro
42	116	158	Poro
69	143	137	Poro
24	95	132	Poro
90	153	143	Poro
18	94	142	Poro
5	30	36	Poro
20	107	176	Poro
41	126	159	Poro
49	129	159	Poro
28	100	143	Poro
105	189	198	Poro
20	103	155	Poro
98	171	190	Poro
44	131	161	Poro
52	131	148	Poro
39	114	141	Poro
21	100	161	Poro
37	95	103	Poro
49	144	189	Poro
31	108	122	Poro
117	174	180	Poro
20	113	185	Poro
2	62	70	Poro
34	88	92	Poro
78	141	142	Poro
40	85	88	Poro
62	150	166	Poro
20	99	128	Poro
49	123	174	Poro
23	106	153	Poro
20	105	166	Poro
19	101	172	Poro
51	138	146	Poro
17	73	85	Poro
116	176	150	Poro
13	75	108	Poro
21	98	153	Poro
22	110	155	Poro
47	141	174	Poro
44	125	139	Poro
90	169	215	Poro
38	86	84	Poro
79	134	159	Poro
62	149	132	Poro
106	192	204	Poro
80	155	173	Poro
23	106	175	Poro
39	118	139	Poro
31	93	112	Poro
68	155	184	Poro
43	126	150	Poro
19	94	124	Poro
11	84	136	Poro
19	106	177	Poro
47	123	151	Poro
47	135	165	Poro
75	135	133	Poro
8	69	75	Poro
9	76	121	Poro
88	133	133	Poro
26	99	123	Poro
30	86	95	Poro
51	149	192	Poro
97	152	164	Poro
103	169	177	Poro
57	125	112	Poro
29	91	122	Poro
33	106	125	Poro
17	77	109	Poro
47	130	112	Poro
18	113	185	Poro
33	115	142	Poro
50	141	169	Poro
49	141	159	Poro
39	81	85	Poro
29	78	89	Poro
24	108	166	Poro
81	169	183	Poro
41	126	165	Poro
113	204	213	Poro
34	97	106	Poro
27	111	135	Poro
24	106	133	Poro
40	141	185	Poro
73	150	169	Poro
64	154	176	Poro
18	79	122	Poro
15	99	172	Poro
35	114	146	Poro
28	107	128	Poro
18	97	152	Poro
119	207	212	Poro
46	118	126	Poro
20	116	185	Poro
36	117	147	Poro
15	106	181	Poro
26	53	57	Poro
22	120	184	Poro
84	169	196	Poro
64	146	177	Poro
20	84	93	Poro
109	165	171	Poro
22	95	146	Poro
31	120	152	Poro
121	178	150	Poro
24	85	90	Poro
17	70	89	Poro
21	104	153	Poro
39	117	124	Poro
57	135	136	Poro
20	107	185	Poro
60	130	155	Poro
22	89	121	Poro
11	89	115	Poro
78	141	141	Poro
28	110	140	Poro
19	102	163	Poro
21	113	175	Poro
50	147	183	Poro
4	49	79	Poro
19	102	176	Poro
11	78	99	Poro
19	110	172	Poro
28	113	161	Poro
101	151	135	Poro
19	90	113	Poro
60	155	171	Poro
14	68	110	Poro
21	109	144	Poro
21	107	172	Poro
16	101	152	Poro
50	98	110	Poro
81	141	146	Poro
43	100	107	Poro
54	115	116	Poro
73	165	187	Poro
45	112	120	Poro
44	132	140	Poro
41	133	166	Poro
95	176	183	Poro
75	162	199	Poro
72	153	170	Poro
12	87	110	Poro
12	80	123	Poro
22	102	164	Poro
15	97	144	Poro
46	119	138	Poro
42	129	153	Poro
53	108	110	Poro
28	108	125	Poro
113	168	165	Poro
36	127	175	Poro
48	111	130	Poro
48	109	100	Poro
36	68	73	Poro
15	99	155	Poro
1	41	74	Poro
29	94	118	Poro
45	143	181	Poro
55	116	124	Poro
15	92	129	Poro
15	83	99	Poro
33	105	114	Poro
25	76	106	Poro
70	140	164	Poro
41	110	142	Poro
13	49	71	Poro
16	92	150	Poro
44	138	165	Poro
28	103	121	Poro
34	70	75	Poro
21	91	109	Poro
17	106	177	Poro
52	153	186	Poro
41	112	153	Poro
48	145	180	Poro
41	124	140	Poro
67	151	194	Poro
57	144	181	Poro
24	110	159	Poro
79	169	173	Poro
18	94	136	Poro
14	95	156	Poro
62	143	172	Poro
49	148	191	Poro
20	104	165	Poro
20	104	170	Poro
61	150	186	Poro
16	95	136	Poro
16	99	143	Poro
43	114	136	Poro
20	84	134	Poro
88	175	186	Poro
48	121	123	Poro
17	102	179	Poro
13	87	105	Poro
19	81	115	Poro
30	118	150	Poro
114	174	164	Poro
23	100	118	Poro
14	66	105	Poro
40	99	101	Poro
33	108	124	Poro
23	87	99	Poro
25	112	186	Poro
16	74	93	Poro
29	102	130	Poro
82	169	181	Poro
32	116	144	Poro
19	76	111	Poro
21	98	172	Poro
2	51	47	Poro
21	93	145	Poro
19	101	158	Poro
26	105	137	Poro
34	115	145	Poro
61	136	159	Poro
20	115	184	Poro
35	130	160	Poro
51	131	155	Poro
9	56	70	Poro
54	147	183	Poro
31	113	132	Poro
47	135	177	Poro
77	157	163	Poro
23	92	122	Poro
17	98	168	Poro
70	147	178	Poro
45	137	159	Poro
82	135	125	Poro
26	111	158	Poro
19	107	175	Poro
32	122	160	Poro
17	91	144	Poro
86	175	196	Poro
34	96	109	Poro
7	62	74	Poro
58	148	162	Poro
33	131	173	Poro
17	67	70	Poro
17	84	97	Poro
18	104	179	Poro
42	117	152	Poro
51	148	183	Poro
59	123	153	Poro
18	81	89	Poro
39	115	144	Poro
34	136	179	Poro
19	107	180	Poro
41	117	147	Poro
108	166	141	Poro
20	97	120	Poro
28	102	124	Poro
83	161	193	Poro
13	70	107	Poro
74	162	179	Poro
11	76	121	Poro
83	173	191	Poro
15	91	139	Poro
13	96	169	Poro
17	73	114	Poro
18	83	130	Poro
15	76	110	Poro
23	72	75	Poro
10	75	107	Poro
17	103	176	Poro
20	80	102	Poro
25	101	121	Poro
19	109	187	Poro
68	106	103	Poro
51	121	134	Poro
105	160	145	Poro
21	75	101	Poro
3	47	59	Poro
43	136	158	Poro
17	106	165	Poro
61	132	154	Poro
35	109	124	Poro
27	95	118	Poro
16	105	183	Poro
1	42	77	Poro
37	116	129	Poro
20	106	179	Poro
17	85	147	Poro
18	85	117	Poro
19	99	155	Poro
49	137	155	Poro
4	48	68	Poro
19	63	101	Poro
54	119	106	Poro
24	105	141	Poro
21	103	164	Poro
136	195	177	Poro
67	152	175	Poro
70	141	159	Poro
117	207	210	Poro
45	99	85	Poro
55	135	145	Poro
21	76	98	Poro
17	100	148	Poro
17	108	181	Poro
74	140	165	Poro
105	200	209	Poro
29	102	129	Poro
77	142	136	Poro
14	74	110	Poro
7	76	122	Poro
15	87	124	Poro
44	139	168	Poro
19	102	157	Poro
51	151	185	Poro
23	90	106	Poro
23	100	125	Poro
17	73	111	Poro
32	102	117	Poro
10	86	114	Poro
77	140	162	Poro
22	101	149	Poro
61	143	167	Poro
1	57	114	Poro
5	45	91	Poro
34	77	105	Poro
21	110	177	Poro
10	49	56	Poro
20	113	167	Poro
21	109	165	Poro
28	97	129	Poro
19	97	155	Poro
49	118	127	Poro
16	101	146	Poro
24	83	93	Poro
10	40	64	Poro
20	105	169	Poro
21	108	174	Poro
55	146	132	Poro
25	84	114	Poro
70	152	152	Poro
14	30	46	Poro
22	102	128	Poro
19	83	105	Poro
14	69	82	Poro
24	106	133	Poro
54	145	179	Poro
18	71	107	Poro
28	92	129	Poro
26	102	165	Poro
22	85	120	Poro
10	52	82	Poro
21	72	107	Poro
17	102	181	Poro
19	112	180	Poro
18	105	177	Poro
42	104	111	Poro
19	105	175	Poro
19	110	184	Poro
34	106	117	Poro
5	70	102	Poro
26	94	118	Poro
25	100	124	Poro
99	159	149	Poro
6	49	77	Poro
21	106	172	Poro
41	88	81	Poro
37	105	113	Poro
20	111	168	Poro
61	139	146	Poro
49	80	87	Poro
11	62	90	Poro
62	139	158	Poro
19	105	181	Poro
23	105	158	Poro
21	108	163	Poro
54	119	126	Poro
24	86	105	Poro
58	124	127	Poro
32	84	79	Poro
19	109	176	Poro
66	161	190	Poro
25	91	103	Poro
12	86	128	Poro
15	78	136	Poro
45	132	159	Poro
31	120	158	Poro
54	137	161	Poro
49	140	173	Poro
47	98	95	Poro
7	28	38	Poro
14	96	137	Poro
19	113	183	Poro
9	52	86	Poro
49	140	161	Poro
37	121	149	Poro
23	105	131	Poro
15	82	116	Poro
86	171	183	Poro
25	73	77	Poro
47	130	136	Poro
43	146	186	Poro
25	95	125	Poro
107	189	203	Poro
19	100	143	Poro
22	79	116	Poro
99	186	188	Poro
15	94	151	Poro
6	64	104	Poro
50	145	189	Poro
60	131	188	Poro
22	105	153	Poro
78	152	159	Poro
77	150	160	Poro
18	103	164	Poro
53	119	119	Poro
65	148	165	Poro
138	196	191	Poro
39	127	141	Poro
33	100	102	Poro
24	122	185	Poro
18	98	162	Poro
55	155	195	Poro
45	131	176	Poro
26	84	90	Poro
15	94	134	Poro
47	85	80	Poro
59	143	167	Poro
104	190	195	Poro
11	73	89	Poro
30	80	102	Poro
27	110	143	Poro
48	141	178	Poro
21	80	120	Poro
19	90	115	Poro
26	111	139	Poro
7	70	98	Poro
67	136	159	Poro
21	79	113	Poro
13	99	177	Poro
38	94	97	Poro
21	85	105	Poro
24	96	130	Poro
19	90	145	Poro
18	100	154	Poro
19	106	183	Poro
13	92	149	Poro
37	138	187	Poro
16	81	105	Poro
17	67	97	Poro
69	159	175	Poro
22	96	141	Poro
58	130	156	Poro
16	86	112	Poro
61	129	135	Poro
58	124	125	Poro
16	101	179	Poro
57	149	146	Poro
21	83	90	Poro
59	121	131	Poro
19	85	152	Poro
37	126	142	Poro
14	92	126	Poro
9	63	121	Poro
58	129	111	Poro
18	86	135	Poro
13	94	153	Poro
35	83	71	Poro
28	96	114	Poro
50	128	139	Poro
13	47	81	Poro
19	85	120	Poro
22	88	110	Poro
96	153	156	Poro
23	83	115	Poro
21	91	128	Poro
29	89	118	Poro
69	119	139	Poro
21	88	121	Poro
11	29	47	Poro
32	95	109	Poro
11	42	56	Poro
22	87	119	Poro
45	91	107	Poro
65	149	166	Poro
18	68	98	Poro
17	59	93	Poro
26	96	117	Poro
19	76	110	Poro
33	94	105	Poro
15	53	70	Poro
36	103	129	Poro
23	80	117	Poro
60	122	140	Poro
42	103	135	Poro
9	57	85	Poro
32	87	109	Poro
113	163	164	Poro
22	88	119	Poro
22	61	70	Poro
19	58	70	Poro
23	89	113	Poro
27	87	109	Poro
14	43	85	Poro
19	69	104	Poro
38	114	119	Poro
11	26	40	Poro
31	91	114	Poro
28	97	115	Poro
33	73	91	Poro
19	82	110	Poro
16	78	108	Poro
37	81	113	Poro
7	45	65	Poro
19	80	119	Poro
28	73	85	Poro
127	186	184	Poro
25	72	89	Poro
13	36	71	Poro
19	87	107	Poro
19	82	113	Poro
24	73	107	Poro
14	54	91	Poro
43	109	129	Poro
10	73	117	Poro
22	56	72	Poro
37	99	112	Poro
31	97	119	Poro
32	106	135	Poro
17	54	68	Poro
31	94	116	Poro
26	98	120	Poro
24	74	102	Poro
30	92	112	Poro
24	81	114	Poro
37	110	129	Poro
24	73	103	Poro
53	100	116	Poro
24	83	101	Poro
21	88	119	Poro
26	65	79	Poro
45	85	105	Poro
170	231	218	Poro
128	176	175	Poro
25	95	122	Poro
89	160	171	Poro
84	132	142	Poro
31	94	110	Poro
22	61	80	Poro
14	30	51	Poro
14	32	47	Poro
19	68	94	Poro
50	92	111	Poro
15	67	92	Poro
42	99	119	Poro
30	92	117	Poro
66	111	126	Poro
20	67	96	Poro
22	93	126	Poro
23	70	93	Poro
27	97	123	Poro
15	42	56	Poro
50	130	147	Poro
76	127	135	Poro
10	41	60	Poro
67	141	156	Poro
8	42	71	Poro
27	86	124	Poro
25	99	134	Poro
51	92	115	Poro
11	25	51	Poro
32	87	113	Poro
52	106	138	Poro
19	75	101	Poro
54	119	112	Poro
34	100	123	Poro
23	74	85	Poro
35	103	133	Poro
19	54	71	Poro
27	78	91	Poro
30	62	97	Poro
30	100	119	Poro
25	90	114	Poro
94	136	152	Poro
15	50	91	Poro
32	93	119	Poro
51	117	119	Poro
23	89	116	Poro
121	178	166	Poro
29	93	119	Poro
27	85	111	Poro
23	92	122	Poro
31	90	109	Poro
41	114	131	Poro
75	116	138	Poro
63	111	128	Poro
92	144	147	Poro
8	44	75	Poro
30	86	99	Poro
30	74	104	Poro
24	97	124	Poro
45	111	125	Poro
15	40	80	Poro
17	84	101	Poro
9	44	74	Poro
25	78	106	Poro
64	145	166	Poro
14	36	65	Poro
33	93	122	Poro
35	101	115	Poro
42	94	110	Poro
75	156	172	Poro
104	143	166	Poro
36	80	94	Poro
11	29	56	Poro
26	86	111	Poro
32	100	128	Poro
24	96	124	Poro
24	85	109	Poro
83	165	183	Poro
70	147	169	Poro
17	78	112	Poro
89	140	153	Poro
16	81	115	Poro
30	85	103	Poro
17	83	125	Poro
15	70	97	Poro
21	64	93	Poro
21	83	111	Poro
25	81	94	Poro
30	89	111	Poro
24	101	133	Poro
121	184	163	Poro
36	101	132	Poro
17	60	87	Poro
19	70	85	Poro
12	60	88	Poro
22	69	94	Poro
151	209	180	Solido
161	229	220	Solido
155	218	213	Solido
159	222	197	Solido
183	246	236	Solido
173	239	225	Solido
64	86	78	Solido
174	242	230	Solido
176	247	238	Solido
147	208	209	Solido
174	244	232	Solido
175	246	241	Solido
163	227	218	Solido
169	229	223	Solido
153	214	214	Solido
170	238	223	Solido
163	226	221	Solido
167	237	230	Solido
165	229	224	Solido
166	236	216	Solido
177	245	230	Solido
141	202	196	Solido
168	234	227	Solido
47	93	82	Solido
163	232	228	Solido
111	153	147	Solido
68	98	67	Solido
169	234	224	Solido
57	80	72	Solido
166	231	225	Solido
158	226	211	Solido
175	243	226	Solido
161	226	207	Solido
169	239	234	Solido
147	210	184	Solido
100	133	136	Solido
170	233	227	Solido
83	120	97	Solido
74	116	87	Solido
161	230	215	Solido
156	220	208	Solido
156	228	213	Solido
102	144	122	Solido
159	226	220	Solido
166	234	213	Solido
166	236	230	Solido
149	212	201	Solido
162	234	222	Solido
105	148	135	Solido
171	234	218	Solido
169	235	232	Solido
163	233	227	Solido
160	225	213	Solido
151	220	218	Solido
179	249	243	Solido
163	229	223	Solido
171	238	228	Solido
164	226	219	Solido
173	242	232	Solido
171	242	232	Solido
199	254	217	Solido
175	240	229	Solido
155	211	180	Solido
77	116	86	Solido
161	227	222	Solido
53	89	66	Solido
134	194	170	Solido
148	210	197	Solido
175	244	234	Solido
171	226	164	Solido
163	225	208	Solido
151	221	223	Solido
169	238	235	Solido
156	223	215	Solido
141	198	177	Solido
79	115	93	Solido
162	230	220	Solido
97	131	118	Solido
177	241	232	Solido
173	238	223	Solido
166	232	224	Solido
154	219	202	Solido
154	217	215	Solido
164	231	230	Solido
60	92	132	Solido
100	143	148	Solido
166	227	232	Solido
153	219	205	Solido
161	228	223	Solido
181	247	239	Solido
139	195	175	Solido
155	217	204	Solido
178	247	243	Solido
66	85	90	Solido
133	184	166	Solido
140	204	197	Solido
175	245	237	Solido
165	231	225	Solido
144	203	191	Solido
172	239	233	Solido
125	185	158	Solido
172	242	228	Solido
168	239	233	Solido
26	49	44	Solido
148	218	204	Solido
171	243	238	Solido
176	244	232	Solido
172	242	234	Solido
189	254	238	Solido
163	234	225	Solido
144	206	201	Solido
150	211	198	Solido
137	190	165	Solido
167	233	227	Solido
160	229	219	Solido
43	77	75	Solido
155	218	198	Solido
145	208	194	Solido
159	220	213	Solido
164	233	225	Solido
165	233	222	Solido
169	237	231	Solido
151	218	206	Solido
171	239	229	Solido
180	246	235	Solido
149	209	199	Solido
159	224	215	Solido
171	239	236	Solido
164	229	224	Solido
163	232	214	Solido
147	201	182	Solido
151	218	216	Solido
35	68	69	Solido
170	233	229	Solido
160	224	223	Solido
152	217	204	Solido
83	125	95	Solido
117	160	126	Solido
172	241	232	Solido
132	189	175	Solido
71	124	97	Solido
145	203	189	Solido
152	206	176	Solido
168	234	223	Solido
177	246	233	Solido
166	237	221	Solido
162	218	211	Solido
165	232	219	Solido
170	238	233	Solido
119	165	150	Solido
165	235	221	Solido
92	131	101	Solido
142	208	190	Solido
162	217	189	Solido
18	50	52	Solido
164	229	229	Solido
113	171	176	Solido
133	189	165	Solido
94	129	99	Solido
171	237	228	Solido
171	241	223	Solido
51	73	78	Solido
177	242	233	Solido
169	233	227	Solido
167	229	225	Solido
164	229	219	Solido
88	133	99	Solido
167	233	224	Solido
165	235	228	Solido
156	214	204	Solido
174	241	231	Solido
177	245	241	Solido
161	226	215	Solido
134	192	176	Solido
179	247	240	Solido
169	233	225	Solido
170	241	231	Solido
143	205	183	Solido
173	240	230	Solido
154	225	218	Solido
172	237	232	Solido
51	84	79	Solido
84	121	99	Solido
164	221	208	Solido
155	222	216	Solido
27	42	69	Solido
121	180	156	Solido
145	211	200	Solido
156	216	212	Solido
176	247	235	Solido
167	232	223	Solido
61	101	83	Solido
110	152	140	Solido
167	236	230	Solido
94	143	119	Solido
82	119	95	Solido
157	214	193	Solido
138	185	161	Solido
173	237	232	Solido
167	231	220	Solido
181	247	202	Solido
97	142	101	Solido
169	236	233	Solido
70	120	127	Solido
16	31	39	Solido
80	122	92	Solido
171	237	233	Solido
172	238	226	Solido
159	222	217	Solido
173	239	222	Solido
184	251	232	Solido
170	228	206	Solido
131	182	171	Solido
47	83	78	Solido
169	237	230	Solido
177	240	234	Solido
166	234	228	Solido
136	204	196	Solido
176	247	242	Solido
168	236	221	Solido
6	16	19	Solido
177	242	209	Solido
6	13	23	Solido
156	226	217	Solido
171	237	231	Solido
169	232	223	Solido
175	243	224	Solido
162	235	219	Solido
152	196	184	Solido
163	225	222	Solido
141	196	173	Solido
165	229	222	Solido
173	237	228	Solido
86	142	108	Solido
63	105	91	Solido
166	234	225	Solido
171	242	235	Solido
137	196	189	Solido
165	229	211	Solido
165	228	216	Solido
170	235	228	Solido
163	229	228	Solido
177	250	243	Solido
143	212	207	Solido
137	201	209	Solido
171	239	238	Solido
146	213	203	Solido
167	236	222	Solido
175	244	231	Solido
165	208	186	Solido
170	235	226	Solido
126	175	144	Solido
153	204	148	Solido
177	242	232	Solido
168	235	227	Solido
141	204	193	Solido
4	12	17	Solido
164	232	222	Solido
167	229	221	Solido
170	237	228	Solido
105	144	115	Solido
177	248	241	Solido
96	142	144	Solido
136	208	196	Solido
177	243	214	Solido
167	235	223	Solido
181	246	239	Solido
63	98	77	Solido
125	173	151	Solido
161	230	227	Solido
73	106	76	Solido
75	115	92	Solido
167	237	233	Solido
151	214	203	Solido
167	237	221	Solido
179	245	233	Solido
170	243	234	Solido
176	242	238	Solido
165	231	220	Solido
147	208	184	Solido
164	226	209	Solido
169	239	221	Solido
162	224	195	Solido
105	153	114	Solido
104	152	109	Solido
165	231	220	Solido
128	189	172	Solido
168	230	223	Solido
86	133	106	Solido
156	216	180	Solido
152	207	192	Solido
181	248	229	Solido
177	246	225	Solido
122	175	174	Solido
77	110	95	Solido
181	250	222	Solido
95	136	109	Solido
71	105	81	Solido
172	238	232	Solido
161	225	199	Solido
147	210	188	Solido
179	248	220	Solido
179	249	236	Solido
151	215	193	Solido
76	101	85	Solido
101	142	142	Solido
155	217	208	Solido
167	232	226	Solido
164	234	223	Solido
161	221	206	Solido
150	218	202	Solido
112	163	149	Solido
85	133	110	Solido
163	222	200	Solido
179	243	229	Solido
84	129	96	Solido
115	157	143	Solido
163	227	219	Solido
173	241	219	Solido
167	234	229	Solido
173	237	226	Solido
145	212	207	Solido
159	224	210	Solido
175	232	203	Solido
96	134	114	Solido
169	240	228	Solido
89	135	101	Solido
180	245	238	Solido
128	187	180	Solido
79	123	92	Solido
161	226	222	Solido
174	243	237	Solido
98	133	124	Solido
172	244	237	Solido
186	254	239	Solido
129	173	149	Solido
166	231	222	Solido
164	233	223	Solido
173	243	234	Solido
163	229	215	Solido
163	234	224	Solido
169	232	227	Solido
134	183	167	Solido
145	212	196	Solido
40	71	72	Solido
175	239	233	Solido
104	161	148	Solido
163	231	219	Solido
170	235	233	Solido
186	250	224	Solido
126	178	160	Solido
169	241	230	Solido
152	214	213	Solido
169	240	226	Solido
167	234	224	Solido
67	112	103	Solido
169	236	229	Solido
37	68	84	Solido
84	122	91	Solido
159	225	205	Solido
151	218	202	Solido
96	142	109	Solido
171	235	222	Solido
162	229	220	Solido
175	246	241	Solido
73	117	92	Solido
171	241	237	Solido
163	227	217	Solido
170	239	227	Solido
164	234	222	Solido
167	236	232	Solido
165	237	229	Solido
137	192	194	Solido
158	215	183	Solido
158	222	207	Solido
163	228	215	Solido
185	254	248	Solido
147	221	199	Solido
170	231	224	Solido
163	227	215	Solido
175	239	234	Solido
120	175	156	Solido
165	237	230	Solido
110	161	161	Solido
109	156	134	Solido
89	139	104	Solido
174	240	227	Solido
176	239	231	Solido
167	233	227	Solido
149	212	197	Solido
101	146	138	Solido
176	243	234	Solido
122	172	161	Solido
167	231	219	Solido
162	226	208	Solido
157	216	214	Solido
74	105	71	Solido
171	240	233	Solido
132	176	158	Solido
165	232	224	Solido
165	235	227	Solido
167	236	230	Solido
187	247	235	Solido
177	247	240	Solido
149	209	195	Solido
175	242	232	Solido
170	238	233	Solido
167	234	227	Solido
173	242	231	Solido
151	210	183	Solido
167	236	223	Solido
173	235	212	Solido
163	227	212	Solido
71	121	129	Solido
146	208	186	Solido
168	232	222	Solido
175	244	231	Solido
153	226	213	Solido
155	220	204	Solido
145	194	159	Solido
112	151	145	Solido
176	244	235	Solido
166	221	192	Solido
160	230	212	Solido
101	136	136	Solido
159	229	219	Solido
171	236	220	Solido
163	225	216	Solido
151	206	189	Solido
168	239	229	Solido
63	86	85	Solido
172	242	230	Solido
124	186	171	Solido
136	194	168	Solido
115	156	140	Solido
143	199	173	Solido
171	232	228	Solido
174	244	237	Solido
154	213	207	Solido
93	140	109	Solido
143	200	189	Solido
114	155	146	Solido
125	166	150	Solido
101	140	143	Solido
171	235	225	Solido
163	223	195	Solido
143	199	184	Solido
23	49	58	Solido
140	189	171	Solido
81	122	115	Solido
162	227	208	Solido
165	229	227	Solido
173	243	233	Solido
125	174	153	Solido
160	225	215	Solido
171	236	230	Solido
163	230	223	Solido
169	233	224	Solido
158	222	216	Solido
162	229	217	Solido
158	224	209	Solido
173	242	235	Solido
154	213	195	Solido
139	194	167	Solido
69	111	100	Solido
167	232	224	Solido
149	219	216	Solido
135	190	167	Solido
34	51	37	Solido
161	227	218	Solido
176	241	224	Solido
167	234	221	Solido
166	238	230	Solido
161	229	218	Solido
167	233	218	Solido
162	232	222	Solido
172	236	227	Solido
168	232	225	Solido
123	178	159	Solido
162	225	206	Solido
146	216	211	Solido
161	226	212	Solido
134	187	181	Solido
165	236	225	Solido
167	236	229	Solido
151	211	205	Solido
161	229	213	Solido
167	231	241	Solido
158	222	217	Solido
174	231	215	Solido
172	240	232	Solido
111	159	139	Solido
121	174	149	Solido
146	198	190	Solido
138	189	170	Solido
63	101	110	Solido
171	240	234	Solido
171	240	230	Solido
170	233	226	Solido
166	233	228	Solido
130	188	172	Solido
116	172	169	Solido
52	83	79	Solido
163	230	217	Solido
163	228	212	Solido
167	233	224	Solido
167	233	225	Solido
165	231	216	Solido
152	221	207	Solido
162	229	225	Solido
34	56	81	Solido
192	254	238	Solido
172	240	230	Solido
175	245	234	Solido
149	211	205	Solido
176	239	225	Solido
165	229	216	Solido
97	147	115	Solido
175	246	239	Solido
160	228	224	Solido
176	250	238	Solido
161	227	222	Solido
161	226	223	Solido
167	235	218	Solido
159	223	210	Solido
171	241	230	Solido
86	125	120	Solido
28	48	55	Solido
169	228	200	Solido
173	243	233	Solido
166	234	225	Solido
162	232	230	Solido
78	126	92	Solido
159	223	196	Solido
168	239	229	Solido
85	128	119	Solido
95	144	138	Solido
160	225	218	Solido
169	236	221	Solido
52	75	101	Solido
165	229	214	Solido
173	247	240	Solido
56	90	67	Solido
142	207	177	Solido
112	160	163	Solido
140	197	193	Solido
158	224	211	Solido
123	171	148	Solido
163	230	224	Solido
167	236	226	Solido
66	95	91	Solido
41	73	52	Solido
150	218	210	Solido
29	45	34	Solido
119	162	152	Solido
166	231	216	Solido
151	216	210	Solido
167	234	224	Solido
128	185	176	Solido
168	237	219	Solido
189	254	241	Solido
165	231	211	Solido
89	119	115	Solido
161	228	211	Solido
150	219	216	Solido
135	189	159	Solido
151	218	218	Solido
171	239	231	Solido
162	230	222	Solido
175	243	235	Solido
170	232	234	Solido
147	203	195	Solido
157	224	213	Solido
165	229	215	Solido
157	225	205	Solido
189	245	222	Solido
150	212	201	Solido
162	225	222	Solido
97	139	112	Solido
162	232	221	Solido
158	220	199	Solido
140	209	207	Solido
169	237	231	Solido
166	231	218	Solido
164	229	222	Solido
162	233	211	Solido
168	235	228	Solido
163	229	214	Solido
169	232	223	Solido
50	82	77	Solido
108	165	148	Solido
86	120	103	Solido
165	233	226	Solido
151	216	214	Solido
156	222	215	Solido
124	171	148	Solido
174	246	241	Solido
155	220	206	Solido
174	243	229	Solido
159	228	210	Solido
172	238	225	Solido
144	210	188	Solido
175	237	238	Solido
103	139	135	Solido
177	247	238	Solido
177	247	233	Solido
109	182	173	Solido
116	159	149	Solido
171	238	228	Solido
162	226	215	Solido
119	168	168	Solido
79	116	119	Solido
174	234	212	Solido
156	221	196	Solido
159	223	214	Solido
153	206	178	Solido
156	225	206	Solido
67	101	77	Solido
171	239	235	Solido
173	239	235	Solido
163	232	217	Solido
173	240	229	Solido
170	239	228	Solido
146	203	198	Solido
155	218	215	Solido
123	181	175	Solido
134	191	170	Solido
123	170	148	Solido
169	238	232	Solido
161	227	221	Solido
169	235	232	Solido
137	196	188	Solido
162	228	218	Solido
113	155	149	Solido
172	243	236	Solido
141	176	175	Solido
153	219	216	Solido
169	239	227	Solido
170	243	237	Solido
161	232	222	Solido
169	237	229	Solido
175	246	236	Solido
181	252	241	Solido
171	237	228	Solido
171	240	231	Solido
185	254	245	Solido
167	234	224	Solido
167	235	230	Solido
172	239	235	Solido
164	231	225	Solido
154	218	201	Solido
139	208	194	Solido
188	252	251	Solido
165	231	232	Solido
107	155	116	Solido
128	182	165	Solido
157	217	220	Solido
153	214	200	Solido
171	241	235	Solido
137	202	194	Solido
163	228	214	Solido
167	236	226	Solido
179	246	238	Solido
142	205	193	Solido
165	235	228	Solido
161	229	222	Solido
162	230	221	Solido
70	107	85	Solido
152	220	200	Solido
161	226	227	Solido
159	227	219	Solido
161	230	222	Solido
24	45	40	Solido
122	165	108	Solido
171	239	229	Solido
166	234	225	Solido
175	239	226	Solido
164	226	219	Solido
171	230	218	Solido
175	240	229	Solido
108	151	120	Solido
177	244	236	Solido
148	214	202	Solido
167	232	225	Solido
166	234	216	Solido
54	79	109	Solido
132	181	168	Solido
55	88	89	Solido
159	227	212	Solido
189	254	244	Solido
166	222	221	Solido
132	180	182	Solido
124	177	172	Solido
58	93	77	Solido
169	235	228	Solido
164	236	234	Solido
105	154	148	Solido
169	235	228	Solido
177	246	231	Solido
167	232	217	Solido
167	224	224	Solido
116	168	140	Solido
169	237	224	Solido
168	238	227	Solido
171	240	231	Solido
157	219	217	Solido
56	93	78	Solido
147	203	183	Solido
162	227	219	Solido
158	228	215	Solido
89	132	107	Solido
167	238	229	Solido
151	218	204	Solido
150	215	207	Solido
175	244	237	Solido
171	237	231	Solido
157	214	171	Solido
63	106	97	Solido
156	219	195	Solido
175	245	238	Solido
163	225	215	Solido
158	229	221	Solido
140	198	182	Solido
132	189	165	Solido
159	225	218	Solido
90	126	95	Solido
28	48	43	Solido
129	189	184	Solido
179	250	245	Solido
55	87	81	Solido
171	239	231	Solido
167	229	223	Solido
110	160	149	Solido
169	231	228	Solido
173	243	232	Solido
171	240	229	Solido
158	225	210	Solido
150	214	205	Solido
175	237	233	Solido
167	231	219	Solido
19	40	33	Solido
166	235	222	Solido
159	226	224	Solido
167	244	234	Solido
15	35	37	Solido
163	231	221	Solido
135	189	171	Solido
102	142	141	Solido
161	223	203	Solido
158	218	191	Solido
170	242	236	Solido
175	237	235	Solido
168	235	226	Solido
175	246	240	Solido
141	198	191	Solido
159	225	217	Solido
177	244	234	Solido
164	233	217	Solido
171	237	232	Solido
61	88	95	Solido
146	209	191	Solido
166	235	229	Solido
165	233	227	Solido
174	248	235	Solido
145	210	194	Solido
118	158	98	Solido
167	238	226	Solido
81	130	110	Solido
163	228	213	Solido
158	221	216	Solido
168	234	225	Solido
174	244	240	Solido
172	230	219	Solido
163	229	217	Solido
34	53	64	Solido
166	228	214	Solido
142	203	191	Solido
104	141	139	Solido
171	241	228	Solido
179	248	234	Solido
172	237	217	Solido
167	235	229	Solido
58	108	111	Solido
23	36	68	Solido
169	232	232	Solido
175	235	220	Solido
119	167	156	Solido
143	207	191	Solido
167	236	224	Solido
161	219	199	Solido
157	223	207	Solido
50	80	64	Solido
175	246	240	Solido
153	218	214	Solido
154	217	193	Solido
163	229	224	Solido
172	243	236	Solido
159	223	223	Solido
159	227	211	Solido
162	230	219	Solido
162	220	208	Solido
73	108	81	Solido
106	161	140	Solido
168	236	228	Solido
147	197	170	Solido
161	228	217	Solido
157	216	208	Solido
167	232	226	Solido
51	93	87	Solido
165	231	227	Solido
62	113	85	Solido
163	232	223	Solido
167	232	217	Solido
172	227	198	Solido
171	243	231	Solido
147	212	200	Solido
145	212	206	Solido
174	241	227	Solido
155	222	217	Solido
99	134	133	Solido
163	227	216	Solido
48	73	45	Solido
164	227	219	Solido
160	228	193	Solido
105	158	161	Solido
166	230	227	Solido
163	229	227	Solido
149	200	176	Solido
122	177	149	Solido
162	219	193	Solido
14	34	34	Solido
112	158	158	Solido
24	45	51	Solido
169	238	232	Solido
101	144	113	Solido
172	238	232	Solido
171	233	233	Solido
173	242	223	Solido
177	236	226	Solido
176	229	211	Solido
164	228	219	Solido
92	132	104	Solido
162	233	232	Solido
169	235	226	Solido
161	224	212	Solido
165	230	216	Solido
164	227	224	Solido
93	134	105	Solido
182	254	249	Solido
146	197	171	Solido
175	245	237	Solido
173	244	233	Solido
160	222	204	Solido
37	56	72	Solido
21	51	42	Solido
38	57	64	Solido
159	228	229	Solido
170	240	234	Solido
170	238	224	Solido
180	252	219	Solido
160	225	209	Solido
178	250	242	Solido
164	230	224	Solido
169	236	224	Solido
138	191	197	Solido
179	247	233	Solido
172	245	240	Solido
79	122	113	Solido
175	247	243	Solido
166	234	220	Solido
159	230	219	Solido
153	214	206	Solido
122	175	146	Solido
146	204	198	Solido
167	232	227	Solido
127	183	158	Solido
169	235	228	Solido
172	235	241	Solido
145	197	183	Solido
165	221	190	Solido
161	231	222	Solido
155	223	218	Solido
173	242	235	Solido
171	239	232	Solido
174	248	239	Solido
173	241	226	Solido
163	231	211	Solido
166	232	228	Solido
115	170	169	Solido
163	226	223	Solido
156	222	215	Solido
173	241	231	Solido
159	223	215	Solido
173	227	202	Solido
161	234	226	Solido
165	234	224	Solido
163	225	211	Solido
167	235	220	Solido
187	254	231	Solido
177	239	232	Solido
161	230	213	Solido
81	120	92	Solido
87	125	116	Solido
198	254	236	Solido
175	246	238	Solido
178	244	241	Solido
183	244	226	Solido
139	195	174	Solido
86	131	104	Solido
100	138	110	Solido
166	229	222	Solido
169	235	223	Solido
121	185	161	Solido
151	202	203	Solido
80	122	90	Solido
158	222	206	Solido
175	241	236	Solido
158	223	208	Solido
32	51	62	Solido
169	236	229	Solido
169	236	225	Solido
176	241	213	Solido
154	216	220	Solido
114	154	123	Solido
101	142	135	Solido
179	248	241	Solido
169	233	229	Solido
124	175	155	Solido
64	106	84	Solido
162	224	217	Solido
155	223	213	Solido
105	146	129	Solido
177	247	240	Solido
136	195	168	Solido
67	110	91	Solido
125	175	170	Solido
175	242	230	Solido
180	251	242	Solido
159	222	219	Solido
196	254	236	Solido
160	227	215	Solido
164	226	215	Solido
164	228	219	Solido
163	230	221	Solido
171	238	233	Solido
164	231	220	Solido
166	232	228	Solido
162	229	220	Solido
91	132	113	Solido
167	233	205	Solido
167	235	225	Solido
159	230	226	Solido
174	242	232	Solido
154	216	204	Solido
165	230	215	Solido
170	239	231	Solido
163	230	214	Solido
86	133	105	Solido
145	207	211	Solido
161	226	213	Solido
166	232	210	Solido
162	224	217	Solido
152	216	210	Solido
157	219	213	Solido
160	226	210	Solido
161	228	221	Solido
169	232	227	Solido
171	237	237	Solido
119	164	154	Solido
88	117	98	Solido
61	90	64	Solido
108	158	140	Solido
122	162	175	Solido
167	233	216	Solido
142	203	196	Solido
143	214	199	Solido
167	234	223	Solido
150	213	206	Solido
163	228	215	Solido
171	240	231	Solido
169	240	230	Solido
74	94	88	Solido
159	228	228	Solido
167	229	213	Solido
173	241	228	Solido
176	250	244	Solido
142	206	184	Solido
121	171	173	Solido
173	239	238	Solido
173	241	234	Solido
175	241	236	Solido
165	229	206	Solido
171	238	231	Solido
168	235	229	Solido
141	211	199	Solido
151	217	209	Solido
161	223	218	Solido
192	254	214	Solido
137	187	154	Solido
44	89	65	Solido
139	199	179	Solido
138	199	176	Solido
166	229	227	Solido
167	243	234	Solido
111	159	155	Solido
159	221	214	Solido
150	214	192	Solido
175	239	235	Solido
73	108	96	Solido
177	245	236	Solido
167	228	224	Solido
79	114	81	Solido
148	204	175	Solido
159	227	218	Solido
172	235	225	Solido
135	189	186	Solido
162	228	222	Solido
176	244	233	Solido
175	246	232	Solido
171	241	229	Solido
162	225	218	Solido
176	246	229	Solido
171	238	232	Solido
168	238	220	Solido
170	236	216	Solido
167	235	215	Solido
169	236	222	Solido
164	229	219	Solido
186	254	239	Solido
169	238	224	Solido
171	240	233	Solido
173	241	225	Solido
159	225	212	Solido
141	188	168	Solido
170	236	227	Solido
171	240	225	Solido
166	225	225	Solido
171	236	231	Solido
158	231	213	Solido
60	98	78	Solido
143	200	189	Solido
174	245	238	Solido
159	229	220	Solido
43	61	64	Solido
169	237	229	Solido
149	210	195	Solido
165	227	218	Solido
167	236	219	Solido
159	223	210	Solido
85	124	99	Solido
174	244	235	Solido
172	243	227	Solido
174	240	236	Solido
103	151	130	Solido
141	199	186	Solido
167	234	227	Solido
166	225	189	Solido
70	107	83	Solido
156	228	217	Solido
159	226	223	Solido
74	116	91	Solido
105	145	131	Solido
168	238	219	Solido
169	240	230	Solido
163	231	218	Solido
127	181	154	Solido
164	232	220	Solido
158	220	220	Solido
166	234	227	Solido
160	229	219	Solido
171	238	230	Solido
33	43	69	Solido
193	254	238	Solido
170	233	219	Solido
158	220	201	Solido
182	247	227	Solido
166	235	226	Solido
158	219	209	Solido
29	45	54	Solido
171	231	209	Solido
67	97	106	Solido
178	231	200	Solido
167	232	225	Solido
167	235	227	Solido
165	234	231	Solido
164	228	218	Solido
153	211	227	Solido
161	224	211	Solido
146	197	183	Solido
107	155	164	Solido
114	146	135	Solido
107	156	153	Solido
150	211	188	Solido
169	235	225	Solido
151	214	204	Solido
138	191	155	Solido
172	239	228	Solido
169	240	230	Solido
162	225	212	Solido
161	229	219	Solido
85	129	119	Solido
148	215	200	Solido
166	229	214	Solido
80	121	95	Solido
165	230	222	Solido
167	232	224	Solido
173	244	232	Solido
172	240	229	Solido
175	246	239	Solido
174	244	233	Solido
104	150	119	Solido
167	239	225	Solido
144	207	192	Solido
165	234	227	Solido
180	253	249	Solido
152	219	206	Solido
138	205	194	Solido
192	254	239	Solido
85	125	99	Solido
103	158	138	Solido
28	39	75	Solido
176	244	235	Solido
148	211	190	Solido
155	225	216	Solido
173	240	233	Solido
117	163	154	Solido
16	32	31	Solido
169	237	218	Solido
156	226	217	Solido
175	246	241	Solido
171	237	230	Solido
157	212	176	Solido
139	209	206	Solido
95	139	106	Solido
104	147	124	Solido
173	248	233	Solido
172	238	228	Solido
179	232	207	Solido
76	115	84	Solido
159	222	213	Solido
158	223	219	Solido
161	226	220	Solido
166	234	231	Solido
171	237	231	Solido
163	225	216	Solido
158	228	223	Solido
155	221	213	Solido
112	157	121	Solido
173	240	237	Solido
165	232	225	Solido
162	229	227	Solido
168	237	224	Solido
163	225	211	Solido
157	221	209	Solido
159	222	204	Solido
70	110	81	Solido
56	96	89	Solido
163	219	195	Solido
176	246	237	Solido
169	234	224	Solido
167	233	226	Solido
159	215	191	Solido
170	234	225	Solido
155	227	210	Solido
164	230	217	Solido
162	222	205	Solido
141	207	205	Solido
157	214	181	Solido
64	99	74	Solido
169	239	233	Solido
175	231	216	Solido
167	237	229	Solido
159	230	218	Solido
152	213	200	Solido
171	240	229	Solido
153	214	192	Solido
134	190	185	Solido
170	239	236	Solido
174	243	235	Solido
175	244	223	Solido
173	245	240	Solido
156	219	212	Solido
88	130	104	Solido
168	233	216	Solido
165	228	222	Solido
118	172	149	Solido
40	66	65	Solido
111	149	139	Solido
171	238	231	Solido
175	245	242	Solido
173	238	221	Solido
168	234	223	Solido
71	113	86	Solido
159	225	213	Solido
171	240	230	Solido
116	159	148	Solido
163	227	217	Solido
164	232	223	Solido
147	206	187	Solido
158	225	209	Solido
158	228	218	Solido
161	230	226	Solido
159	226	216	Solido
168	240	236	Solido
159	229	219	Solido
168	234	232	Solido
175	243	237	Solido
161	229	216	Solido
151	215	199	Solido
178	245	240	Solido
167	235	223	Solido
179	244	240	Solido
153	214	206	Solido
43	54	91	Solido
155	218	220	Solido
158	225	217	Solido
183	254	247	Solido
175	244	235	Solido
130	183	167	Solido
171	238	228	Solido
82	117	91	Solido
166	231	228	Solido
149	214	202	Solido
145	202	196	Solido
24	48	65	Solido
155	222	204	Solido
152	209	187	Solido
171	240	229	Solido
173	241	235	Solido
162	220	211	Solido
153	208	207	Solido
122	187	176	Solido
166	231	200	Solido
161	223	219	Solido
170	240	229	Solido
170	233	226	Solido
74	88	90	Solido
162	233	224	Solido
65	126	147	Solido
97	141	131	Solido
154	216	214	Solido
165	234	223	Solido
159	227	212	Solido
161	234	227	Solido
90	152	173	Solido
166	235	228	Solido
159	228	220	Solido
167	233	213	Solido
154	214	211	Solido
167	231	228	Solido
171	238	231	Solido
165	222	220	Solido
115	172	173	Solido
173	246	236	Solido
165	232	231	Solido
146	212	198	Solido
93	129	132	Solido
138	184	168	Solido
148	207	185	Solido
166	236	224	Solido
135	192	169	Solido
97	145	128	Solido
174	238	238	Solido
171	238	232	Solido
154	219	213	Solido
124	179	151	Solido
168	240	229	Solido
133	193	187	Solido
47	76	66	Solido
168	238	228	Solido
150	218	208	Solido
169	233	228	Solido
51	73	78	Solido
171	237	232	Solido
92	133	118	Solido
49	76	75	Solido
173	242	233	Solido
168	235	224	Solido
151	218	216	Solido
177	248	226	Solido
140	194	180	Solido
166	234	221	Solido
168	239	233	Solido
100	145	117	Solido
155	222	213	Solido
168	237	230	Solido
154	216	202	Solido
168	235	229	Solido
142	215	202	Solido
162	234	220	Solido
176	245	239	Solido
149	215	211	Solido
77	129	111	Solido
162	227	218	Solido
176	246	233	Solido
172	245	235	Solido
26	48	62	Solido
142	205	185	Solido
165	228	215	Solido
57	73	84	Solido
166	234	227	Solido
149	205	194	Solido
101	145	144	Solido
132	176	145	Solido
172	237	224	Solido
154	221	214	Solido
168	236	236	Solido
81	120	99	Solido
92	135	103	Solido
141	207	173	Solido
167	234	218	Solido
168	233	208	Solido
164	229	221	Solido
177	249	217	Solido
150	215	200	Solido
163	223	200	Solido
151	212	206	Solido
168	240	233	Solido
9	21	24	Solido
86	127	97	Solido
175	241	237	Solido
136	196	190	Solido
168	229	222	Solido
149	216	223	Solido
158	222	213	Solido
150	211	191	Solido
156	220	215	Solido
171	243	230	Solido
169	231	226	Solido
167	236	222	Solido
161	225	225	Solido
119	183	179	Solido
162	227	216	Solido
28	50	38	Solido
67	103	86	Solido
164	227	219	Solido
166	232	222	Solido
166	232	228	Solido
157	221	208	Solido
120	167	133	Solido
167	234	229	Solido
174	234	224	Solido
159	227	221	Solido
175	244	234	Solido
172	243	236	Solido
171	234	225	Solido
141	191	172	Solido
173	242	224	Solido
88	132	105	Solido
131	181	173	Solido
163	230	216	Solido
171	236	226	Solido
174	239	237	Solido
162	229	218	Solido
183	251	243	Solido
86	126	103	Solido
141	194	175	Solido
56	80	85	Solido
111	166	149	Solido
165	231	223	Solido
165	230	213	Solido
122	189	180	Solido
153	224	210	Solido
169	239	225	Solido
167	230	227	Solido
173	242	231	Solido
117	177	134	Solido
145	207	207	Solido
162	228	218	Solido
174	240	229	Solido
174	242	241	Solido
78	113	117	Solido
72	111	87	Solido
177	247	236	Solido
120	168	156	Solido
172	234	219	Solido
166	234	204	Solido
169	234	229	Solido
182	247	238	Solido
169	238	222	Solido
179	248	235	Solido
170	231	228	Solido
170	236	232	Solido
41	75	76	Solido
162	224	222	Solido
107	147	156	Solido
164	228	220	Solido
163	227	227	Solido
175	243	236	Solido
164	229	225	Solido
126	177	157	Solido
157	221	208	Solido
162	226	220	Solido
171	238	229	Solido
184	254	234	Solido
152	219	210	Solido
158	224	215	Solido
167	233	219	Solido
146	210	189	Solido
169	239	226	Solido
169	239	220	Solido
140	202	193	Solido
165	224	225	Solido
174	229	165	Solido
148	207	190	Solido
167	235	226	Solido
103	152	132	Solido
155	217	201	Solido
169	235	216	Solido
163	228	212	Solido
182	239	215	Solido
171	237	226	Solido
165	227	218	Solido
173	241	232	Solido
158	221	216	Solido
19	61	87	Solido
165	232	201	Solido
164	233	234	Solido
172	241	230	Solido
159	228	221	Solido
46	62	93	Solido
169	238	225	Solido
126	177	155	Solido
168	235	230	Solido
185	246	233	Solido
171	239	226	Solido
171	245	239	Solido
156	226	213	Solido
156	222	214	Solido
164	229	201	Solido
171	240	237	Solido
167	234	225	Solido
50	90	74	Solido
16	39	32	Solido
169	238	223	Solido
157	222	218	Solido
75	125	128	Solido
177	244	237	Solido
166	234	226	Solido
173	240	231	Solido
183	252	248	Solido
56	86	81	Solido
72	94	105	Solido
122	177	153	Solido
173	236	233	Solido
151	203	178	Solido
113	161	141	Solido
53	94	85	Solido
152	215	211	Solido
181	246	241	Solido
102	151	141	Solido
165	232	221	Solido
162	226	211	Solido
161	227	226	Solido
155	222	212	Solido
169	237	227	Solido
43	81	79	Solido
172	239	230	Solido
152	204	176	Solido
171	242	236	Solido
104	140	106	Solido
146	193	167	Solido
171	237	220	Solido
90	142	105	Solido
163	225	221	Solido
175	242	230	Solido
106	151	148	Solido
167	237	223	Solido
127	171	144	Solido
130	187	169	Solido
154	221	216	Solido
166	229	213	Solido
163	230	212	Solido
90	123	122	Solido
163	234	225	Solido
73	112	79	Solido
162	231	223	Solido
172	240	221	Solido
171	239	232	Solido
116	171	171	Solido
165	230	224	Solido
169	236	219	Solido
164	231	224	Solido
180	248	235	Solido
177	241	234	Solido
146	212	195	Solido
91	140	105	Solido
84	124	96	Solido
156	220	205	Solido
158	215	194	Solido
159	219	199	Solido
168	235	230	Solido
162	226	218	Solido
169	241	235	Solido
125	180	159	Solido
178	247	234	Solido
179	245	232	Solido
176	245	237	Solido
161	235	225	Solido
104	137	115	Solido
164	229	208	Solido
87	137	118	Solido
175	248	235	Solido
155	216	187	Solido
157	216	194	Solido
160	225	222	Solido
145	195	156	Solido
109	158	148	Solido
165	232	221	Solido
83	122	131	Solido
174	239	236	Solido
26	49	46	Solido
174	240	234	Solido
72	106	108	Solido
66	108	87	Solido
166	236	226	Solido
174	242	240	Solido
167	235	228	Solido
144	183	165	Solido
14	29	52	Solido
185	251	246	Solido
12	35	35	Solido
11	25	29	Solido
174	239	229	Solido
169	239	226	Solido
106	160	143	Solido
167	239	231	Solido
164	231	224	Solido
159	223	209	Solido
195	254	236	Solido
126	173	155	Solido
170	238	224	Solido
25	53	58	Solido
158	218	201	Solido
168	231	226	Solido
154	216	202	Solido
149	209	200	Solido
90	134	107	Solido
165	232	226	Solido
96	146	111	Solido
165	230	221	Solido
171	240	224	Solido
162	224	207	Solido
164	229	219	Solido
162	228	207	Solido
167	235	223	Solido
167	233	222	Solido
169	233	225	Solido
167	233	213	Solido
160	226	212	Solido
179	245	232	Solido
135	200	198	Solido
168	238	230	Solido
144	201	173	Solido
172	235	233	Solido
158	220	213	Solido
110	173	165	Solido
151	214	193	Solido
95	135	126	Solido
169	233	228	Solido
161	229	206	Solido
172	237	228	Solido
163	232	215	Solido
136	194	159	Solido
167	236	226	Solido
63	93	92	Solido
67	110	84	Solido
174	241	233	Solido
169	236	226	Solido
179	250	243	Solido
160	227	223	Solido
165	229	222	Solido
165	234	223	Solido
163	232	222	Solido
107	169	191	Solido
173	238	229	Solido
163	227	215	Solido
154	223	215	Solido
90	120	109	Solido
171	240	234	Solido
161	223	211	Solido
171	231	234	Solido
78	136	164	Solido
49	84	61	Solido
102	138	133	Solido
161	228	222	Solido
171	237	230	Solido
46	71	74	Solido
181	251	242	Solido
70	91	96	Solido
163	232	221	Solido
170	234	226	Solido
156	206	168	Solido
67	107	79	Solido
38	73	76	Solido
159	219	207	Solido
182	243	196	Solido
150	215	198	Solido
131	190	166	Solido
169	238	224	Solido
81	118	123	Solido
162	228	226	Solido
169	237	231	Solido
119	168	151	Solido
163	231	223	Solido
165	233	224	Solido
179	249	235	Solido
75	121	91	Solido
169	236	226	Solido
113	165	152	Solido
182	250	237	Solido
157	217	200	Solido
150	214	191	Solido
175	244	229	Solido
56	104	88	Solido
141	200	179	Solido
176	239	224	Solido
173	238	237	Solido
167	233	225	Solido
153	217	206	Solido
180	247	241	Solido
131	187	183	Solido
147	203	196	Solido
138	198	199	Solido
172	237	219	Solido
157	218	195	Solido
169	230	230	Solido
144	209	185	Solido
162	232	223	Solido
161	222	211	Solido
114	164	137	Solido
159	221	208	Solido
167	232	227	Solido
64	101	70	Solido
178	243	234	Solido
156	219	216	Solido
171	243	226	Solido
174	242	238	Solido
176	238	224	Solido
165	234	227	Solido
172	237	221	Solido
143	197	168	Solido
177	250	244	Solido
158	224	223	Solido
171	239	226	Solido
149	205	182	Solido
176	242	233	Solido
167	233	219	Solido
168	237	226	Solido
149	207	167	Solido
173	246	242	Solido
138	198	192	Solido
169	236	229	Solido
164	232	219	Solido
173	240	224	Solido
164	230	227	Solido
152	216	199	Solido
145	203	201	Solido
153	216	208	Solido
169	237	229	Solido
168	237	231	Solido
161	229	216	Solido
144	201	193	Solido
135	182	174	Solido
168	234	227	Solido
63	93	106	Solido
157	226	217	Solido
159	225	211	Solido
158	220	200	Solido
142	190	175	Solido
160	232	224	Solido
162	230	215	Solido
37	48	85	Solido
134	202	191	Solido
168	236	230	Solido
168	234	227	Solido
159	222	204	Solido
173	238	225	Solido
168	236	223	Solido
153	231	209	Solido
178	247	238	Solido
171	240	235	Solido
167	220	198	Solido
171	243	232	Solido
173	241	231	Solido
157	225	216	Solido
192	254	245	Solido
160	225	221	Solido
169	236	217	Solido
182	249	242	Solido
57	95	70	Solido
70	99	106	Solido
170	237	228	Solido
173	238	232	Solido
87	127	121	Solido
150	210	177	Solido
140	192	174	Solido
168	237	218	Solido
178	242	240	Solido
125	173	157	Solido
63	101	95	Solido
155	210	192	Solido
172	237	219	Solido
122	183	170	Solido
88	141	108	Solido
157	212	198	Solido
107	153	135	Solido
167	237	231	Solido
159	225	219	Solido
93	132	104	Solido
153	213	206	Solido
166	233	226	Solido
155	211	190	Solido
69	101	70	Solido
151	215	208	Solido
135	184	171	Solido
88	122	122	Solido
161	225	214	Solido
154	218	205	Solido
122	174	157	Solido
162	230	221	Solido
167	234	223	Solido
140	193	182	Solido
147	211	196	Solido
65	102	77	Solido
107	158	165	Solido
87	122	99	Solido
157	227	224	Solido
59	98	80	Solido
170	239	234	Solido
171	237	226	Solido
102	150	113	Solido
88	128	98	Solido
160	224	218	Solido
168	238	221	Solido
167	235	224	Solido
150	204	193	Solido
73	112	121	Solido
172	241	238	Solido
172	241	235	Solido
169	235	225	Solido
177	245	240	Solido
118	166	166	Solido
177	243	232	Solido
141	187	155	Solido
159	223	219	Solido
159	228	221	Solido
177	247	241	Solido
155	215	193	Solido
159	222	208	Solido
171	241	232	Solido
163	234	223	Solido
167	234	225	Solido
169	238	230	Solido
164	237	226	Solido
81	116	124	Solido
173	238	235	Solido
145	207	197	Solido
170	237	229	Solido
165	234	223	Solido
169	231	228	Solido
163	229	220	Solido
157	228	217	Solido
169	231	221	Solido
169	232	230	Solido
160	223	212	Solido
165	229	214	Solido
165	234	228	Solido
163	233	229	Solido
127	187	193	Solido
167	233	224	Solido
159	221	205	Solido
139	200	205	Solido
175	244	240	Solido
173	236	210	Solido
152	219	214	Solido
164	232	225	Solido
166	230	222	Solido
141	198	203	Solido
117	173	155	Solido
63	103	76	Solido
177	242	228	Solido
171	237	229	Solido
117	178	157	Solido
145	213	208	Solido
168	231	220	Solido
165	227	225	Solido
164	232	218	Solido
177	244	224	Solido
174	241	229	Solido
177	245	240	Solido
140	203	185	Solido
162	227	223	Solido
170	236	222	Solido
168	234	227	Solido
175	249	244	Solido
159	227	211	Solido
168	230	218	Solido
106	160	171	Solido
123	174	167	Solido
163	228	221	Solido
164	234	222	Solido
92	125	149	Solido
93	138	128	Solido
172	243	226	Solido
167	236	223	Solido
65	105	78	Solido
172	241	230	Solido
127	181	177	Solido
146	221	214	Solido
167	229	222	Solido
157	222	204	Solido
169	238	227	Solido
168	238	229	Solido
174	242	233	Solido
27	65	57	Solido
86	115	124	Solido
165	230	221	Solido
170	236	233	Solido
169	235	231	Solido
173	239	228	Solido
173	244	236	Solido
154	218	210	Solido
131	187	177	Solido
162	231	215	Solido
73	109	101	Solido
176	241	235	Solido
107	158	166	Solido
147	216	211	Solido
171	239	216	Solido
98	137	150	Solido
110	151	142	Solido
166	234	224	Solido
87	130	115	Solido
162	230	220	Solido
153	218	209	Solido
43	88	70	Solido
93	141	109	Solido
34	64	59	Solido
162	226	212	Solido
171	237	231	Solido
173	243	237	Solido
152	219	211	Solido
163	230	221	Solido
97	146	115	Solido
175	234	219	Solido
164	232	224	Solido
171	237	231	Solido
175	247	241	Solido
165	237	225	Solido
169	223	193	Solido
108	157	117	Solido
161	222	211	Solido
169	236	232	Solido
101	138	123	Solido
169	238	227	Solido
172	238	220	Solido
131	201	181	Solido
139	194	170	Solido
146	213	213	Solido
118	164	147	Solido
87	125	96	Solido
113	150	91	Solido
69	104	79	Solido
159	224	209	Solido
175	244	230	Solido
141	207	192	Solido
173	235	225	Solido
84	119	109	Solido
178	242	228	Solido
163	233	221	Solido
162	226	221	Solido
167	233	225	Solido
159	224	214	Solido
176	233	215	Solido
145	190	155	Solido
176	230	206	Solido
151	214	193	Solido
159	225	217	Solido
166	233	211	Solido
160	225	211	Solido
157	219	205	Solido
161	232	225	Solido
176	244	225	Solido
160	227	221	Solido
161	226	217	Solido
57	85	98	Solido
172	239	229	Solido
160	227	220	Solido
164	231	227	Solido
158	227	215	Solido
154	226	219	Solido
61	95	70	Solido
153	222	214	Solido
167	236	230	Solido
158	220	215	Solido
172	239	227	Solido
101	143	128	Solido
156	224	216	Solido
171	237	230	Solido
156	226	212	Solido
164	229	222	Solido
169	240	230	Solido
172	243	225	Solido
145	198	177	Solido
49	87	79	Solido
170	238	229	Solido
165	230	215	Solido
164	235	223	Solido
59	106	110	Solido
30	51	51	Solido
170	240	232	Solido
170	238	232	Solido
176	238	225	Solido
170	235	223	Solido
161	228	219	Solido
145	204	190	Solido
41	73	62	Solido
176	243	221	Solido
166	229	220	Solido
171	240	228	Solido
93	134	132	Solido
137	198	177	Solido
153	221	208	Solido
171	242	235	Solido
162	225	218	Solido
181	252	223	Solido
141	193	171	Solido
171	239	225	Solido
163	225	222	Solido
169	229	222	Solido
176	241	226	Solido
171	241	233	Solido
133	199	189	Solido
185	250	236	Solido
170	239	229	Solido
154	212	207	Solido
163	228	227	Solido
156	223	219	Solido
172	243	236	Solido
75	107	104	Solido
71	115	93	Solido
135	194	187	Solido
128	179	172	Solido
175	244	236	Solido
150	209	207	Solido
135	188	175	Solido
156	225	216	Solido
171	224	191	Solido
140	205	195	Solido
165	225	221	Solido
182	250	237	Solido
54	84	90	Solido
131	181	162	Solido
164	228	216	Solido
175	241	230	Solido
167	238	223	Solido
65	107	84	Solido
175	243	234	Solido
169	229	220	Solido
154	218	213	Solido
160	228	216	Solido
142	202	196	Solido
173	235	218	Solido
170	241	234	Solido
166	235	222	Solido
159	216	189	Solido
158	219	200	Solido
173	243	233	Solido
171	238	230	Solido
100	163	166	Solido
169	236	230	Solido
167	231	217	Solido
171	238	229	Solido
168	241	237	Solido
165	230	213	Solido
167	233	227	Solido
118	175	160	Solido
112	147	118	Solido
115	155	147	Solido
149	220	206	Solido
169	239	229	Solido
148	211	210	Solido
162	230	222	Solido
169	230	227	Solido
167	239	230	Solido
152	218	199	Solido
180	244	239	Solido
154	218	209	Solido
175	240	235	Solido
170	235	230	Solido
159	215	204	Solido
98	150	123	Solido
158	226	212	Solido
151	217	202	Solido
161	229	228	Solido
151	215	217	Solido
91	140	112	Solido
172	225	222	Solido
163	230	219	Solido
158	222	214	Solido
159	228	224	Solido
162	227	221	Solido
164	230	220	Solido
113	163	156	Solido
179	244	231	Solido
91	123	116	Solido
168	230	225	Solido
173	240	233	Solido
171	239	228	Solido
173	244	236	Solido
172	237	233	Solido
46	74	53	Solido
163	227	220	Solido
163	226	192	Solido
122	165	142	Solido
146	199	179	Solido
147	225	193	Solido
123	176	170	Solido
161	228	225	Solido
160	222	195	Solido
175	247	235	Solido
52	80	118	Solido
162	226	216	Solido
170	237	228	Solido
74	114	83	Solido
34	48	79	Solido
161	230	219	Solido
170	233	225	Solido
179	251	243	Solido
161	226	209	Solido
162	228	219	Solido
171	238	223	Solido
145	204	186	Solido
109	160	157	Solido
124	171	167	Solido
151	220	208	Solido
167	229	228	Solido
163	229	223	Solido
66	112	91	Solido
176	245	216	Solido
110	150	141	Solido
181	250	228	Solido
171	235	231	Solido
156	228	218	Solido
69	122	122	Solido
166	229	216	Solido
83	125	92	Solido
171	239	226	Solido
169	231	222	Solido
174	243	228	Solido
182	252	247	Solido
165	233	228	Solido
155	215	208	Solido
85	122	93	Solido
178	247	239	Solido
135	187	164	Solido
157	221	220	Solido
175	243	236	Solido
161	227	218	Solido
169	233	222	Solido
176	247	237	Solido
170	236	220	Solido
86	129	101	Solido
156	219	200	Solido
183	253	243	Solido
170	239	235	Solido
158	220	203	Solido
169	239	234	Solido
171	241	236	Solido
111	162	150	Solido
149	205	171	Solido
160	225	217	Solido
167	234	219	Solido
115	161	138	Solido
171	240	233	Solido
83	116	126	Solido
164	232	219	Solido
161	231	222	Solido
76	119	95	Solido
173	243	238	Solido
169	240	226	Solido
161	230	216	Solido
127	188	172	Solido
122	167	134	Solido
94	140	126	Solido
169	238	229	Solido
161	229	220	Solido
69	111	79	Solido
164	226	214	Solido
165	227	219	Solido
139	198	196	Solido
157	225	211	Solido
167	236	217	Solido
164	237	229	Solido
162	228	217	Solido
159	216	185	Solido
157	226	214	Solido
153	225	212	Solido
163	232	229	Solido
175	247	230	Solido
172	237	228	Solido
175	239	212	Solido
106	149	115	Solido
177	246	231	Solido
138	207	189	Solido
164	230	215	Solido
19	46	49	Solido
132	190	171	Solido
157	215	219	Solido
137	194	175	Solido
162	221	197	Solido
156	218	212	Solido
143	209	189	Solido
174	242	233	Solido
163	229	219	Solido
179	243	232	Solido
74	118	107	Solido
112	163	160	Solido
154	211	214	Solido
52	86	85	Solido
167	235	229	Solido
178	248	236	Solido
138	194	171	Solido
166	227	222	Solido
161	229	216	Solido
124	175	176	Solido
114	172	178	Solido
165	226	220	Solido
175	247	233	Solido
169	234	223	Solido
171	238	227	Solido
178	240	236	Solido
156	220	219	Solido
166	232	216	Solido
81	126	100	Solido
169	236	224	Solido
135	190	175	Solido
154	214	213	Solido
164	225	205	Solido
180	243	230	Solido
157	221	214	Solido
181	252	245	Solido
126	171	153	Solido
163	234	207	Solido
84	134	121	Solido
153	218	208	Solido
171	236	230	Solido
170	240	230	Solido
148	202	180	Solido
163	230	222	Solido
163	230	220	Solido
115	159	155	Solido
168	236	228	Solido
187	252	227	Solido
166	235	221	Solido
134	184	169	Solido
70	115	91	Solido
175	242	240	Solido
167	236	221	Solido
169	238	231	Solido
178	249	231	Solido
163	229	209	Solido
173	246	237	Solido
104	153	126	Solido
169	231	213	Solido
167	233	226	Solido
153	221	198	Solido
173	242	226	Solido
157	224	202	Solido
172	244	239	Solido
156	221	207	Solido
171	243	239	Solido
100	151	139	Solido
163	226	216	Solido
157	226	223	Solido
177	234	212	Solido
155	223	214	Solido
169	237	226	Solido
162	226	207	Solido
63	92	64	Solido
171	236	227	Solido
177	246	235	Solido
140	205	207	Solido
129	182	166	Solido
162	228	204	Solido
150	211	199	Solido
137	199	172	Solido
167	231	223	Solido
102	159	151	Solido
163	230	223	Solido
165	224	191	Solido
135	203	185	Solido
160	215	191	Solido
165	237	224	Solido
157	209	181	Solido
166	233	223	Solido
173	246	242	Solido
169	234	225	Solido
170	234	219	Solido
163	231	221	Solido
175	245	242	Solido
149	211	210	Solido
161	230	221	Solido
162	228	222	Solido
172	241	230	Solido
185	250	245	Solido
145	202	199	Solido
166	232	221	Solido
116	162	161	Solido
110	156	128	Solido
148	199	192	Solido
133	194	184	Solido
166	229	222	Solido
157	224	218	Solido
167	234	227	Solido
169	236	225	Solido
154	219	198	Solido
31	59	56	Solido
174	238	233	Solido
149	219	207	Solido
167	227	206	Solido
163	232	227	Solido
164	234	228	Solido
148	211	194	Solido
171	240	238	Solido
164	233	227	Solido
180	245	237	Solido
173	240	235	Solido
166	237	225	Solido
61	96	75	Solido
171	237	225	Solido
174	240	234	Solido
158	223	214	Solido
131	193	193	Solido
169	235	225	Solido
171	240	232	Solido
172	241	229	Solido
129	179	152	Solido
151	217	205	Solido
151	208	197	Solido
162	231	217	Solido
87	129	121	Solido
167	234	228	Solido
178	244	235	Solido
165	236	234	Solido
175	242	239	Solido
152	215	196	Solido
170	232	225	Solido
73	117	111	Solido
25	51	45	Solido
154	214	201	Solido
77	123	123	Solido
177	241	216	Solido
156	221	199	Solido
156	222	207	Solido
171	240	229	Solido
166	233	224	Solido
177	245	238	Solido
169	231	219	Solido
40	62	83	Solido
175	242	233	Solido
127	187	189	Solido
170	235	225	Solido
136	197	163	Solido
118	159	145	Solido
180	245	234	Solido
127	177	175	Solido
159	225	218	Solido
167	235	226	Solido
121	172	155	Solido
162	228	222	Solido
131	191	182	Solido
164	227	212	Solido
77	120	118	Solido
174	243	234	Solido
174	240	235	Solido
104	142	145	Solido
158	226	214	Solido
178	249	232	Solido
135	187	181	Solido
135	195	166	Solido
148	207	200	Solido
11	32	40	Solido
170	239	236	Solido
171	239	226	Solido
166	233	216	Solido
61	101	92	Solido
160	232	226	Solido
169	235	223	Solido
147	201	198	Solido
109	150	144	Solido
156	214	181	Solido
94	135	114	Solido
146	202	171	Solido
47	75	73	Solido
170	238	227	Solido
171	238	229	Solido
159	219	211	Solido
169	236	226	Solido
154	225	222	Solido
163	226	230	Solido
169	237	228	Solido
153	217	211	Solido
82	126	94	Solido
18	41	44	Solido
158	224	213	Solido
174	245	237	Solido
41	73	58	Solido
65	105	85	Solido
108	153	137	Solido
176	244	232	Solido
163	229	214	Solido
157	225	209	Solido
160	223	214	Solido
127	181	151	Solido
171	235	230	Solido
165	229	227	Solido
142	202	199	Solido
165	231	222	Solido
177	247	235	Solido
91	136	104	Solido
175	247	226	Solido
170	237	228	Solido
147	212	203	Solido
177	248	242	Solido
173	246	238	Solido
52	91	78	Solido
182	254	244	Solido
161	226	212	Solido
169	239	226	Solido
122	173	155	Solido
171	231	225	Solido
169	238	217	Solido
128	191	206	Solido
160	224	189	Solido
124	182	183	Solido
113	165	141	Solido
93	145	118	Solido
1	11	31	Solido
154	223	212	Solido
179	247	232	Solido
104	141	134	Solido
148	209	196	Solido
159	227	221	Solido
164	226	218	Solido
166	231	213	Solido
169	237	229	Solido
174	240	234	Solido
116	153	155	Solido
166	233	218	Solido
164	232	215	Solido
162	232	222	Solido
159	223	206	Solido
195	254	223	Solido
169	236	223	Solido
164	228	208	Solido
168	236	223	Solido
162	231	220	Solido
161	228	223	Solido
169	237	228	Solido
161	230	215	Solido
157	222	210	Solido
145	200	189	Solido
161	225	215	Solido
171	235	225	Solido
170	238	228	Solido
162	229	222	Solido
157	216	200	Solido
165	232	215	Solido
178	250	242	Solido
69	89	93	Solido
164	226	218	Solido
153	217	214	Solido
170	234	226	Solido
148	216	205	Solido
162	227	219	Solido
120	168	168	Solido
187	254	211	Solido
162	228	220	Solido
165	231	225	Solido
172	244	233	Solido
160	211	200	Solido
112	150	141	Solido
149	206	192	Solido
170	238	233	Solido
161	230	227	Solido
156	210	184	Solido
169	237	225	Solido
102	142	108	Solido
119	169	138	Solido
162	232	233	Solido
52	84	85	Solido
159	226	194	Solido
166	236	227	Solido
158	224	214	Solido
172	238	230	Solido
153	205	175	Solido
167	234	219	Solido
163	229	228	Solido
158	230	208	Solido
94	136	109	Solido
171	238	229	Solido
162	231	219	Solido
162	229	224	Solido
150	209	200	Solido
175	229	167	Solido
160	225	210	Solido
158	220	189	Solido
147	206	194	Solido
204	254	254	Solido
88	125	137	Solido
93	141	115	Solido
80	120	106	Solido
161	223	219	Solido
170	240	225	Solido
82	127	94	Solido
166	227	228	Solido
172	233	231	Solido
167	239	218	Solido
169	238	229	Solido
170	234	227	Solido
171	239	225	Solido
170	237	229	Solido
171	237	234	Solido
46	75	71	Solido
172	241	231	Solido
183	241	225	Solido
125	179	153	Solido
152	218	194	Solido
170	228	226	Solido
121	162	161	Solido
161	224	212	Solido
169	235	228	Solido
170	240	226	Solido
169	230	223	Solido
99	139	107	Solido
165	231	226	Solido
144	205	181	Solido
181	249	245	Solido
169	237	227	Solido
169	234	232	Solido
151	213	202	Solido
166	236	228	Solido
159	228	210	Solido
168	218	188	Solido
142	207	209	Solido
158	222	223	Solido
168	231	213	Solido
111	166	145	Solido
173	240	234	Solido
155	217	216	Solido
177	244	238	Solido
163	231	219	Solido
123	174	147	Solido
166	231	221	Solido
103	148	133	Solido
171	238	234	Solido
167	236	217	Solido
160	225	212	Solido
165	232	224	Solido
123	173	145	Solido
172	238	227	Solido
163	225	217	Solido
158	225	210	Solido
132	184	180	Solido
169	236	234	Solido
88	126	111	Solido
101	143	145	Solido
159	227	215	Solido
170	238	227	Solido
170	237	231	Solido
146	195	176	Solido
102	143	132	Solido
175	248	240	Solido
122	173	153	Solido
165	235	223	Solido
95	133	104	Solido
127	175	156	Solido
161	228	216	Solido
177	246	232	Solido
137	192	157	Solido
166	232	221	Solido
50	76	76	Solido
64	91	93	Solido
168	237	227	Solido
96	125	107	Solido
165	228	203	Solido
169	233	230	Solido
175	231	213	Solido
173	243	234	Solido
171	238	233	Solido
173	239	214	Solido
94	135	127	Solido
168	236	226	Solido
179	248	243	Solido
160	228	211	Solido
155	227	218	Solido
175	242	232	Solido
153	216	211	Solido
184	246	243	Solido
22	39	49	Solido
166	230	215	Solido
65	95	121	Solido
166	231	221	Solido
177	243	234	Solido
161	229	224	Solido
153	219	205	Solido
158	229	220	Solido
170	233	229	Solido
177	249	244	Solido
161	229	229	Solido
128	187	172	Solido
185	251	248	Solido
15	35	49	Solido
165	229	226	Solido
174	235	218	Solido
160	222	202	Solido
179	242	204	Solido
157	211	193	Solido
180	252	233	Solido
175	246	232	Solido
84	129	90	Solido
162	229	220	Solido
126	175	153	Solido
161	221	203	Solido
91	128	125	Solido
167	236	216	Solido
98	137	135	Solido
71	106	98	Solido
149	215	209	Solido
164	235	220	Solido
130	181	159	Solido
175	245	233	Solido
119	167	151	Solido
72	112	92	Solido
163	227	219	Solido
173	244	233	Solido
149	214	202	Solido
130	173	177	Solido
162	225	208	Solido
162	223	219	Solido
91	142	129	Solido
83	118	133	Solido
