13	53	115	Poro
27	96	165	Poro
14	25	34	Poro
29	74	120	Poro
55	135	187	Poro
28	74	116	Poro
36	115	189	Poro
91	170	200	Poro
89	165	203	Poro
20	65	131	Poro
31	101	177	Poro
16	70	100	Poro
24	76	132	Poro
40	107	150	Poro
28	105	195	Poro
26	63	73	Poro
29	96	153	Poro
44	114	144	Poro
67	137	183	Poro
34	97	137	Poro
109	185	216	Poro
21	79	166	Poro
25	50	59	Poro
39	102	141	Poro
17	32	37	Poro
39	114	180	Poro
40	114	177	Poro
31	111	177	Poro
38	115	190	Poro
38	113	186	Poro
33	95	174	Poro
21	74	136	Poro
175	249	244	Poro
34	90	135	Poro
14	22	27	Poro
15	24	24	Poro
30	83	132	Poro
23	43	52	Poro
13	20	24	Poro
33	107	177	Poro
47	108	181	Poro
31	109	197	Poro
48	113	165	Poro
23	104	171	Poro
49	98	119	Poro
51	98	145	Poro
25	106	186	Poro
35	82	120	Poro
34	102	169	Poro
21	85	156	Poro
31	91	135	Poro
29	89	138	Poro
26	80	125	Poro
20	72	127	Poro
139	206	192	Poro
23	71	113	Poro
19	31	45	Poro
15	23	31	Poro
70	145	183	Poro
29	103	167	Poro
174	247	238	Poro
27	85	158	Poro
12	20	26	Poro
162	231	226	Poro
26	75	102	Poro
21	81	147	Poro
12	19	23	Poro
31	98	152	Poro
12	20	27	Poro
25	69	140	Poro
15	24	30	Poro
23	98	163	Poro
11	18	22	Poro
127	185	180	Poro
12	23	24	Poro
78	165	218	Poro
21	57	101	Poro
174	246	244	Poro
37	91	128	Poro
1	49	114	Poro
51	109	115	Poro
177	251	246	Poro
20	73	129	Poro
166	233	230	Poro
38	99	151	Poro
23	89	143	Poro
12	43	110	Poro
30	110	190	Poro
74	135	154	Poro
37	116	184	Poro
15	36	53	Poro
164	233	231	Poro
29	102	165	Poro
45	110	155	Poro
23	90	147	Poro
28	83	150	Poro
24	81	145	Poro
49	109	139	Poro
69	132	155	Poro
21	37	50	Poro
31	95	157	Poro
34	101	153	Poro
164	230	228	Poro
20	73	138	Poro
13	25	29	Poro
38	116	170	Poro
31	112	185	Poro
168	237	229	Poro
51	95	107	Poro
11	17	23	Poro
177	251	240	Poro
87	136	139	Poro
38	118	189	Poro
27	90	149	Poro
40	112	194	Poro
32	94	178	Poro
12	22	28	Poro
7	28	94	Poro
34	107	158	Poro
31	112	193	Poro
26	74	102	Poro
12	21	29	Poro
14	49	115	Poro
23	71	126	Poro
172	244	242	Poro
26	86	169	Poro
30	107	187	Poro
79	134	150	Poro
167	237	233	Poro
67	133	181	Poro
27	89	152	Poro
44	113	181	Poro
16	30	39	Poro
30	105	183	Poro
4	40	75	Poro
79	135	164	Poro
42	108	154	Poro
169	244	240	Poro
39	116	177	Poro
33	105	169	Poro
12	22	23	Poro
173	244	241	Poro
33	111	179	Poro
15	24	36	Poro
44	116	169	Poro
101	183	214	Poro
32	99	151	Poro
24	86	144	Poro
38	113	184	Poro
68	107	130	Poro
19	87	160	Poro
173	244	242	Poro
62	120	159	Poro
10	41	72	Poro
41	96	136	Poro
32	90	163	Poro
26	76	126	Poro
30	109	192	Poro
19	83	141	Poro
14	66	110	Poro
24	80	128	Poro
29	101	190	Poro
173	243	241	Poro
17	70	128	Poro
20	88	166	Poro
41	89	115	Poro
11	20	26	Poro
14	24	55	Poro
46	114	173	Poro
44	100	133	Poro
12	22	26	Poro
10	17	23	Poro
28	107	187	Poro
13	22	27	Poro
12	20	24	Poro
22	83	166	Poro
12	19	29	Poro
14	21	22	Poro
167	238	238	Poro
61	142	177	Poro
25	78	124	Poro
8	49	108	Poro
53	119	149	Poro
16	65	112	Poro
11	47	115	Poro
15	28	39	Poro
70	148	199	Poro
14	22	23	Poro
41	109	152	Poro
15	36	44	Poro
22	54	86	Poro
43	107	173	Poro
43	109	163	Poro
37	95	157	Poro
14	22	26	Poro
30	62	65	Poro
26	101	188	Poro
21	72	150	Poro
30	112	190	Poro
52	127	183	Poro
28	82	129	Poro
63	117	157	Poro
167	235	228	Poro
175	248	243	Poro
60	117	147	Poro
21	81	142	Poro
29	83	126	Poro
11	22	28	Poro
29	99	161	Poro
175	249	241	Poro
11	21	24	Poro
13	28	60	Poro
11	21	24	Poro
31	96	144	Poro
35	112	181	Poro
82	162	200	Poro
21	80	137	Poro
179	252	231	Poro
12	20	25	Poro
41	107	169	Poro
60	140	192	Poro
28	106	182	Poro
41	114	196	Poro
40	119	185	Poro
34	114	196	Poro
10	19	23	Poro
31	97	141	Poro
9	17	25	Poro
58	143	202	Poro
179	252	246	Poro
27	90	152	Poro
24	82	146	Poro
16	29	37	Poro
163	229	221	Poro
81	151	173	Poro
13	20	24	Poro
31	84	144	Poro
77	156	201	Poro
25	97	189	Poro
175	247	242	Poro
14	21	25	Poro
40	106	176	Poro
7	26	45	Poro
13	21	25	Poro
13	19	22	Poro
177	247	241	Poro
27	104	181	Poro
29	44	83	Poro
12	20	25	Poro
30	91	147	Poro
16	29	41	Poro
31	108	185	Poro
36	93	122	Poro
27	65	107	Poro
170	238	227	Poro
10	19	24	Poro
29	85	125	Poro
14	33	35	Poro
22	62	115	Poro
13	22	25	Poro
33	91	165	Poro
42	117	193	Poro
32	101	153	Poro
129	192	183	Poro
16	43	85	Poro
45	116	151	Poro
40	112	193	Poro
68	124	155	Poro
14	22	26	Poro
14	60	116	Poro
34	112	199	Poro
13	20	23	Poro
105	161	156	Poro
36	74	83	Poro
39	101	163	Poro
28	109	190	Poro
175	249	240	Poro
32	59	86	Poro
29	102	173	Poro
33	77	129	Poro
36	96	152	Poro
175	247	243	Poro
20	97	185	Poro
13	22	24	Poro
11	18	27	Poro
36	107	149	Poro
59	112	158	Poro
24	87	153	Poro
11	19	23	Poro
12	19	24	Poro
27	86	148	Poro
37	97	157	Poro
32	95	154	Poro
23	80	147	Poro
30	96	148	Poro
25	88	143	Poro
44	109	149	Poro
73	142	190	Poro
24	81	145	Poro
12	23	26	Poro
16	32	48	Poro
27	80	124	Poro
10	39	89	Poro
77	152	187	Poro
33	94	138	Poro
26	95	162	Poro
15	42	71	Poro
177	252	247	Poro
11	17	23	Poro
175	245	240	Poro
32	113	191	Poro
179	252	242	Poro
21	82	134	Poro
19	53	92	Poro
13	18	21	Poro
31	89	154	Poro
27	94	167	Poro
59	125	162	Poro
34	111	198	Poro
24	84	145	Poro
18	53	98	Poro
30	89	136	Poro
179	251	246	Poro
11	21	26	Poro
112	163	160	Poro
24	90	154	Poro
70	149	194	Poro
13	24	27	Poro
33	114	183	Poro
11	36	82	Poro
34	94	162	Poro
38	106	169	Poro
29	86	151	Poro
24	83	150	Poro
26	106	183	Poro
22	77	131	Poro
22	81	146	Poro
15	50	110	Poro
112	171	176	Poro
26	111	189	Poro
23	72	112	Poro
56	131	185	Poro
9	18	22	Poro
171	245	237	Poro
172	244	238	Poro
53	87	78	Poro
26	87	145	Poro
17	68	139	Poro
29	77	121	Poro
172	241	238	Poro
19	81	126	Poro
62	100	125	Poro
26	92	151	Poro
73	153	202	Poro
8	29	39	Poro
13	20	22	Poro
15	71	149	Poro
40	115	183	Poro
27	105	168	Poro
176	249	244	Poro
12	21	26	Poro
30	106	172	Poro
33	101	171	Poro
73	142	175	Poro
32	96	138	Poro
79	132	167	Poro
62	137	196	Poro
171	244	243	Poro
15	38	69	Poro
37	111	167	Poro
16	37	45	Poro
24	84	153	Poro
28	100	175	Poro
61	124	157	Poro
26	45	106	Poro
27	99	187	Poro
15	29	32	Poro
27	96	162	Poro
31	94	167	Poro
25	69	104	Poro
37	113	179	Poro
23	96	174	Poro
176	248	241	Poro
14	22	26	Poro
21	97	167	Poro
52	133	196	Poro
23	64	93	Poro
172	245	235	Poro
12	21	23	Poro
30	109	195	Poro
28	93	161	Poro
31	99	178	Poro
22	37	45	Poro
28	97	165	Poro
32	112	176	Poro
9	52	105	Poro
39	95	167	Poro
14	22	25	Poro
89	167	206	Poro
11	77	167	Poro
33	69	99	Poro
31	96	174	Poro
13	20	24	Poro
30	99	175	Poro
64	122	145	Poro
38	113	179	Poro
10	34	73	Poro
31	113	194	Poro
15	22	26	Poro
45	90	91	Poro
31	111	192	Poro
15	25	24	Poro
12	17	21	Poro
30	85	143	Poro
171	242	225	Poro
32	109	188	Poro
12	32	64	Poro
68	142	196	Poro
36	112	198	Poro
44	119	183	Poro
73	149	200	Poro
35	111	166	Poro
37	111	174	Poro
15	27	35	Poro
48	121	151	Poro
31	92	148	Poro
28	95	180	Poro
13	33	57	Poro
28	92	151	Poro
17	78	135	Poro
12	19	22	Poro
37	85	117	Poro
34	103	151	Poro
18	60	120	Poro
45	88	108	Poro
21	74	141	Poro
32	100	150	Poro
14	21	26	Poro
16	22	27	Poro
53	115	144	Poro
9	16	23	Poro
33	100	160	Poro
32	102	165	Poro
175	249	245	Poro
42	105	124	Poro
36	62	90	Poro
40	119	195	Poro
14	24	27	Poro
34	108	188	Poro
28	108	186	Poro
38	106	158	Poro
17	36	77	Poro
35	87	132	Poro
16	29	35	Poro
24	68	97	Poro
29	83	143	Poro
26	87	159	Poro
29	108	189	Poro
12	22	26	Poro
53	108	144	Poro
56	139	196	Poro
179	254	244	Poro
24	87	139	Poro
36	113	166	Poro
19	68	125	Poro
173	245	238	Poro
31	108	195	Poro
35	107	183	Poro
30	97	165	Poro
35	111	184	Poro
17	32	42	Poro
9	25	44	Poro
46	111	161	Poro
13	22	31	Poro
15	23	26	Poro
32	97	164	Poro
164	236	232	Poro
27	86	143	Poro
173	246	242	Poro
23	82	135	Poro
12	21	23	Poro
66	111	132	Poro
73	133	167	Poro
172	244	243	Poro
4	20	40	Poro
26	71	142	Poro
11	69	143	Poro
13	20	28	Poro
32	112	191	Poro
93	171	206	Poro
33	90	152	Poro
21	81	147	Poro
170	242	236	Poro
18	46	66	Poro
21	44	59	Poro
27	92	154	Poro
64	125	144	Poro
27	105	197	Poro
39	98	149	Poro
34	86	132	Poro
43	98	136	Poro
39	103	176	Poro
3	17	37	Poro
37	112	190	Poro
63	117	149	Poro
34	114	187	Poro
11	22	31	Poro
172	245	239	Poro
31	113	191	Poro
24	73	135	Poro
44	122	185	Poro
30	105	189	Poro
12	21	28	Poro
32	98	154	Poro
38	110	154	Poro
82	159	198	Poro
35	118	200	Poro
172	243	231	Poro
24	106	185	Poro
32	85	120	Poro
36	108	172	Poro
30	107	176	Poro
45	124	183	Poro
59	99	115	Poro
25	104	184	Poro
172	246	239	Poro
28	98	160	Poro
22	71	138	Poro
58	131	173	Poro
21	76	126	Poro
25	79	121	Poro
23	95	151	Poro
37	97	132	Poro
32	111	194	Poro
28	90	149	Poro
22	67	129	Poro
49	132	198	Poro
36	89	122	Poro
28	79	122	Poro
69	146	183	Poro
30	92	141	Poro
19	47	108	Poro
33	95	167	Poro
27	79	129	Poro
35	109	193	Poro
38	111	180	Poro
44	97	138	Poro
36	108	182	Poro
28	92	152	Poro
39	117	192	Poro
172	243	239	Poro
85	160	197	Poro
28	92	149	Poro
16	35	68	Poro
29	77	139	Poro
22	99	182	Poro
17	52	77	Poro
17	52	53	Poro
34	91	125	Poro
45	124	182	Poro
12	19	22	Poro
42	117	194	Poro
44	111	165	Poro
19	78	137	Poro
19	39	89	Poro
33	95	138	Poro
23	76	117	Poro
27	90	149	Poro
42	125	193	Poro
12	18	26	Poro
69	123	153	Poro
38	83	141	Poro
47	127	169	Poro
38	80	91	Poro
9	26	63	Poro
176	249	241	Poro
71	149	198	Poro
33	112	178	Poro
32	107	174	Poro
21	87	144	Poro
25	98	176	Poro
53	116	145	Poro
28	104	186	Poro
16	25	28	Poro
45	119	166	Poro
33	100	155	Poro
33	88	132	Poro
28	96	149	Poro
31	110	183	Poro
26	77	137	Poro
32	107	168	Poro
35	98	150	Poro
44	89	107	Poro
38	111	173	Poro
25	52	70	Poro
30	101	163	Poro
13	22	27	Poro
12	19	23	Poro
16	61	119	Poro
31	105	158	Poro
39	106	155	Poro
41	108	167	Poro
12	26	34	Poro
26	100	183	Poro
13	30	53	Poro
28	108	190	Poro
20	80	142	Poro
26	98	175	Poro
62	116	158	Poro
23	51	78	Poro
31	105	177	Poro
14	25	30	Poro
9	19	29	Poro
15	39	59	Poro
13	24	28	Poro
12	26	29	Poro
27	85	149	Poro
35	112	169	Poro
42	122	177	Poro
13	22	27	Poro
21	79	167	Poro
13	21	27	Poro
25	66	101	Poro
39	107	153	Poro
30	93	164	Poro
33	80	119	Poro
14	65	110	Poro
171	241	237	Poro
16	48	95	Poro
27	101	190	Poro
12	18	23	Poro
23	75	91	Poro
28	87	159	Poro
17	63	119	Poro
24	85	146	Poro
11	27	42	Poro
35	92	140	Poro
161	231	227	Poro
13	27	51	Poro
13	25	29	Poro
30	111	199	Poro
24	82	116	Poro
31	110	186	Poro
75	144	176	Poro
56	128	179	Poro
121	182	187	Poro
32	94	147	Poro
17	30	38	Poro
175	251	239	Poro
34	91	140	Poro
69	142	187	Poro
22	98	168	Poro
30	111	182	Poro
30	99	179	Poro
95	167	204	Poro
48	96	149	Poro
23	95	189	Poro
31	109	195	Poro
34	94	166	Poro
24	84	125	Poro
13	23	32	Poro
175	244	243	Poro
41	102	163	Poro
7	22	57	Poro
35	103	156	Poro
173	242	239	Poro
10	21	55	Poro
19	77	141	Poro
13	22	26	Poro
92	162	198	Poro
57	139	196	Poro
39	107	152	Poro
29	81	151	Poro
34	81	142	Poro
17	36	48	Poro
22	80	137	Poro
23	96	168	Poro
167	240	235	Poro
79	147	187	Poro
23	87	160	Poro
29	81	128	Poro
26	74	118	Poro
19	65	124	Poro
11	20	23	Poro
64	138	188	Poro
49	127	170	Poro
31	71	77	Poro
21	71	150	Poro
174	243	238	Poro
34	101	157	Poro
34	109	186	Poro
44	103	134	Poro
33	101	156	Poro
29	67	96	Poro
38	99	129	Poro
12	22	30	Poro
56	132	173	Poro
33	88	149	Poro
14	60	120	Poro
169	232	201	Poro
54	127	168	Poro
46	72	84	Poro
13	23	24	Poro
32	103	174	Poro
21	45	65	Poro
14	21	23	Poro
33	85	112	Poro
13	24	38	Poro
3	37	98	Poro
175	246	241	Poro
39	105	176	Poro
11	21	29	Poro
29	105	177	Poro
28	86	141	Poro
31	106	177	Poro
34	73	91	Poro
12	21	24	Poro
30	110	194	Poro
14	20	24	Poro
167	237	233	Poro
36	115	179	Poro
54	123	171	Poro
13	44	93	Poro
46	117	157	Poro
13	44	67	Poro
28	44	84	Poro
126	187	189	Poro
26	104	191	Poro
33	99	168	Poro
16	38	54	Poro
37	98	139	Poro
14	22	30	Poro
25	66	89	Poro
30	105	174	Poro
167	234	232	Poro
29	77	121	Poro
34	106	159	Poro
16	28	29	Poro
15	27	33	Poro
44	116	175	Poro
16	25	28	Poro
93	181	229	Poro
19	70	156	Poro
17	63	126	Poro
76	155	197	Poro
33	85	127	Poro
30	92	173	Poro
19	34	40	Poro
171	241	242	Poro
28	86	144	Poro
54	104	150	Poro
18	87	161	Poro
37	116	194	Poro
22	46	80	Poro
11	58	123	Poro
14	22	24	Poro
36	113	173	Poro
171	243	239	Poro
30	99	144	Poro
15	23	24	Poro
53	123	163	Poro
28	62	117	Poro
29	105	181	Poro
117	174	168	Poro
49	116	167	Poro
42	99	163	Poro
28	104	188	Poro
15	76	152	Poro
24	92	139	Poro
30	93	155	Poro
32	108	191	Poro
14	22	26	Poro
19	78	153	Poro
50	117	157	Poro
171	243	235	Poro
37	113	184	Poro
15	23	29	Poro
33	87	145	Poro
11	19	24	Poro
12	19	24	Poro
65	130	163	Poro
70	149	176	Poro
32	109	193	Poro
17	32	33	Poro
55	112	136	Poro
171	245	240	Poro
30	108	180	Poro
176	249	239	Poro
74	155	203	Poro
27	97	173	Poro
28	106	170	Poro
17	63	112	Poro
72	120	134	Poro
30	61	49	Poro
6	57	127	Poro
24	45	64	Poro
23	45	67	Poro
31	103	174	Poro
12	18	22	Poro
32	53	79	Poro
12	19	28	Poro
24	75	123	Poro
13	21	28	Poro
31	94	165	Poro
36	102	160	Poro
60	125	163	Poro
14	21	26	Poro
172	243	241	Poro
22	66	112	Poro
21	69	121	Poro
22	99	181	Poro
11	19	26	Poro
10	18	26	Poro
28	104	167	Poro
27	87	131	Poro
168	239	238	Poro
38	115	159	Poro
16	24	33	Poro
20	43	54	Poro
33	107	175	Poro
21	91	151	Poro
32	90	142	Poro
14	47	111	Poro
11	19	24	Poro
68	123	140	Poro
41	57	73	Poro
36	108	186	Poro
98	178	210	Poro
21	80	146	Poro
13	28	44	Poro
58	135	180	Poro
169	242	235	Poro
31	101	164	Poro
22	84	136	Poro
19	47	92	Poro
10	20	30	Poro
12	25	29	Poro
33	116	196	Poro
44	107	153	Poro
31	104	170	Poro
172	244	236	Poro
44	104	153	Poro
41	112	171	Poro
39	106	160	Poro
33	90	130	Poro
9	19	23	Poro
26	61	107	Poro
17	69	127	Poro
12	18	24	Poro
169	241	236	Poro
24	69	113	Poro
26	104	187	Poro
12	20	26	Poro
46	113	145	Poro
33	81	136	Poro
26	90	137	Poro
12	20	22	Poro
35	109	183	Poro
61	109	126	Poro
38	105	167	Poro
175	248	241	Poro
173	244	241	Poro
26	74	128	Poro
49	106	148	Poro
42	112	165	Poro
176	248	243	Poro
10	30	60	Poro
34	91	149	Poro
26	58	91	Poro
37	117	177	Poro
26	69	113	Poro
75	129	157	Poro
12	20	21	Poro
21	76	146	Poro
50	105	157	Poro
27	71	87	Poro
13	20	23	Poro
18	32	36	Poro
35	98	139	Poro
58	139	202	Poro
31	102	183	Poro
35	112	193	Poro
27	88	154	Poro
23	79	144	Poro
45	105	154	Poro
30	80	109	Poro
15	26	25	Poro
29	93	149	Poro
15	24	30	Poro
26	90	161	Poro
10	41	93	Poro
34	81	95	Poro
26	82	135	Poro
25	89	146	Poro
33	99	148	Poro
15	34	52	Poro
65	124	149	Poro
166	236	229	Poro
77	145	191	Poro
13	22	27	Poro
33	110	184	Poro
26	106	181	Poro
22	86	165	Poro
183	254	245	Poro
95	174	206	Poro
30	94	158	Poro
73	147	197	Poro
14	24	28	Poro
27	91	159	Poro
24	84	154	Poro
14	41	64	Poro
28	89	135	Poro
169	242	236	Poro
22	52	76	Poro
24	74	147	Poro
11	18	23	Poro
175	247	229	Poro
33	113	200	Poro
30	81	117	Poro
39	107	164	Poro
37	75	126	Poro
98	171	203	Poro
13	21	28	Poro
37	71	120	Poro
15	22	29	Poro
10	33	89	Poro
28	44	85	Poro
10	28	53	Poro
12	48	100	Poro
27	89	161	Poro
20	43	95	Poro
23	44	48	Poro
54	114	139	Poro
169	238	235	Poro
28	103	185	Poro
31	101	169	Poro
19	53	95	Poro
69	129	155	Poro
30	106	183	Poro
31	86	143	Poro
56	139	203	Poro
4	21	36	Poro
96	161	177	Poro
62	139	189	Poro
25	94	163	Poro
25	64	94	Poro
20	75	135	Poro
35	92	157	Poro
18	51	79	Poro
21	67	109	Poro
26	87	163	Poro
17	29	49	Poro
27	89	153	Poro
26	74	114	Poro
51	109	139	Poro
30	99	159	Poro
16	22	26	Poro
9	19	22	Poro
15	29	30	Poro
14	26	35	Poro
16	68	131	Poro
175	248	243	Poro
40	106	154	Poro
24	84	138	Poro
15	27	35	Poro
20	46	65	Poro
28	104	167	Poro
23	73	122	Poro
39	118	203	Poro
8	42	115	Poro
11	22	25	Poro
81	163	198	Poro
25	69	117	Poro
115	176	177	Poro
10	19	24	Poro
37	97	138	Poro
41	97	158	Poro
46	109	159	Poro
55	119	149	Poro
11	21	27	Poro
9	39	78	Poro
65	144	198	Poro
171	243	236	Poro
39	105	146	Poro
28	85	150	Poro
33	91	144	Poro
11	19	27	Poro
14	24	26	Poro
30	81	132	Poro
177	249	221	Poro
27	63	73	Poro
26	79	119	Poro
35	110	170	Poro
12	20	26	Poro
55	129	179	Poro
24	80	126	Poro
58	136	199	Poro
34	105	179	Poro
39	85	111	Poro
15	44	103	Poro
178	249	246	Poro
25	59	89	Poro
54	130	192	Poro
40	95	147	Poro
24	93	175	Poro
12	18	21	Poro
29	109	187	Poro
32	103	165	Poro
184	254	231	Poro
26	89	159	Poro
46	124	179	Poro
18	82	147	Poro
183	254	246	Poro
11	21	27	Poro
32	94	166	Poro
17	73	141	Poro
42	99	139	Poro
21	38	43	Poro
9	24	71	Poro
10	19	27	Poro
29	85	141	Poro
102	187	220	Poro
82	163	197	Poro
41	109	161	Poro
34	110	189	Poro
179	253	241	Poro
47	111	142	Poro
26	96	157	Poro
40	107	175	Poro
28	94	141	Poro
34	103	170	Poro
65	145	191	Poro
56	119	153	Poro
71	145	192	Poro
26	77	109	Poro
11	20	24	Poro
75	161	209	Poro
145	201	197	Poro
33	92	143	Poro
30	85	135	Poro
167	236	227	Poro
26	82	118	Poro
171	243	239	Poro
33	93	143	Poro
26	84	156	Poro
12	19	25	Poro
24	74	120	Poro
27	84	144	Poro
21	85	126	Poro
36	104	156	Poro
171	235	207	Poro
17	50	110	Poro
25	91	154	Poro
17	26	26	Poro
178	249	245	Poro
25	73	85	Poro
22	97	176	Poro
20	59	116	Poro
31	92	167	Poro
34	104	149	Poro
34	111	183	Poro
19	70	142	Poro
73	141	173	Poro
33	107	164	Poro
59	136	182	Poro
38	107	183	Poro
175	246	241	Poro
39	116	200	Poro
12	21	27	Poro
30	89	156	Poro
22	90	155	Poro
28	72	141	Poro
39	105	149	Poro
27	103	177	Poro
12	20	27	Poro
16	27	31	Poro
47	124	195	Poro
25	101	163	Poro
172	244	239	Poro
25	97	164	Poro
35	79	111	Poro
41	115	165	Poro
17	28	33	Poro
41	85	113	Poro
49	132	198	Poro
11	21	24	Poro
20	68	129	Poro
28	108	176	Poro
30	76	138	Poro
30	110	188	Poro
24	74	120	Poro
65	141	186	Poro
169	239	235	Poro
62	132	160	Poro
11	21	24	Poro
27	82	115	Poro
12	19	27	Poro
36	98	130	Poro
148	215	219	Poro
39	101	156	Poro
13	22	24	Poro
27	103	182	Poro
72	146	175	Poro
49	115	149	Poro
30	100	165	Poro
14	23	27	Poro
13	19	25	Poro
23	101	170	Poro
48	76	94	Poro
31	105	193	Poro
36	111	173	Poro
44	95	149	Poro
13	21	30	Poro
27	97	155	Poro
11	22	29	Poro
176	251	241	Poro
34	99	148	Poro
19	49	74	Poro
42	105	145	Poro
31	89	139	Poro
15	25	53	Poro
31	107	189	Poro
21	66	127	Poro
11	36	73	Poro
21	73	133	Poro
31	104	164	Poro
28	108	185	Poro
13	20	23	Poro
32	83	113	Poro
14	26	35	Poro
28	101	182	Poro
28	109	185	Poro
71	139	155	Poro
22	83	131	Poro
36	118	185	Poro
54	115	164	Poro
9	39	77	Poro
179	251	246	Poro
32	105	186	Poro
89	156	166	Poro
33	110	186	Poro
176	250	239	Poro
10	22	26	Poro
58	139	187	Poro
34	102	175	Poro
36	106	171	Poro
29	96	172	Poro
24	65	118	Poro
14	22	25	Poro
38	98	156	Poro
8	49	107	Poro
64	126	152	Poro
105	185	214	Poro
43	119	181	Poro
25	69	127	Poro
7	50	114	Poro
32	103	173	Poro
15	26	32	Poro
34	107	172	Poro
49	102	152	Poro
16	43	71	Poro
20	59	94	Poro
33	97	163	Poro
31	100	166	Poro
35	91	155	Poro
9	18	27	Poro
17	26	28	Poro
89	163	197	Poro
25	70	151	Poro
34	113	188	Poro
41	79	132	Poro
177	249	245	Poro
18	72	145	Poro
63	136	196	Poro
37	102	155	Poro
26	91	152	Poro
3	45	112	Poro
16	49	87	Poro
169	240	234	Poro
30	93	161	Poro
15	35	46	Poro
168	237	233	Poro
40	114	184	Poro
11	23	25	Poro
34	86	145	Poro
46	111	185	Poro
14	23	26	Poro
80	144	163	Poro
79	147	176	Poro
13	19	24	Poro
7	27	50	Poro
175	247	239	Poro
37	113	189	Poro
9	18	23	Poro
36	113	176	Poro
12	26	34	Poro
173	246	244	Poro
60	131	156	Poro
32	84	136	Poro
35	115	184	Poro
80	146	144	Poro
40	119	188	Poro
168	238	227	Poro
173	244	237	Poro
34	104	177	Poro
33	80	108	Poro
33	99	137	Poro
52	104	132	Poro
42	103	151	Poro
34	73	111	Poro
57	119	152	Poro
30	99	164	Poro
14	23	25	Poro
172	244	241	Poro
29	89	152	Poro
48	122	193	Poro
34	105	185	Poro
31	107	155	Poro
29	93	157	Poro
51	118	156	Poro
33	106	185	Poro
24	105	183	Poro
177	250	244	Poro
27	104	161	Poro
18	31	33	Poro
89	157	198	Poro
72	122	141	Poro
26	104	187	Poro
13	20	23	Poro
168	239	237	Poro
12	23	25	Poro
40	116	175	Poro
17	34	44	Poro
3	16	30	Poro
63	123	169	Poro
28	96	163	Poro
28	108	183	Poro
14	28	32	Poro
37	114	201	Poro
66	132	154	Poro
29	79	138	Poro
10	20	25	Poro
40	113	185	Poro
43	121	176	Poro
35	113	198	Poro
28	106	191	Poro
25	96	170	Poro
24	40	37	Poro
27	99	174	Poro
19	47	74	Poro
8	47	90	Poro
20	63	103	Poro
14	22	28	Poro
20	75	104	Poro
40	112	186	Poro
12	56	108	Poro
12	19	24	Poro
18	64	125	Poro
24	98	181	Poro
20	74	118	Poro
16	33	48	Poro
25	83	131	Poro
104	189	226	Poro
14	21	23	Poro
25	100	165	Poro
83	153	189	Poro
46	120	168	Poro
175	247	242	Poro
46	116	158	Poro
59	144	203	Poro
18	40	94	Poro
31	88	125	Poro
71	125	140	Poro
13	22	25	Poro
34	99	168	Poro
175	249	240	Poro
28	77	141	Poro
29	97	181	Poro
32	107	182	Poro
11	28	55	Poro
38	113	174	Poro
28	101	175	Poro
171	242	237	Poro
20	47	36	Poro
36	103	157	Poro
39	110	160	Poro
20	96	176	Poro
15	49	109	Poro
39	115	196	Poro
10	38	92	Poro
173	245	239	Poro
38	106	175	Poro
35	105	184	Poro
26	85	140	Poro
74	123	132	Poro
9	23	39	Poro
41	121	201	Poro
28	66	125	Poro
31	105	173	Poro
27	88	155	Poro
19	67	124	Poro
11	16	22	Poro
69	122	168	Poro
12	21	24	Poro
11	30	41	Poro
24	77	122	Poro
111	168	181	Poro
32	97	141	Poro
100	171	207	Poro
31	113	198	Poro
41	114	154	Poro
51	119	172	Poro
41	86	135	Poro
30	100	165	Poro
43	98	106	Poro
21	77	144	Poro
23	43	73	Poro
177	251	245	Poro
28	57	77	Poro
29	95	151	Poro
59	122	177	Poro
12	47	88	Poro
16	64	125	Poro
10	51	111	Poro
175	247	241	Poro
175	250	240	Poro
159	228	222	Poro
26	78	127	Poro
30	94	163	Poro
30	94	150	Poro
27	93	165	Poro
27	88	148	Poro
69	125	146	Poro
13	22	27	Poro
34	52	61	Poro
30	93	154	Poro
12	19	22	Poro
175	245	242	Poro
44	99	155	Poro
61	127	176	Poro
32	109	181	Poro
48	130	195	Poro
27	86	149	Poro
35	103	180	Poro
28	107	195	Poro
25	92	156	Poro
49	121	167	Poro
17	58	85	Poro
38	112	188	Poro
14	25	27	Poro
29	108	190	Poro
19	38	68	Poro
61	135	178	Poro
14	25	26	Poro
67	140	177	Poro
12	21	22	Poro
53	112	151	Poro
34	84	130	Poro
10	51	122	Poro
22	84	128	Poro
19	36	55	Poro
51	132	194	Poro
31	107	190	Poro
57	126	188	Poro
24	53	94	Poro
55	133	199	Poro
24	78	128	Poro
170	246	241	Poro
34	94	147	Poro
13	22	25	Poro
13	21	27	Poro
30	102	156	Poro
29	75	73	Poro
35	106	175	Poro
60	137	191	Poro
20	64	139	Poro
22	87	167	Poro
40	113	178	Poro
28	102	174	Poro
44	113	165	Poro
36	114	182	Poro
39	103	154	Poro
38	111	158	Poro
19	71	121	Poro
44	113	163	Poro
7	40	95	Poro
49	125	187	Poro
32	98	166	Poro
173	249	245	Poro
36	108	172	Poro
24	76	137	Poro
38	117	192	Poro
7	23	41	Poro
31	103	170	Poro
30	109	177	Poro
32	101	151	Poro
47	97	145	Poro
171	243	237	Poro
28	108	197	Poro
13	19	22	Poro
36	105	169	Poro
24	62	106	Poro
54	120	165	Poro
173	244	236	Poro
12	20	27	Poro
174	245	244	Poro
9	52	117	Poro
34	98	143	Poro
19	32	43	Poro
41	93	129	Poro
45	124	189	Poro
89	165	195	Poro
18	46	77	Poro
39	107	175	Poro
31	108	196	Poro
18	74	137	Poro
168	238	234	Poro
34	111	169	Poro
13	23	31	Poro
38	105	175	Poro
18	58	112	Poro
43	83	131	Poro
37	112	165	Poro
22	92	170	Poro
39	90	121	Poro
17	56	104	Poro
38	104	144	Poro
29	54	48	Poro
12	20	24	Poro
9	31	81	Poro
24	65	140	Poro
12	21	27	Poro
30	89	151	Poro
24	89	149	Poro
28	76	96	Poro
11	19	25	Poro
8	24	59	Poro
169	238	235	Poro
31	92	154	Poro
17	40	88	Poro
12	32	71	Poro
10	19	24	Poro
19	91	177	Poro
22	32	41	Poro
169	241	235	Poro
33	81	141	Poro
48	83	88	Poro
40	119	202	Poro
33	70	97	Poro
24	81	133	Poro
36	112	175	Poro
37	106	158	Poro
32	52	79	Poro
170	243	232	Poro
31	79	143	Poro
26	99	179	Poro
17	46	78	Poro
28	96	154	Poro
37	108	168	Poro
28	87	125	Poro
174	245	242	Poro
12	39	60	Poro
21	79	144	Poro
44	110	165	Poro
23	86	145	Poro
27	64	91	Poro
33	110	182	Poro
11	27	55	Poro
34	115	168	Poro
171	239	235	Poro
38	101	154	Poro
11	57	135	Poro
23	79	135	Poro
13	20	26	Poro
10	18	23	Poro
36	105	181	Poro
28	105	189	Poro
28	102	175	Poro
15	48	79	Poro
13	19	22	Poro
23	98	169	Poro
114	175	177	Poro
22	43	74	Poro
29	84	141	Poro
12	22	26	Poro
19	35	44	Poro
88	162	201	Poro
69	149	192	Poro
41	116	166	Poro
34	106	156	Poro
19	85	157	Poro
169	242	242	Poro
56	132	167	Poro
33	102	161	Poro
33	81	127	Poro
28	76	141	Poro
16	27	30	Poro
13	39	90	Poro
9	18	23	Poro
36	117	171	Poro
58	121	172	Poro
37	115	180	Poro
176	246	241	Poro
24	104	175	Poro
40	103	167	Poro
25	69	125	Poro
33	104	161	Poro
177	251	238	Poro
24	99	187	Poro
175	246	240	Poro
61	115	113	Poro
22	88	137	Poro
7	37	65	Poro
16	26	37	Poro
25	108	186	Poro
21	71	129	Poro
10	21	23	Poro
31	105	179	Poro
36	114	200	Poro
29	96	165	Poro
19	76	130	Poro
31	87	159	Poro
73	127	143	Poro
168	239	236	Poro
169	239	236	Poro
13	21	25	Poro
22	58	81	Poro
171	241	239	Poro
35	91	137	Poro
15	27	63	Poro
74	147	200	Poro
32	109	185	Poro
171	244	241	Poro
13	20	27	Poro
12	23	25	Poro
10	20	24	Poro
22	90	163	Poro
10	44	69	Poro
26	106	185	Poro
30	108	190	Poro
20	37	42	Poro
175	247	239	Poro
41	116	170	Poro
47	113	158	Poro
174	247	239	Poro
5	43	108	Poro
32	96	168	Poro
31	107	186	Poro
36	111	191	Poro
13	22	28	Poro
33	76	103	Poro
98	179	213	Poro
41	115	188	Poro
21	60	103	Poro
23	90	158	Poro
18	79	151	Poro
175	247	242	Poro
23	92	173	Poro
61	117	169	Poro
22	67	132	Poro
26	66	94	Poro
169	240	232	Poro
12	22	23	Poro
33	91	128	Poro
34	114	192	Poro
27	64	120	Poro
12	20	28	Poro
30	108	187	Poro
18	47	80	Poro
46	111	181	Poro
47	103	135	Poro
70	152	187	Poro
88	176	223	Poro
12	38	77	Poro
21	72	139	Poro
12	19	23	Poro
34	105	169	Poro
22	82	146	Poro
49	105	143	Poro
9	37	97	Poro
29	98	161	Poro
33	96	161	Poro
59	121	156	Poro
30	80	138	Poro
31	77	129	Poro
29	87	150	Poro
170	242	235	Poro
32	113	192	Poro
175	249	246	Poro
24	91	165	Poro
13	23	23	Poro
171	246	241	Poro
26	53	80	Poro
180	251	244	Poro
27	106	195	Poro
32	101	167	Poro
4	41	99	Poro
15	21	29	Poro
19	65	118	Poro
48	113	166	Poro
14	56	112	Poro
31	94	141	Poro
34	112	174	Poro
32	110	196	Poro
169	240	225	Poro
16	41	60	Poro
170	239	237	Poro
37	118	185	Poro
13	21	28	Poro
24	48	47	Poro
14	65	121	Poro
20	77	116	Poro
57	121	171	Poro
62	135	182	Poro
11	23	26	Poro
12	20	22	Poro
14	24	29	Poro
19	84	151	Poro
32	107	176	Poro
14	34	47	Poro
42	91	132	Poro
38	81	68	Poro
31	108	185	Poro
61	125	157	Poro
28	97	160	Poro
21	71	134	Poro
23	70	97	Poro
33	102	183	Poro
13	22	27	Poro
74	148	187	Poro
42	119	169	Poro
23	63	104	Poro
25	83	141	Poro
34	116	199	Poro
13	21	26	Poro
79	159	205	Poro
14	27	40	Poro
34	102	164	Poro
32	109	182	Poro
16	24	27	Poro
35	111	163	Poro
24	69	102	Poro
171	240	238	Poro
24	74	119	Poro
26	109	188	Poro
100	163	176	Poro
33	91	127	Poro
21	87	156	Poro
15	47	83	Poro
10	19	25	Poro
16	31	33	Poro
22	70	139	Poro
36	109	156	Poro
33	104	187	Poro
12	22	24	Poro
171	242	232	Poro
18	85	167	Poro
37	118	174	Poro
169	239	232	Poro
39	106	165	Poro
23	57	91	Poro
10	21	26	Poro
18	78	143	Poro
49	105	145	Poro
10	20	25	Poro
27	104	185	Poro
36	109	186	Poro
83	158	201	Poro
40	109	182	Poro
19	39	72	Poro
49	122	173	Poro
19	35	68	Poro
38	119	193	Poro
15	24	36	Poro
17	86	169	Poro
25	66	98	Poro
34	75	96	Poro
13	26	38	Poro
8	44	108	Poro
14	31	54	Poro
62	126	173	Poro
40	110	191	Poro
22	73	133	Poro
17	71	132	Poro
10	51	111	Poro
37	119	187	Poro
35	93	124	Poro
15	24	30	Poro
12	17	24	Poro
105	169	183	Poro
20	75	143	Poro
173	245	240	Poro
31	89	147	Poro
23	40	45	Poro
13	38	92	Poro
19	44	51	Poro
28	104	178	Poro
21	91	184	Poro
10	19	27	Poro
14	23	27	Poro
31	90	139	Poro
22	64	83	Poro
29	104	181	Poro
23	91	169	Poro
21	74	128	Poro
27	84	147	Poro
13	30	57	Poro
18	70	115	Poro
6	30	50	Poro
108	164	179	Poro
30	103	168	Poro
165	234	216	Poro
1	17	30	Poro
30	91	158	Poro
43	94	132	Poro
172	243	234	Poro
109	189	218	Poro
22	84	136	Poro
15	28	45	Poro
28	97	157	Poro
27	107	189	Poro
14	23	26	Poro
48	123	175	Poro
13	21	28	Poro
12	20	28	Poro
41	116	181	Poro
27	75	131	Poro
21	76	132	Poro
36	66	92	Poro
24	79	138	Poro
85	146	171	Poro
75	154	198	Poro
56	99	132	Poro
25	91	147	Poro
58	121	145	Poro
36	79	103	Poro
24	59	68	Poro
31	108	175	Poro
31	109	196	Poro
32	106	187	Poro
13	21	27	Poro
91	153	175	Poro
29	100	162	Poro
19	78	143	Poro
24	101	170	Poro
36	100	164	Poro
12	21	28	Poro
29	84	147	Poro
92	163	200	Poro
21	48	62	Poro
31	110	175	Poro
113	179	181	Poro
37	115	182	Poro
161	232	227	Poro
27	103	173	Poro
9	19	28	Poro
37	106	178	Poro
27	64	118	Poro
31	93	129	Poro
35	103	165	Poro
14	82	164	Poro
19	72	141	Poro
29	102	191	Poro
66	131	191	Poro
13	21	26	Poro
9	19	24	Poro
26	103	189	Poro
12	20	26	Poro
33	111	182	Poro
32	97	136	Poro
53	113	151	Poro
32	109	188	Poro
11	18	27	Poro
30	105	186	Poro
45	96	128	Poro
26	94	156	Poro
167	238	232	Poro
34	105	179	Poro
6	30	81	Poro
21	42	46	Poro
44	116	159	Poro
53	137	201	Poro
29	101	156	Poro
33	106	164	Poro
37	102	164	Poro
26	47	40	Poro
25	89	159	Poro
41	111	175	Poro
77	119	125	Poro
11	20	24	Poro
27	95	183	Poro
33	76	103	Poro
11	20	29	Poro
40	114	193	Poro
22	83	144	Poro
37	111	189	Poro
23	46	101	Poro
12	23	27	Poro
25	103	176	Poro
12	17	22	Poro
17	79	141	Poro
35	108	174	Poro
48	110	137	Poro
16	29	35	Poro
21	76	132	Poro
34	105	164	Poro
10	38	67	Poro
23	48	72	Poro
63	141	179	Poro
15	26	33	Poro
15	24	24	Poro
22	73	132	Poro
29	89	150	Poro
41	101	144	Poro
25	95	164	Poro
59	109	118	Poro
36	109	191	Poro
93	165	200	Poro
175	250	239	Poro
24	63	105	Poro
42	113	179	Poro
42	111	178	Poro
10	19	24	Poro
22	66	109	Poro
31	81	150	Poro
25	83	142	Poro
96	154	162	Poro
49	121	173	Poro
18	50	77	Poro
29	85	151	Poro
15	60	107	Poro
92	171	210	Poro
10	18	25	Poro
13	20	23	Poro
26	75	81	Poro
21	39	60	Poro
10	20	25	Poro
44	106	164	Poro
171	242	237	Poro
14	28	39	Poro
174	242	238	Poro
9	57	135	Poro
28	110	186	Poro
92	151	166	Poro
52	93	117	Poro
8	18	28	Poro
12	19	23	Poro
14	30	50	Poro
24	77	125	Poro
32	103	149	Poro
49	87	138	Poro
27	79	126	Poro
38	115	199	Poro
36	111	179	Poro
168	236	230	Poro
26	94	149	Poro
35	112	192	Poro
30	91	152	Poro
22	53	93	Poro
35	112	183	Poro
29	87	115	Poro
11	18	22	Poro
7	45	106	Poro
13	18	22	Poro
20	53	93	Poro
36	114	183	Poro
39	116	174	Poro
11	18	28	Poro
100	163	166	Poro
37	97	130	Poro
25	91	149	Poro
168	237	227	Poro
22	78	137	Poro
69	142	192	Poro
35	99	143	Poro
32	107	174	Poro
47	100	142	Poro
17	27	30	Poro
36	100	164	Poro
46	117	142	Poro
15	27	28	Poro
31	109	197	Poro
26	86	150	Poro
58	117	147	Poro
60	117	152	Poro
9	37	69	Poro
59	135	159	Poro
31	95	160	Poro
28	95	154	Poro
20	34	36	Poro
31	86	146	Poro
16	21	27	Poro
31	109	190	Poro
27	93	137	Poro
177	250	245	Poro
28	103	168	Poro
24	95	168	Poro
13	47	96	Poro
39	103	156	Poro
11	25	39	Poro
36	97	138	Poro
21	35	40	Poro
33	97	161	Poro
27	103	163	Poro
24	93	183	Poro
17	73	127	Poro
62	111	135	Poro
177	250	237	Poro
14	23	28	Poro
25	100	191	Poro
11	19	22	Poro
29	110	189	Poro
29	95	157	Poro
45	126	195	Poro
1	34	88	Poro
85	143	156	Poro
28	65	110	Poro
177	248	232	Poro
59	132	173	Poro
14	43	84	Poro
13	22	29	Poro
82	139	162	Poro
17	30	29	Poro
15	25	25	Poro
11	21	27	Poro
39	114	187	Poro
71	145	191	Poro
58	125	151	Poro
12	23	29	Poro
59	140	197	Poro
49	113	147	Poro
12	20	25	Poro
23	89	157	Poro
86	165	204	Poro
26	84	131	Poro
13	22	25	Poro
45	127	200	Poro
14	21	24	Poro
10	20	25	Poro
24	44	107	Poro
37	112	179	Poro
34	107	161	Poro
11	19	25	Poro
87	141	151	Poro
31	98	153	Poro
35	88	119	Poro
11	61	141	Poro
181	254	243	Poro
45	113	168	Poro
21	66	111	Poro
9	25	53	Poro
39	94	163	Poro
167	235	233	Poro
175	247	240	Poro
56	139	202	Poro
46	96	131	Poro
165	234	230	Poro
3	18	39	Poro
39	110	178	Poro
33	107	167	Poro
55	113	142	Poro
43	103	161	Poro
54	108	154	Poro
34	116	203	Poro
92	153	168	Poro
41	107	131	Poro
40	104	137	Poro
11	18	24	Poro
20	73	147	Poro
167	240	233	Poro
173	247	243	Poro
32	63	79	Poro
35	95	137	Poro
11	19	24	Poro
35	113	200	Poro
58	126	166	Poro
20	75	142	Poro
24	92	169	Poro
15	25	26	Poro
35	110	190	Poro
44	117	173	Poro
170	242	237	Poro
19	71	138	Poro
175	247	245	Poro
42	117	194	Poro
22	72	146	Poro
31	106	183	Poro
14	36	73	Poro
15	24	27	Poro
41	100	156	Poro
23	72	129	Poro
15	56	79	Poro
34	111	199	Poro
14	32	39	Poro
173	244	243	Poro
11	20	24	Poro
38	76	101	Poro
62	123	147	Poro
19	85	164	Poro
176	241	222	Poro
37	101	157	Poro
1	15	29	Poro
23	93	173	Poro
122	183	181	Poro
13	22	26	Poro
13	21	28	Poro
32	113	183	Poro
39	100	131	Poro
35	103	159	Poro
13	62	118	Poro
17	31	30	Poro
50	111	153	Poro
10	27	55	Poro
23	98	175	Poro
21	55	104	Poro
60	112	131	Poro
14	25	31	Poro
14	53	118	Poro
10	49	71	Poro
39	116	194	Poro
15	61	132	Poro
41	123	203	Poro
22	43	76	Poro
15	23	33	Poro
18	79	154	Poro
32	93	156	Poro
32	74	99	Poro
14	29	54	Poro
53	95	143	Poro
49	113	157	Poro
59	138	183	Poro
48	128	196	Poro
36	98	141	Poro
14	20	26	Poro
32	86	133	Poro
36	109	167	Poro
11	20	23	Poro
88	164	200	Poro
173	244	236	Poro
11	18	22	Poro
174	246	232	Poro
12	18	21	Poro
28	50	45	Poro
10	18	26	Poro
24	97	172	Poro
25	64	96	Poro
173	244	237	Poro
28	102	186	Poro
26	96	150	Poro
81	161	203	Poro
174	246	241	Poro
29	91	138	Poro
36	93	125	Poro
34	107	178	Poro
24	90	150	Poro
25	91	163	Poro
7	43	113	Poro
9	19	23	Poro
168	238	234	Poro
26	95	153	Poro
21	37	49	Poro
32	97	161	Poro
27	88	154	Poro
10	66	131	Poro
13	19	22	Poro
8	16	26	Poro
30	110	195	Poro
170	243	236	Poro
23	82	147	Poro
175	249	242	Poro
24	83	157	Poro
34	102	171	Poro
10	16	29	Poro
15	22	25	Poro
17	33	49	Poro
84	141	153	Poro
9	19	21	Poro
37	106	167	Poro
31	91	158	Poro
22	88	152	Poro
16	37	56	Poro
8	22	41	Poro
19	54	103	Poro
41	105	134	Poro
168	238	233	Poro
172	242	231	Poro
21	72	110	Poro
28	88	150	Poro
26	90	150	Poro
23	73	114	Poro
11	20	25	Poro
13	19	24	Poro
16	31	37	Poro
34	88	112	Poro
39	105	163	Poro
37	99	145	Poro
42	100	140	Poro
7	17	25	Poro
24	82	147	Poro
12	23	30	Poro
177	249	238	Poro
41	112	165	Poro
158	224	219	Poro
84	148	174	Poro
30	106	170	Poro
30	109	193	Poro
42	93	126	Poro
10	21	37	Poro
1	16	33	Poro
122	177	139	Poro
30	106	180	Poro
13	20	25	Poro
51	112	150	Poro
35	110	173	Poro
13	23	31	Poro
68	124	148	Poro
13	22	22	Poro
18	55	120	Poro
36	98	129	Poro
19	64	123	Poro
41	84	121	Poro
31	99	147	Poro
14	54	110	Poro
31	113	201	Poro
36	113	178	Poro
166	231	208	Poro
172	243	238	Poro
18	34	40	Poro
26	87	156	Poro
58	112	131	Poro
25	93	173	Poro
81	158	195	Poro
16	42	82	Poro
23	103	185	Poro
177	252	242	Poro
176	248	243	Poro
63	152	192	Poro
18	48	76	Poro
23	79	130	Poro
172	245	237	Poro
97	177	206	Poro
32	96	161	Poro
13	21	26	Poro
29	109	192	Poro
38	112	176	Poro
38	111	182	Poro
12	21	25	Poro
22	82	149	Poro
112	170	162	Poro
19	59	133	Poro
45	96	124	Poro
47	90	143	Poro
19	84	158	Poro
17	29	39	Poro
28	73	96	Poro
16	33	39	Poro
37	113	183	Poro
48	81	118	Poro
8	42	118	Poro
13	22	25	Poro
18	38	70	Poro
32	83	143	Poro
38	114	201	Poro
14	45	78	Poro
15	59	76	Poro
33	53	76	Poro
21	51	65	Poro
12	20	25	Poro
18	73	154	Poro
176	250	244	Poro
18	70	134	Poro
177	250	236	Poro
24	50	73	Poro
86	137	169	Poro
24	68	127	Poro
11	21	29	Poro
75	149	185	Poro
29	94	167	Poro
12	22	24	Poro
24	90	147	Poro
22	43	65	Poro
29	109	194	Poro
10	17	21	Poro
28	87	156	Poro
52	128	194	Poro
42	113	165	Poro
15	22	24	Poro
29	89	157	Poro
12	21	22	Poro
174	245	240	Poro
14	24	27	Poro
173	244	242	Poro
33	98	166	Poro
63	146	201	Poro
38	89	119	Poro
46	95	147	Poro
13	27	27	Poro
28	104	191	Poro
182	254	244	Poro
21	48	102	Poro
11	19	23	Poro
12	22	26	Poro
29	84	145	Poro
38	118	181	Poro
28	68	123	Poro
12	20	25	Poro
40	112	180	Poro
52	128	178	Poro
27	101	188	Poro
32	106	182	Poro
56	143	189	Poro
10	18	24	Poro
27	76	120	Poro
22	75	146	Poro
47	106	143	Poro
15	30	45	Poro
51	95	145	Poro
67	146	201	Poro
35	112	170	Poro
24	104	184	Poro
19	43	88	Poro
13	24	25	Poro
12	21	23	Poro
60	115	134	Poro
52	124	170	Poro
47	110	148	Poro
24	102	173	Poro
34	106	175	Poro
34	108	183	Poro
13	21	25	Poro
51	131	200	Poro
16	40	92	Poro
98	161	170	Poro
171	245	237	Poro
89	150	163	Poro
28	95	157	Poro
32	81	125	Poro
39	116	184	Poro
58	124	152	Poro
79	147	167	Poro
24	81	106	Poro
13	20	24	Poro
38	95	129	Poro
37	114	172	Poro
26	107	188	Poro
16	63	118	Poro
20	63	108	Poro
29	108	192	Poro
29	64	89	Poro
34	112	192	Poro
30	110	189	Poro
36	108	168	Poro
36	112	175	Poro
30	105	172	Poro
164	233	230	Poro
20	83	142	Poro
36	86	139	Poro
22	58	88	Poro
37	94	154	Poro
43	112	151	Poro
33	106	183	Poro
21	81	152	Poro
33	109	175	Poro
45	107	138	Poro
164	234	227	Poro
16	29	36	Poro
43	122	185	Poro
34	114	187	Poro
176	246	244	Poro
40	115	170	Poro
32	106	173	Poro
36	112	181	Poro
13	23	28	Poro
22	79	139	Poro
37	108	165	Poro
53	114	143	Poro
35	108	168	Poro
19	56	87	Poro
169	242	236	Poro
13	22	27	Poro
22	44	73	Poro
29	104	185	Poro
35	104	180	Poro
40	107	169	Poro
31	92	152	Poro
43	83	104	Poro
16	30	32	Poro
21	87	139	Poro
22	89	155	Poro
13	20	26	Poro
28	97	155	Poro
38	101	166	Poro
15	23	25	Poro
51	134	196	Poro
17	53	86	Poro
40	114	173	Poro
49	118	146	Poro
15	23	24	Poro
11	20	23	Poro
14	27	27	Poro
31	104	185	Poro
34	96	168	Poro
71	136	167	Poro
13	22	25	Poro
21	80	147	Poro
10	26	67	Poro
31	101	169	Poro
11	17	21	Poro
25	81	165	Poro
51	129	183	Poro
29	47	76	Poro
14	32	58	Poro
20	39	76	Poro
11	18	19	Poro
11	20	24	Poro
66	141	187	Poro
176	247	244	Poro
28	60	70	Poro
30	106	192	Poro
71	132	178	Poro
16	29	40	Poro
34	111	181	Poro
10	20	24	Poro
30	86	148	Poro
27	107	185	Poro
66	149	202	Poro
3	40	117	Poro
13	26	25	Poro
14	22	25	Poro
30	67	78	Poro
31	94	139	Poro
14	21	24	Poro
11	21	25	Poro
64	146	198	Poro
11	20	27	Poro
87	159	197	Poro
24	62	84	Poro
21	75	125	Poro
36	113	186	Poro
27	87	150	Poro
70	108	124	Poro
14	25	29	Poro
11	48	115	Poro
30	84	142	Poro
33	113	177	Poro
45	84	129	Poro
55	109	130	Poro
172	245	237	Poro
30	107	184	Poro
38	105	135	Poro
12	18	23	Poro
170	241	238	Poro
40	114	175	Poro
41	113	169	Poro
13	23	27	Poro
20	32	40	Poro
176	247	235	Poro
24	84	149	Poro
36	112	184	Poro
27	84	152	Poro
29	60	119	Poro
50	115	170	Poro
19	61	121	Poro
26	77	137	Poro
36	110	185	Poro
10	19	26	Poro
42	116	162	Poro
175	246	241	Poro
29	73	112	Poro
88	166	205	Poro
34	108	179	Poro
36	115	180	Poro
33	108	176	Poro
14	29	40	Poro
161	229	223	Poro
14	19	22	Poro
33	87	149	Poro
18	94	176	Poro
27	84	139	Poro
43	116	182	Poro
13	22	28	Poro
176	249	244	Poro
36	90	134	Poro
29	103	179	Poro
50	129	179	Poro
26	61	80	Poro
173	246	238	Poro
20	64	106	Poro
33	93	159	Poro
29	95	157	Poro
64	140	176	Poro
19	48	68	Poro
24	97	156	Poro
25	76	113	Poro
28	103	181	Poro
24	88	149	Poro
24	72	81	Poro
14	27	35	Poro
20	85	153	Poro
62	123	150	Poro
24	78	151	Poro
19	81	137	Poro
177	250	238	Poro
21	88	155	Poro
176	249	241	Poro
90	168	199	Poro
171	243	238	Poro
16	21	25	Poro
15	84	177	Poro
20	91	167	Poro
174	246	240	Poro
21	58	107	Poro
26	69	122	Poro
77	139	165	Poro
30	74	104	Poro
31	103	169	Poro
179	250	243	Poro
171	245	238	Poro
45	109	167	Poro
105	184	215	Poro
28	106	190	Poro
11	23	33	Poro
44	105	142	Poro
177	247	243	Poro
19	73	131	Poro
26	60	120	Poro
17	34	53	Poro
31	110	191	Poro
98	175	209	Poro
44	105	142	Poro
173	248	244	Poro
52	119	170	Poro
47	105	146	Poro
29	101	176	Poro
27	85	138	Poro
25	104	183	Poro
9	19	25	Poro
177	248	242	Poro
12	23	24	Poro
22	88	151	Poro
32	94	155	Poro
5	73	153	Poro
43	127	195	Poro
31	107	186	Poro
36	109	177	Poro
11	25	49	Poro
26	79	104	Poro
14	21	26	Poro
1	15	73	Poro
13	22	30	Poro
22	85	145	Poro
26	105	180	Poro
22	93	161	Poro
20	57	116	Poro
44	93	130	Poro
15	24	29	Poro
49	114	136	Poro
175	248	244	Poro
72	124	119	Poro
38	95	141	Poro
34	102	169	Poro
30	49	79	Poro
16	23	28	Poro
33	78	100	Poro
40	75	79	Poro
177	247	245	Poro
14	22	27	Poro
21	83	149	Poro
33	112	183	Poro
171	243	242	Poro
86	151	166	Poro
175	248	243	Poro
174	246	243	Poro
18	30	36	Poro
171	241	240	Poro
34	101	160	Poro
27	104	187	Poro
31	95	156	Poro
31	109	187	Poro
28	84	137	Poro
49	122	181	Poro
23	86	152	Poro
28	107	188	Poro
13	64	133	Poro
22	77	99	Poro
42	112	183	Poro
15	21	24	Poro
36	81	107	Poro
24	40	46	Poro
56	125	171	Poro
9	25	47	Poro
9	58	123	Poro
19	57	87	Poro
45	126	200	Poro
19	39	67	Poro
62	114	129	Poro
27	89	146	Poro
10	20	26	Poro
36	115	187	Poro
31	89	143	Poro
33	96	138	Poro
34	97	142	Poro
36	98	159	Poro
33	107	174	Poro
48	117	162	Poro
29	109	198	Poro
24	98	178	Poro
24	76	106	Poro
11	19	25	Poro
57	126	173	Poro
12	20	24	Poro
14	57	115	Poro
19	55	97	Poro
171	244	240	Poro
51	111	152	Poro
7	33	74	Poro
26	88	146	Poro
27	53	58	Poro
167	236	228	Poro
76	148	187	Poro
18	81	147	Poro
44	108	152	Poro
20	44	97	Poro
80	141	156	Poro
28	105	193	Poro
26	98	154	Poro
13	20	24	Poro
175	250	243	Poro
9	20	26	Poro
32	103	167	Poro
17	49	81	Poro
38	118	195	Poro
13	22	28	Poro
32	107	196	Poro
44	88	100	Poro
74	143	186	Poro
13	25	29	Poro
12	21	23	Poro
16	29	33	Poro
25	69	87	Poro
26	87	163	Poro
13	35	84	Poro
174	246	238	Poro
27	101	173	Poro
47	119	162	Poro
30	112	199	Poro
34	115	196	Poro
26	97	182	Poro
10	42	102	Poro
16	54	108	Poro
176	247	236	Poro
31	94	163	Poro
169	240	237	Poro
63	145	207	Poro
47	111	136	Poro
12	21	27	Poro
10	28	37	Poro
26	80	118	Poro
60	123	155	Poro
13	22	26	Poro
59	123	165	Poro
24	77	136	Poro
88	160	200	Poro
26	105	183	Poro
34	101	154	Poro
29	90	163	Poro
37	107	171	Poro
69	128	157	Poro
173	243	240	Poro
41	112	151	Poro
81	131	138	Poro
12	22	24	Poro
163	233	228	Poro
15	36	43	Poro
27	44	82	Poro
41	115	182	Poro
26	50	54	Poro
31	91	147	Poro
30	96	152	Poro
26	80	123	Poro
31	93	152	Poro
30	108	173	Poro
18	74	136	Poro
36	95	135	Poro
30	54	89	Poro
16	54	99	Poro
173	244	237	Poro
38	114	176	Poro
29	95	141	Poro
33	107	189	Poro
12	21	26	Poro
35	113	198	Poro
34	94	128	Poro
37	105	183	Poro
26	96	182	Poro
29	83	142	Poro
29	96	158	Poro
21	76	124	Poro
28	83	146	Poro
72	131	144	Poro
32	109	181	Poro
163	231	230	Poro
14	23	32	Poro
19	48	79	Poro
28	89	157	Poro
11	19	24	Poro
33	108	170	Poro
175	247	243	Poro
47	115	171	Poro
30	96	152	Poro
15	36	65	Poro
58	137	183	Poro
60	139	193	Poro
12	22	28	Poro
171	239	239	Poro
25	108	187	Poro
34	115	181	Poro
34	97	147	Poro
12	26	38	Poro
13	21	26	Poro
173	246	243	Poro
13	41	85	Poro
178	249	246	Poro
24	100	180	Poro
53	135	198	Poro
24	68	127	Poro
12	35	71	Poro
23	70	106	Poro
167	239	237	Poro
51	125	168	Poro
12	23	25	Poro
30	96	175	Poro
62	117	171	Poro
16	69	138	Poro
14	72	135	Poro
13	24	28	Poro
48	122	184	Poro
177	252	244	Poro
32	113	195	Poro
30	71	94	Poro
28	101	177	Poro
38	81	97	Poro
16	30	50	Poro
38	112	175	Poro
35	109	173	Poro
175	247	240	Poro
19	58	117	Poro
37	116	176	Poro
54	115	151	Poro
39	87	134	Poro
22	91	169	Poro
90	132	128	Solido
161	226	223	Solido
157	223	221	Solido
163	226	228	Solido
71	104	85	Solido
163	233	226	Solido
175	246	235	Solido
151	212	214	Solido
164	236	225	Solido
148	206	185	Solido
164	237	234	Solido
162	230	225	Solido
173	236	236	Solido
160	223	217	Solido
125	185	176	Solido
173	246	241	Solido
175	250	239	Solido
155	218	220	Solido
165	235	232	Solido
142	201	201	Solido
175	249	246	Solido
177	250	247	Solido
177	249	245	Solido
177	239	238	Solido
156	226	217	Solido
157	225	222	Solido
172	243	236	Solido
157	223	221	Solido
156	218	212	Solido
161	231	226	Solido
101	148	132	Solido
175	249	245	Solido
169	243	233	Solido
177	251	246	Solido
140	202	203	Solido
132	191	159	Solido
168	241	234	Solido
150	206	170	Solido
163	222	190	Solido
158	230	223	Solido
141	202	188	Solido
165	233	227	Solido
164	230	228	Solido
157	221	190	Solido
169	233	229	Solido
156	217	211	Solido
155	228	222	Solido
148	207	186	Solido
167	230	230	Solido
174	248	244	Solido
174	245	236	Solido
157	227	220	Solido
113	165	167	Solido
168	233	235	Solido
185	254	237	Solido
178	242	220	Solido
175	245	238	Solido
165	233	225	Solido
157	222	203	Solido
167	240	235	Solido
155	224	216	Solido
172	242	240	Solido
134	191	186	Solido
129	187	172	Solido
177	250	245	Solido
177	251	238	Solido
135	191	189	Solido
143	202	192	Solido
164	232	226	Solido
160	229	225	Solido
171	242	238	Solido
169	244	236	Solido
159	225	224	Solido
91	129	101	Solido
103	153	163	Solido
170	241	236	Solido
159	229	228	Solido
28	67	71	Solido
155	223	219	Solido
130	188	183	Solido
143	199	198	Solido
164	234	226	Solido
168	237	229	Solido
170	230	232	Solido
141	194	213	Solido
168	236	240	Solido
163	228	223	Solido
156	219	218	Solido
147	212	208	Solido
177	250	242	Solido
168	241	236	Solido
92	138	122	Solido
163	232	224	Solido
115	174	162	Solido
144	207	202	Solido
164	226	212	Solido
135	189	188	Solido
163	235	227	Solido
147	206	194	Solido
119	173	168	Solido
167	237	234	Solido
163	232	226	Solido
165	233	226	Solido
118	162	155	Solido
162	222	221	Solido
95	141	124	Solido
172	241	233	Solido
169	235	204	Solido
173	238	233	Solido
157	226	228	Solido
45	82	103	Solido
50	78	118	Solido
188	254	247	Solido
138	203	189	Solido
175	246	240	Solido
174	245	244	Solido
134	187	160	Solido
174	243	231	Solido
163	227	227	Solido
162	230	226	Solido
120	179	170	Solido
174	240	233	Solido
175	246	240	Solido
148	210	207	Solido
128	181	178	Solido
152	214	213	Solido
110	163	159	Solido
74	118	136	Solido
167	241	230	Solido
92	131	145	Solido
164	227	217	Solido
162	226	198	Solido
176	248	245	Solido
163	234	230	Solido
148	213	210	Solido
129	180	171	Solido
171	243	238	Solido
78	122	120	Solido
167	226	224	Solido
159	223	223	Solido
74	129	136	Solido
177	250	245	Solido
164	236	231	Solido
150	206	188	Solido
179	251	239	Solido
160	227	225	Solido
159	227	223	Solido
146	208	192	Solido
171	244	233	Solido
152	217	214	Solido
173	236	234	Solido
59	91	88	Solido
136	195	195	Solido
158	219	200	Solido
171	238	228	Solido
147	213	213	Solido
173	244	243	Solido
145	202	182	Solido
172	247	239	Solido
175	246	243	Solido
162	232	222	Solido
169	240	232	Solido
114	164	163	Solido
159	223	223	Solido
163	235	221	Solido
137	191	153	Solido
170	236	221	Solido
168	237	226	Solido
158	223	210	Solido
159	225	223	Solido
155	223	218	Solido
151	213	194	Solido
139	195	175	Solido
163	229	230	Solido
169	243	234	Solido
162	229	225	Solido
175	246	235	Solido
167	232	213	Solido
170	242	238	Solido
166	234	228	Solido
176	250	243	Solido
81	122	106	Solido
176	239	237	Solido
141	206	206	Solido
137	192	196	Solido
161	230	228	Solido
49	88	103	Solido
124	178	180	Solido
168	238	233	Solido
169	233	233	Solido
174	239	222	Solido
99	142	119	Solido
167	237	227	Solido
169	237	225	Solido
77	117	119	Solido
135	190	163	Solido
153	210	197	Solido
69	110	105	Solido
161	232	224	Solido
161	229	228	Solido
175	247	242	Solido
166	237	226	Solido
164	234	226	Solido
169	233	215	Solido
160	227	223	Solido
175	249	244	Solido
166	233	225	Solido
132	187	170	Solido
139	208	209	Solido
145	205	187	Solido
167	229	225	Solido
165	234	228	Solido
178	248	247	Solido
168	241	234	Solido
159	228	225	Solido
127	194	189	Solido
157	225	225	Solido
172	244	242	Solido
159	226	220	Solido
180	253	249	Solido
86	130	124	Solido
166	235	229	Solido
167	239	234	Solido
166	230	216	Solido
143	196	179	Solido
174	247	245	Solido
170	240	235	Solido
151	204	200	Solido
152	214	199	Solido
105	153	150	Solido
139	193	165	Solido
92	150	161	Solido
146	205	204	Solido
69	106	126	Solido
156	228	221	Solido
169	236	229	Solido
104	154	158	Solido
169	241	235	Solido
160	225	214	Solido
174	246	242	Solido
179	251	241	Solido
173	247	240	Solido
159	216	194	Solido
170	232	232	Solido
162	230	223	Solido
171	236	233	Solido
169	235	231	Solido
147	204	187	Solido
175	248	239	Solido
166	237	228	Solido
145	201	198	Solido
172	243	236	Solido
149	215	208	Solido
167	239	232	Solido
157	217	212	Solido
52	97	124	Solido
141	198	197	Solido
121	168	154	Solido
163	228	227	Solido
175	241	228	Solido
153	217	211	Solido
49	78	74	Solido
176	250	244	Solido
161	230	225	Solido
170	240	232	Solido
168	237	228	Solido
150	213	195	Solido
159	223	216	Solido
159	229	222	Solido
161	232	233	Solido
155	224	224	Solido
167	239	229	Solido
162	231	227	Solido
163	225	222	Solido
83	135	140	Solido
119	165	140	Solido
177	250	246	Solido
176	249	245	Solido
53	85	85	Solido
164	228	229	Solido
173	246	243	Solido
167	240	234	Solido
149	213	209	Solido
131	184	185	Solido
156	222	212	Solido
164	232	230	Solido
55	92	89	Solido
160	226	220	Solido
161	229	228	Solido
166	227	227	Solido
73	123	138	Solido
119	169	140	Solido
104	157	164	Solido
153	216	198	Solido
155	215	214	Solido
168	238	231	Solido
133	191	172	Solido
169	234	234	Solido
175	241	235	Solido
129	187	166	Solido
171	242	241	Solido
163	229	221	Solido
157	224	214	Solido
156	225	221	Solido
171	245	238	Solido
132	187	186	Solido
155	218	218	Solido
162	232	223	Solido
165	232	227	Solido
163	224	225	Solido
171	244	234	Solido
171	233	233	Solido
175	247	237	Solido
94	151	161	Solido
170	240	232	Solido
122	166	143	Solido
171	237	232	Solido
157	224	208	Solido
165	229	226	Solido
158	224	223	Solido
176	249	246	Solido
155	225	218	Solido
107	157	160	Solido
119	163	161	Solido
185	254	239	Solido
126	177	187	Solido
175	246	237	Solido
172	245	238	Solido
147	206	202	Solido
175	245	239	Solido
175	246	242	Solido
157	223	222	Solido
177	250	238	Solido
165	237	229	Solido
149	213	213	Solido
86	137	145	Solido
112	165	172	Solido
139	203	186	Solido
157	214	169	Solido
163	229	227	Solido
118	173	155	Solido
123	183	183	Solido
167	234	225	Solido
160	232	225	Solido
136	190	159	Solido
106	164	153	Solido
171	242	239	Solido
173	244	232	Solido
126	189	178	Solido
119	167	169	Solido
172	244	240	Solido
174	247	243	Solido
175	249	246	Solido
155	218	224	Solido
183	254	240	Solido
131	199	204	Solido
112	171	173	Solido
159	230	224	Solido
175	244	237	Solido
166	228	227	Solido
118	173	175	Solido
135	185	158	Solido
110	162	147	Solido
175	251	244	Solido
151	215	209	Solido
140	203	175	Solido
169	241	234	Solido
167	235	229	Solido
131	181	171	Solido
170	241	239	Solido
146	206	181	Solido
155	222	216	Solido
114	167	164	Solido
159	220	215	Solido
176	246	240	Solido
105	160	162	Solido
101	160	141	Solido
123	173	140	Solido
166	238	228	Solido
96	146	117	Solido
149	205	203	Solido
121	177	181	Solido
172	241	241	Solido
146	206	194	Solido
144	209	210	Solido
112	162	171	Solido
171	245	237	Solido
123	174	154	Solido
175	243	240	Solido
130	187	175	Solido
87	133	124	Solido
174	247	243	Solido
159	225	218	Solido
167	233	224	Solido
172	240	237	Solido
128	180	151	Solido
133	192	181	Solido
176	248	243	Solido
173	246	242	Solido
134	190	190	Solido
163	232	230	Solido
170	240	237	Solido
165	233	199	Solido
157	229	220	Solido
140	195	165	Solido
165	235	227	Solido
171	241	240	Solido
108	155	154	Solido
80	126	134	Solido
173	236	236	Solido
171	234	217	Solido
108	156	158	Solido
171	241	234	Solido
116	173	149	Solido
163	233	224	Solido
101	139	117	Solido
177	248	244	Solido
131	187	187	Solido
163	228	213	Solido
127	179	185	Solido
85	132	134	Solido
115	178	185	Solido
171	244	236	Solido
173	245	236	Solido
174	245	238	Solido
173	245	237	Solido
169	243	238	Solido
162	230	227	Solido
173	244	235	Solido
132	178	179	Solido
122	177	166	Solido
163	234	224	Solido
177	242	231	Solido
160	229	222	Solido
175	247	242	Solido
172	247	240	Solido
170	241	227	Solido
156	223	225	Solido
101	150	142	Solido
172	237	235	Solido
152	208	206	Solido
145	204	184	Solido
157	218	215	Solido
86	127	112	Solido
179	250	231	Solido
159	227	218	Solido
134	190	184	Solido
172	244	238	Solido
30	62	98	Solido
176	247	240	Solido
142	200	202	Solido
95	139	121	Solido
167	235	236	Solido
162	230	228	Solido
129	185	161	Solido
173	244	239	Solido
149	207	172	Solido
161	232	226	Solido
127	183	178	Solido
111	166	147	Solido
166	239	227	Solido
155	221	214	Solido
175	246	242	Solido
168	237	235	Solido
174	249	242	Solido
159	227	221	Solido
167	239	232	Solido
173	246	234	Solido
163	234	227	Solido
167	236	232	Solido
90	137	121	Solido
178	243	201	Solido
87	126	130	Solido
114	157	134	Solido
162	233	224	Solido
151	205	168	Solido
164	234	230	Solido
151	215	212	Solido
146	214	219	Solido
159	224	226	Solido
170	239	227	Solido
172	243	240	Solido
177	251	243	Solido
159	220	214	Solido
153	215	217	Solido
20	54	67	Solido
174	241	220	Solido
171	246	239	Solido
174	247	236	Solido
36	68	68	Solido
159	221	222	Solido
175	246	242	Solido
123	170	132	Solido
154	218	216	Solido
119	169	176	Solido
157	226	220	Solido
173	247	238	Solido
177	248	246	Solido
170	236	232	Solido
147	212	207	Solido
122	176	163	Solido
105	150	157	Solido
164	234	226	Solido
133	192	179	Solido
160	229	231	Solido
145	205	207	Solido
170	239	235	Solido
161	231	228	Solido
172	236	239	Solido
175	249	245	Solido
178	250	244	Solido
132	193	166	Solido
160	224	218	Solido
147	198	173	Solido
159	227	218	Solido
163	233	225	Solido
173	248	240	Solido
150	207	189	Solido
167	236	228	Solido
131	180	170	Solido
164	230	217	Solido
147	215	213	Solido
160	229	219	Solido
145	213	205	Solido
155	219	220	Solido
157	220	219	Solido
157	211	191	Solido
159	227	222	Solido
141	208	205	Solido
131	186	172	Solido
156	215	210	Solido
144	203	192	Solido
153	223	218	Solido
173	246	231	Solido
107	162	157	Solido
172	244	231	Solido
151	209	202	Solido
153	212	186	Solido
171	232	226	Solido
99	143	124	Solido
159	227	228	Solido
131	186	183	Solido
155	223	221	Solido
173	247	243	Solido
169	238	228	Solido
164	234	226	Solido
164	227	226	Solido
175	238	233	Solido
98	132	108	Solido
175	249	241	Solido
104	145	121	Solido
107	152	154	Solido
81	128	128	Solido
171	245	230	Solido
161	231	231	Solido
156	211	186	Solido
170	238	230	Solido
153	213	193	Solido
171	243	237	Solido
154	211	206	Solido
162	230	227	Solido
151	212	202	Solido
167	236	234	Solido
165	236	226	Solido
171	235	232	Solido
145	207	202	Solido
136	200	193	Solido
15	43	80	Solido
167	237	228	Solido
166	237	236	Solido
164	235	230	Solido
141	193	155	Solido
139	200	187	Solido
157	224	223	Solido
176	249	244	Solido
132	189	185	Solido
153	222	215	Solido
156	222	220	Solido
100	147	119	Solido
121	175	176	Solido
156	226	217	Solido
113	166	148	Solido
159	228	221	Solido
168	229	223	Solido
96	162	160	Solido
172	243	232	Solido
167	223	204	Solido
143	204	189	Solido
160	227	220	Solido
169	241	233	Solido
159	221	222	Solido
169	240	237	Solido
169	231	226	Solido
180	252	246	Solido
171	241	239	Solido
167	239	231	Solido
134	189	179	Solido
142	199	186	Solido
159	228	217	Solido
171	246	240	Solido
164	234	224	Solido
161	228	227	Solido
174	245	237	Solido
128	183	171	Solido
115	165	166	Solido
171	236	232	Solido
158	225	221	Solido
154	218	209	Solido
169	242	229	Solido
153	216	197	Solido
162	230	219	Solido
170	232	230	Solido
175	248	242	Solido
144	197	175	Solido
159	225	223	Solido
159	222	224	Solido
120	176	182	Solido
158	228	227	Solido
145	194	161	Solido
165	236	235	Solido
168	238	229	Solido
171	242	236	Solido
126	185	181	Solido
158	222	225	Solido
118	165	158	Solido
132	187	164	Solido
167	237	229	Solido
163	224	217	Solido
79	131	159	Solido
140	207	203	Solido
172	244	236	Solido
163	225	225	Solido
150	218	216	Solido
129	179	163	Solido
163	227	223	Solido
176	248	244	Solido
132	187	179	Solido
150	209	201	Solido
165	235	233	Solido
169	236	220	Solido
71	108	103	Solido
153	213	217	Solido
161	216	203	Solido
161	233	234	Solido
162	226	221	Solido
171	237	232	Solido
171	236	234	Solido
171	239	227	Solido
151	216	198	Solido
178	247	234	Solido
158	226	221	Solido
47	83	70	Solido
166	230	230	Solido
103	147	148	Solido
177	250	245	Solido
161	227	224	Solido
96	143	140	Solido
169	241	234	Solido
170	242	236	Solido
139	195	180	Solido
169	239	234	Solido
174	239	231	Solido
160	228	227	Solido
114	159	161	Solido
155	214	188	Solido
137	195	181	Solido
161	231	225	Solido
174	247	242	Solido
135	190	183	Solido
164	231	210	Solido
161	232	230	Solido
156	226	219	Solido
169	234	229	Solido
142	199	178	Solido
146	202	203	Solido
161	220	219	Solido
175	249	244	Solido
116	162	145	Solido
137	192	173	Solido
141	200	207	Solido
159	226	220	Solido
171	235	226	Solido
163	227	230	Solido
161	232	224	Solido
176	249	245	Solido
163	232	226	Solido
160	222	217	Solido
158	226	218	Solido
162	231	227	Solido
163	232	221	Solido
105	163	144	Solido
163	233	224	Solido
171	237	233	Solido
156	221	218	Solido
144	201	180	Solido
134	194	198	Solido
174	248	236	Solido
92	143	135	Solido
129	185	150	Solido
178	249	247	Solido
173	246	239	Solido
163	232	225	Solido
153	212	204	Solido
169	240	238	Solido
167	235	232	Solido
99	156	152	Solido
73	124	104	Solido
163	228	223	Solido
116	180	170	Solido
162	218	199	Solido
161	229	220	Solido
111	167	158	Solido
137	195	191	Solido
174	249	244	Solido
163	231	225	Solido
168	239	237	Solido
157	222	207	Solido
157	223	222	Solido
143	204	182	Solido
151	218	217	Solido
159	222	215	Solido
168	236	220	Solido
175	244	241	Solido
165	236	228	Solido
171	243	239	Solido
169	239	231	Solido
86	127	141	Solido
137	197	178	Solido
102	160	153	Solido
163	233	223	Solido
173	243	238	Solido
112	167	130	Solido
167	239	233	Solido
156	214	219	Solido
142	198	157	Solido
139	196	189	Solido
155	217	210	Solido
154	224	224	Solido
169	239	233	Solido
164	233	228	Solido
169	229	227	Solido
159	227	222	Solido
157	225	219	Solido
162	232	228	Solido
167	239	236	Solido
132	182	151	Solido
162	224	225	Solido
171	242	238	Solido
66	106	127	Solido
123	171	143	Solido
167	228	226	Solido
93	135	141	Solido
173	246	236	Solido
156	227	219	Solido
157	224	219	Solido
169	240	233	Solido
44	83	76	Solido
164	231	229	Solido
73	108	106	Solido
174	247	244	Solido
157	213	179	Solido
127	189	194	Solido
143	203	209	Solido
154	215	209	Solido
98	155	135	Solido
169	234	223	Solido
158	220	210	Solido
120	177	153	Solido
151	209	169	Solido
167	233	221	Solido
163	234	231	Solido
181	253	248	Solido
175	247	242	Solido
169	238	227	Solido
160	230	225	Solido
167	233	212	Solido
178	251	247	Solido
181	253	247	Solido
105	148	120	Solido
177	246	242	Solido
159	226	222	Solido
182	251	233	Solido
149	203	183	Solido
174	245	239	Solido
137	198	183	Solido
169	239	237	Solido
158	228	222	Solido
97	143	126	Solido
170	244	238	Solido
110	159	157	Solido
161	233	210	Solido
159	226	216	Solido
169	240	235	Solido
14	39	72	Solido
137	197	175	Solido
163	229	225	Solido
167	234	230	Solido
144	205	189	Solido
129	185	168	Solido
38	66	87	Solido
138	200	190	Solido
175	246	243	Solido
113	160	135	Solido
156	217	212	Solido
131	191	192	Solido
162	229	223	Solido
164	232	223	Solido
178	252	247	Solido
175	250	237	Solido
135	194	180	Solido
168	237	234	Solido
170	242	235	Solido
167	232	230	Solido
159	221	206	Solido
148	211	216	Solido
110	160	132	Solido
175	244	237	Solido
181	253	245	Solido
136	194	178	Solido
157	216	209	Solido
167	233	228	Solido
143	203	208	Solido
161	231	226	Solido
167	238	229	Solido
169	242	242	Solido
160	229	223	Solido
175	242	232	Solido
161	230	224	Solido
158	222	223	Solido
171	235	234	Solido
163	227	204	Solido
175	250	247	Solido
143	207	213	Solido
140	189	198	Solido
152	220	212	Solido
158	229	226	Solido
95	139	121	Solido
82	125	122	Solido
173	247	242	Solido
153	210	212	Solido
133	185	183	Solido
155	217	207	Solido
177	249	243	Solido
153	218	219	Solido
156	215	212	Solido
160	224	219	Solido
176	250	245	Solido
95	142	140	Solido
91	139	149	Solido
171	241	239	Solido
141	199	179	Solido
161	231	222	Solido
147	205	198	Solido
163	230	229	Solido
175	250	245	Solido
172	247	243	Solido
174	237	234	Solido
158	223	217	Solido
153	219	214	Solido
159	228	217	Solido
157	225	222	Solido
103	153	149	Solido
173	247	242	Solido
162	227	227	Solido
163	233	228	Solido
167	237	231	Solido
159	220	199	Solido
141	203	205	Solido
174	246	241	Solido
92	130	105	Solido
157	224	221	Solido
155	217	210	Solido
138	193	175	Solido
176	248	246	Solido
169	243	237	Solido
147	204	182	Solido
173	246	237	Solido
170	232	231	Solido
156	217	216	Solido
154	216	212	Solido
131	184	173	Solido
167	242	234	Solido
158	220	216	Solido
184	254	250	Solido
162	226	220	Solido
107	150	127	Solido
181	254	248	Solido
139	195	176	Solido
167	237	226	Solido
158	223	222	Solido
159	229	222	Solido
157	223	216	Solido
167	230	230	Solido
154	206	187	Solido
153	214	221	Solido
140	197	192	Solido
174	239	232	Solido
98	150	128	Solido
145	210	189	Solido
172	246	243	Solido
171	246	238	Solido
149	216	192	Solido
160	226	224	Solido
157	222	221	Solido
96	142	146	Solido
143	201	203	Solido
170	233	229	Solido
103	149	147	Solido
177	251	246	Solido
171	242	233	Solido
68	106	131	Solido
136	189	175	Solido
161	228	226	Solido
148	204	177	Solido
173	246	241	Solido
166	229	227	Solido
93	138	120	Solido
109	157	154	Solido
172	240	239	Solido
169	238	230	Solido
138	199	189	Solido
140	203	175	Solido
161	232	224	Solido
135	184	171	Solido
171	243	238	Solido
161	229	225	Solido
160	226	223	Solido
167	236	232	Solido
169	237	228	Solido
169	240	238	Solido
173	241	237	Solido
166	234	235	Solido
175	246	240	Solido
114	173	168	Solido
140	206	206	Solido
160	228	220	Solido
164	235	226	Solido
175	237	235	Solido
141	205	191	Solido
139	196	159	Solido
171	247	238	Solido
149	206	186	Solido
169	240	235	Solido
159	227	228	Solido
103	150	154	Solido
158	220	206	Solido
103	157	148	Solido
171	241	236	Solido
111	160	157	Solido
144	209	208	Solido
173	245	242	Solido
157	223	222	Solido
172	246	238	Solido
159	226	214	Solido
179	249	245	Solido
165	233	228	Solido
165	235	227	Solido
74	116	139	Solido
170	233	219	Solido
158	228	222	Solido
79	129	105	Solido
165	238	231	Solido
159	221	215	Solido
167	238	234	Solido
140	199	183	Solido
164	233	228	Solido
161	231	224	Solido
129	189	198	Solido
149	207	204	Solido
169	237	232	Solido
157	215	194	Solido
172	244	234	Solido
165	232	211	Solido
173	246	240	Solido
177	250	241	Solido
149	213	206	Solido
169	242	234	Solido
107	156	161	Solido
167	233	224	Solido
149	221	215	Solido
170	237	232	Solido
155	218	209	Solido
139	194	176	Solido
160	224	221	Solido
159	225	222	Solido
167	230	226	Solido
145	204	192	Solido
171	233	232	Solido
169	239	238	Solido
138	202	199	Solido
91	138	151	Solido
137	195	156	Solido
169	232	229	Solido
149	209	202	Solido
158	225	221	Solido
160	230	223	Solido
175	247	236	Solido
59	112	139	Solido
169	228	209	Solido
74	113	112	Solido
174	247	244	Solido
167	233	234	Solido
120	158	140	Solido
152	218	208	Solido
163	234	228	Solido
171	242	238	Solido
171	243	229	Solido
155	217	218	Solido
155	223	223	Solido
168	234	201	Solido
169	228	210	Solido
142	204	190	Solido
135	194	181	Solido
143	201	194	Solido
150	212	193	Solido
174	245	238	Solido
175	248	243	Solido
153	214	213	Solido
163	235	226	Solido
94	143	118	Solido
164	228	226	Solido
155	222	223	Solido
166	229	222	Solido
153	220	212	Solido
158	229	224	Solido
114	168	166	Solido
90	130	116	Solido
172	235	227	Solido
173	241	223	Solido
155	224	215	Solido
175	248	237	Solido
159	227	224	Solido
158	224	220	Solido
123	175	175	Solido
174	238	224	Solido
117	171	158	Solido
171	242	240	Solido
121	173	155	Solido
161	229	224	Solido
148	216	212	Solido
168	237	230	Solido
114	166	170	Solido
147	218	199	Solido
165	234	229	Solido
100	150	184	Solido
169	240	237	Solido
132	185	185	Solido
84	127	114	Solido
157	225	217	Solido
160	221	222	Solido
161	229	230	Solido
172	242	234	Solido
144	200	190	Solido
177	249	243	Solido
166	237	229	Solido
152	212	219	Solido
163	231	225	Solido
117	167	147	Solido
119	163	172	Solido
136	191	177	Solido
161	229	222	Solido
173	245	238	Solido
167	241	230	Solido
172	243	239	Solido
168	240	232	Solido
104	147	159	Solido
135	193	185	Solido
142	204	181	Solido
178	251	246	Solido
159	222	218	Solido
145	200	184	Solido
173	240	228	Solido
160	230	223	Solido
175	239	233	Solido
164	237	231	Solido
153	212	213	Solido
117	173	152	Solido
153	218	199	Solido
169	232	231	Solido
165	235	228	Solido
156	219	200	Solido
143	211	204	Solido
171	233	229	Solido
172	240	223	Solido
171	234	232	Solido
157	224	212	Solido
159	223	220	Solido
178	250	247	Solido
161	226	208	Solido
160	224	223	Solido
133	185	172	Solido
162	233	225	Solido
167	238	232	Solido
129	186	180	Solido
131	182	156	Solido
140	207	203	Solido
137	191	186	Solido
97	147	143	Solido
173	245	229	Solido
173	248	245	Solido
31	58	72	Solido
148	203	199	Solido
154	215	211	Solido
117	167	152	Solido
127	180	175	Solido
163	234	224	Solido
173	243	239	Solido
161	224	211	Solido
67	108	100	Solido
168	235	231	Solido
158	225	225	Solido
169	235	204	Solido
141	209	214	Solido
121	175	161	Solido
175	249	240	Solido
141	203	191	Solido
130	176	171	Solido
177	250	243	Solido
159	223	219	Solido
113	168	159	Solido
159	228	225	Solido
157	226	223	Solido
75	114	114	Solido
175	239	235	Solido
165	224	202	Solido
161	224	197	Solido
95	148	152	Solido
169	240	236	Solido
147	211	189	Solido
173	245	237	Solido
147	206	200	Solido
180	254	243	Solido
177	247	238	Solido
158	225	218	Solido
130	179	183	Solido
114	157	145	Solido
168	238	231	Solido
42	76	86	Solido
169	242	235	Solido
141	201	183	Solido
158	222	210	Solido
123	180	172	Solido
162	226	222	Solido
157	218	212	Solido
170	241	231	Solido
172	245	239	Solido
143	202	200	Solido
122	173	164	Solido
165	238	233	Solido
151	218	213	Solido
169	240	233	Solido
159	229	223	Solido
164	225	225	Solido
151	218	210	Solido
117	167	148	Solido
50	83	87	Solido
158	222	212	Solido
139	195	194	Solido
144	202	195	Solido
158	228	219	Solido
98	150	123	Solido
114	159	144	Solido
120	178	156	Solido
167	237	227	Solido
163	234	229	Solido
163	227	224	Solido
146	207	204	Solido
165	227	232	Solido
169	241	236	Solido
118	167	170	Solido
179	251	244	Solido
155	218	219	Solido
161	233	222	Solido
169	239	231	Solido
175	249	241	Solido
147	205	187	Solido
131	186	171	Solido
177	250	247	Solido
168	237	231	Solido
157	228	223	Solido
171	243	239	Solido
129	186	163	Solido
170	233	199	Solido
169	238	240	Solido
157	227	217	Solido
136	185	168	Solido
163	227	230	Solido
169	238	232	Solido
158	223	220	Solido
172	246	235	Solido
168	239	230	Solido
164	231	228	Solido
120	175	181	Solido
145	201	199	Solido
173	246	241	Solido
177	248	230	Solido
164	232	225	Solido
143	208	204	Solido
159	228	219	Solido
175	247	240	Solido
179	244	239	Solido
171	238	234	Solido
176	241	237	Solido
158	228	226	Solido
174	246	229	Solido
37	83	119	Solido
135	192	170	Solido
139	189	158	Solido
112	167	173	Solido
161	229	229	Solido
117	163	155	Solido
163	233	231	Solido
159	231	225	Solido
181	254	247	Solido
174	245	240	Solido
168	236	226	Solido
173	242	237	Solido
161	225	222	Solido
120	167	163	Solido
167	238	237	Solido
149	210	194	Solido
177	247	244	Solido
173	244	241	Solido
169	234	229	Solido
149	208	212	Solido
168	238	233	Solido
169	235	232	Solido
171	246	238	Solido
150	210	203	Solido
82	121	131	Solido
128	173	143	Solido
130	185	181	Solido
163	230	226	Solido
175	246	241	Solido
165	236	217	Solido
161	234	230	Solido
160	221	203	Solido
163	230	220	Solido
163	232	225	Solido
59	96	106	Solido
164	235	234	Solido
172	238	237	Solido
149	218	216	Solido
173	246	237	Solido
155	217	218	Solido
176	250	247	Solido
178	251	245	Solido
167	238	231	Solido
175	247	237	Solido
161	220	216	Solido
173	245	239	Solido
147	212	209	Solido
151	210	213	Solido
142	208	204	Solido
172	247	240	Solido
158	227	221	Solido
137	190	172	Solido
162	229	226	Solido
159	226	222	Solido
165	224	225	Solido
175	239	234	Solido
128	181	171	Solido
169	234	223	Solido
109	161	159	Solido
155	223	216	Solido
99	143	126	Solido
161	223	215	Solido
171	241	240	Solido
167	241	237	Solido
171	244	240	Solido
162	229	224	Solido
169	237	227	Solido
159	227	220	Solido
169	238	237	Solido
160	218	206	Solido
151	209	203	Solido
171	237	234	Solido
164	225	223	Solido
151	217	210	Solido
173	243	231	Solido
159	230	225	Solido
85	128	128	Solido
172	243	238	Solido
158	223	218	Solido
160	230	224	Solido
157	226	221	Solido
173	236	236	Solido
113	174	162	Solido
167	230	223	Solido
118	173	164	Solido
171	235	225	Solido
157	218	192	Solido
148	212	199	Solido
164	235	230	Solido
172	243	239	Solido
155	215	188	Solido
135	196	178	Solido
153	217	216	Solido
86	129	116	Solido
84	128	112	Solido
158	227	220	Solido
175	240	235	Solido
125	181	173	Solido
173	246	237	Solido
175	246	242	Solido
162	233	223	Solido
132	189	180	Solido
95	140	139	Solido
107	164	154	Solido
171	241	231	Solido
133	194	197	Solido
163	230	224	Solido
164	236	231	Solido
83	144	155	Solido
180	254	242	Solido
155	223	212	Solido
163	237	231	Solido
110	170	159	Solido
148	206	210	Solido
177	246	236	Solido
168	241	235	Solido
113	167	159	Solido
165	237	231	Solido
104	151	138	Solido
177	248	245	Solido
161	222	214	Solido
157	216	195	Solido
166	235	228	Solido
153	215	212	Solido
171	245	237	Solido
175	239	241	Solido
172	245	240	Solido
177	252	244	Solido
140	194	178	Solido
175	248	243	Solido
31	60	68	Solido
144	199	160	Solido
163	232	223	Solido
133	189	171	Solido
156	215	214	Solido
163	227	223	Solido
160	226	226	Solido
163	232	226	Solido
172	236	237	Solido
174	244	238	Solido
147	205	185	Solido
161	229	230	Solido
158	224	221	Solido
171	236	237	Solido
161	226	207	Solido
133	186	180	Solido
131	188	183	Solido
169	243	237	Solido
171	242	238	Solido
108	162	148	Solido
164	234	230	Solido
165	235	219	Solido
70	102	88	Solido
170	234	228	Solido
152	208	198	Solido
79	115	132	Solido
171	242	234	Solido
170	241	234	Solido
88	136	138	Solido
133	188	177	Solido
162	232	226	Solido
164	229	215	Solido
157	226	218	Solido
157	215	203	Solido
179	251	230	Solido
161	225	224	Solido
165	232	229	Solido
169	230	225	Solido
176	249	245	Solido
144	204	201	Solido
160	230	224	Solido
162	226	219	Solido
151	219	220	Solido
159	220	218	Solido
103	148	134	Solido
170	243	237	Solido
176	248	243	Solido
158	223	204	Solido
152	219	215	Solido
164	236	229	Solido
165	237	229	Solido
161	231	217	Solido
155	222	221	Solido
162	230	225	Solido
76	117	115	Solido
167	237	231	Solido
160	228	229	Solido
167	239	234	Solido
172	246	241	Solido
77	131	135	Solido
156	215	209	Solido
74	115	123	Solido
156	218	211	Solido
179	253	245	Solido
172	247	238	Solido
141	196	171	Solido
174	246	237	Solido
152	218	218	Solido
160	222	221	Solido
153	216	202	Solido
149	208	177	Solido
123	177	166	Solido
157	226	221	Solido
158	220	223	Solido
110	165	147	Solido
160	227	225	Solido
172	237	235	Solido
167	236	224	Solido
146	200	162	Solido
170	240	233	Solido
167	238	233	Solido
152	211	185	Solido
117	173	150	Solido
175	248	241	Solido
177	249	242	Solido
177	250	245	Solido
178	249	245	Solido
175	249	240	Solido
172	244	235	Solido
159	219	207	Solido
157	220	201	Solido
171	242	237	Solido
154	215	173	Solido
158	223	217	Solido
172	242	238	Solido
165	236	232	Solido
162	225	225	Solido
171	241	238	Solido
183	254	246	Solido
44	75	106	Solido
159	227	216	Solido
175	246	243	Solido
168	237	219	Solido
157	228	222	Solido
171	236	235	Solido
177	250	245	Solido
90	141	143	Solido
83	125	141	Solido
175	245	241	Solido
159	223	216	Solido
99	143	124	Solido
171	241	236	Solido
174	248	237	Solido
133	184	154	Solido
161	232	227	Solido
149	213	198	Solido
157	224	221	Solido
148	208	195	Solido
128	181	176	Solido
119	177	182	Solido
159	227	223	Solido
110	161	140	Solido
161	226	226	Solido
176	249	242	Solido
163	232	224	Solido
164	228	230	Solido
142	199	178	Solido
151	215	216	Solido
161	232	229	Solido
174	246	233	Solido
59	94	108	Solido
176	246	236	Solido
133	189	177	Solido
160	221	187	Solido
166	237	229	Solido
164	235	235	Solido
168	237	232	Solido
157	225	218	Solido
138	199	171	Solido
46	86	81	Solido
165	232	227	Solido
145	203	201	Solido
167	240	229	Solido
159	224	220	Solido
121	180	172	Solido
173	247	240	Solido
170	239	239	Solido
158	226	215	Solido
177	242	234	Solido
148	210	187	Solido
159	228	220	Solido
172	243	230	Solido
38	71	94	Solido
175	245	232	Solido
170	241	232	Solido
169	239	232	Solido
179	252	244	Solido
169	240	235	Solido
166	236	226	Solido
158	222	218	Solido
161	228	224	Solido
175	248	242	Solido
175	249	244	Solido
125	183	179	Solido
165	229	230	Solido
171	235	233	Solido
175	248	244	Solido
164	221	227	Solido
161	231	223	Solido
171	242	239	Solido
171	243	234	Solido
173	243	235	Solido
90	139	120	Solido
161	233	227	Solido
154	227	220	Solido
163	235	226	Solido
173	243	236	Solido
159	231	224	Solido
151	219	212	Solido
181	254	238	Solido
164	236	229	Solido
173	246	243	Solido
111	161	159	Solido
177	249	245	Solido
177	248	245	Solido
167	237	225	Solido
123	173	144	Solido
147	203	190	Solido
175	248	243	Solido
167	230	218	Solido
89	136	130	Solido
117	161	158	Solido
163	233	230	Solido
174	243	240	Solido
79	114	103	Solido
175	247	233	Solido
94	136	167	Solido
154	220	216	Solido
179	250	242	Solido
167	228	226	Solido
157	226	218	Solido
164	231	226	Solido
159	224	224	Solido
129	184	173	Solido
141	204	189	Solido
135	200	198	Solido
157	226	218	Solido
150	210	197	Solido
178	247	236	Solido
170	243	236	Solido
156	220	213	Solido
163	225	222	Solido
135	194	179	Solido
77	118	105	Solido
169	239	237	Solido
166	237	227	Solido
156	226	219	Solido
170	240	237	Solido
173	245	242	Solido
173	239	240	Solido
174	245	244	Solido
158	221	224	Solido
155	222	220	Solido
173	245	239	Solido
171	245	233	Solido
119	175	168	Solido
176	239	232	Solido
96	161	163	Solido
167	231	235	Solido
172	244	242	Solido
177	249	244	Solido
165	229	210	Solido
169	236	225	Solido
90	125	102	Solido
163	238	229	Solido
145	207	186	Solido
145	202	199	Solido
173	244	240	Solido
165	229	218	Solido
164	233	223	Solido
115	171	162	Solido
153	213	205	Solido
163	228	223	Solido
98	150	143	Solido
171	242	231	Solido
171	237	237	Solido
156	222	219	Solido
98	146	144	Solido
138	197	198	Solido
161	223	200	Solido
174	248	245	Solido
165	237	230	Solido
53	96	88	Solido
128	182	166	Solido
169	233	222	Solido
161	226	220	Solido
118	171	135	Solido
168	240	236	Solido
169	241	235	Solido
170	242	235	Solido
164	234	225	Solido
169	230	227	Solido
155	215	218	Solido
140	194	180	Solido
158	217	206	Solido
141	191	155	Solido
139	206	216	Solido
156	221	215	Solido
160	221	216	Solido
175	245	244	Solido
134	192	185	Solido
165	239	228	Solido
155	216	213	Solido
159	230	228	Solido
156	223	223	Solido
108	159	157	Solido
171	243	241	Solido
157	226	223	Solido
138	196	179	Solido
112	160	165	Solido
132	182	161	Solido
148	214	211	Solido
168	239	235	Solido
153	214	195	Solido
174	248	240	Solido
148	211	203	Solido
171	244	240	Solido
177	242	232	Solido
173	245	241	Solido
162	225	223	Solido
174	238	234	Solido
159	225	225	Solido
160	226	217	Solido
175	240	237	Solido
171	244	240	Solido
174	251	243	Solido
166	237	227	Solido
140	198	180	Solido
163	231	226	Solido
157	220	218	Solido
109	165	159	Solido
133	185	162	Solido
149	212	207	Solido
169	229	231	Solido
166	234	222	Solido
159	221	210	Solido
149	207	204	Solido
146	208	200	Solido
159	228	221	Solido
114	167	145	Solido
159	228	223	Solido
177	241	214	Solido
175	246	242	Solido
166	233	227	Solido
163	223	221	Solido
162	230	227	Solido
142	200	197	Solido
168	229	230	Solido
173	246	234	Solido
170	237	238	Solido
123	165	135	Solido
173	236	232	Solido
176	247	230	Solido
172	244	234	Solido
161	221	210	Solido
164	235	231	Solido
159	228	228	Solido
140	198	198	Solido
174	246	240	Solido
178	252	241	Solido
179	251	246	Solido
173	245	240	Solido
174	248	238	Solido
158	226	216	Solido
158	223	215	Solido
124	180	159	Solido
130	179	143	Solido
176	246	243	Solido
81	139	159	Solido
159	232	224	Solido
86	129	143	Solido
175	249	240	Solido
142	205	204	Solido
166	237	234	Solido
153	215	209	Solido
156	223	217	Solido
161	228	216	Solido
86	133	136	Solido
172	243	240	Solido
174	247	243	Solido
179	253	250	Solido
85	137	109	Solido
145	207	176	Solido
51	88	97	Solido
171	244	236	Solido
137	196	190	Solido
166	234	226	Solido
77	122	96	Solido
151	211	198	Solido
155	210	194	Solido
141	200	189	Solido
137	185	177	Solido
118	173	137	Solido
116	166	160	Solido
159	226	215	Solido
134	192	187	Solido
174	248	240	Solido
138	195	189	Solido
165	228	229	Solido
170	232	227	Solido
154	213	216	Solido
159	221	223	Solido
171	235	233	Solido
153	215	212	Solido
106	156	157	Solido
172	242	236	Solido
151	209	204	Solido
88	133	126	Solido
115	170	173	Solido
131	191	173	Solido
118	171	171	Solido
157	226	224	Solido
176	248	242	Solido
158	223	218	Solido
153	221	218	Solido
157	218	218	Solido
165	228	223	Solido
72	117	118	Solido
148	205	207	Solido
167	230	224	Solido
137	194	185	Solido
171	243	234	Solido
163	233	223	Solido
163	227	209	Solido
163	231	225	Solido
141	195	194	Solido
161	229	227	Solido
159	230	224	Solido
113	169	159	Solido
162	233	226	Solido
166	237	231	Solido
177	251	243	Solido
164	234	226	Solido
112	167	157	Solido
139	190	192	Solido
161	230	228	Solido
145	209	195	Solido
167	238	233	Solido
158	222	218	Solido
17	46	85	Solido
170	240	232	Solido
177	249	240	Solido
169	239	229	Solido
144	202	195	Solido
158	225	214	Solido
168	240	238	Solido
161	229	226	Solido
172	248	243	Solido
149	211	201	Solido
173	246	243	Solido
170	234	232	Solido
165	236	234	Solido
158	223	220	Solido
166	233	222	Solido
147	212	205	Solido
158	223	201	Solido
137	191	169	Solido
160	228	225	Solido
149	216	214	Solido
58	100	97	Solido
174	246	243	Solido
98	151	157	Solido
76	109	99	Solido
171	244	241	Solido
170	242	230	Solido
139	197	180	Solido
172	242	237	Solido
165	235	227	Solido
172	243	237	Solido
157	227	227	Solido
168	242	235	Solido
160	221	215	Solido
165	233	227	Solido
161	230	226	Solido
180	251	244	Solido
80	126	147	Solido
130	197	200	Solido
144	197	181	Solido
177	250	247	Solido
88	130	124	Solido
173	237	220	Solido
142	196	186	Solido
165	235	229	Solido
114	168	161	Solido
171	241	232	Solido
173	244	240	Solido
111	168	158	Solido
170	239	234	Solido
17	46	83	Solido
142	207	197	Solido
164	234	232	Solido
151	212	201	Solido
159	228	225	Solido
132	199	193	Solido
169	231	232	Solido
120	183	178	Solido
166	237	233	Solido
171	235	225	Solido
172	234	231	Solido
149	209	192	Solido
174	247	243	Solido
159	229	229	Solido
136	187	179	Solido
166	235	229	Solido
173	245	242	Solido
170	241	238	Solido
148	205	185	Solido
156	222	223	Solido
126	181	178	Solido
157	227	222	Solido
149	214	201	Solido
168	237	229	Solido
176	249	243	Solido
119	172	167	Solido
110	163	166	Solido
164	230	220	Solido
174	245	233	Solido
161	233	227	Solido
125	180	162	Solido
177	249	244	Solido
164	231	222	Solido
104	150	122	Solido
110	159	154	Solido
100	149	158	Solido
167	239	234	Solido
109	164	163	Solido
173	244	240	Solido
158	220	195	Solido
124	172	148	Solido
149	219	215	Solido
157	217	208	Solido
146	197	158	Solido
143	200	195	Solido
99	144	124	Solido
148	205	179	Solido
158	224	214	Solido
160	225	219	Solido
159	225	220	Solido
164	237	230	Solido
128	184	184	Solido
159	220	221	Solido
129	188	182	Solido
163	233	226	Solido
174	245	243	Solido
172	246	241	Solido
138	197	181	Solido
154	213	218	Solido
183	254	228	Solido
165	234	226	Solido
121	174	156	Solido
159	230	225	Solido
147	208	212	Solido
152	212	218	Solido
165	233	221	Solido
157	224	219	Solido
137	197	185	Solido
154	215	218	Solido
159	229	218	Solido
131	188	173	Solido
136	193	183	Solido
113	161	158	Solido
175	248	241	Solido
161	228	229	Solido
119	180	169	Solido
89	132	124	Solido
58	92	88	Solido
163	231	227	Solido
129	187	176	Solido
97	148	120	Solido
127	189	201	Solido
150	207	201	Solido
137	191	184	Solido
148	214	211	Solido
173	239	230	Solido
167	239	236	Solido
172	241	219	Solido
169	232	230	Solido
164	226	224	Solido
173	244	242	Solido
170	233	230	Solido
152	215	214	Solido
157	223	223	Solido
165	238	231	Solido
154	214	212	Solido
104	154	152	Solido
173	243	236	Solido
168	231	230	Solido
172	248	243	Solido
161	233	229	Solido
155	217	213	Solido
133	189	187	Solido
126	184	156	Solido
144	209	195	Solido
165	230	228	Solido
145	206	191	Solido
173	237	229	Solido
172	244	230	Solido
177	249	244	Solido
169	235	232	Solido
174	243	203	Solido
147	206	195	Solido
173	245	230	Solido
109	159	138	Solido
173	243	240	Solido
155	225	219	Solido
158	221	218	Solido
157	209	217	Solido
159	218	220	Solido
171	232	232	Solido
168	241	239	Solido
167	229	226	Solido
127	181	157	Solido
160	230	224	Solido
147	208	202	Solido
176	239	216	Solido
170	241	237	Solido
175	246	243	Solido
160	230	224	Solido
169	237	219	Solido
154	217	202	Solido
150	207	185	Solido
164	235	237	Solido
167	239	226	Solido
173	244	237	Solido
167	227	226	Solido
49	85	84	Solido
179	253	244	Solido
169	242	237	Solido
137	191	161	Solido
167	239	236	Solido
175	246	236	Solido
162	231	219	Solido
146	203	184	Solido
157	224	213	Solido
168	240	233	Solido
145	207	210	Solido
175	245	243	Solido
155	223	216	Solido
156	219	215	Solido
156	228	219	Solido
178	249	237	Solido
116	171	172	Solido
167	235	228	Solido
143	206	204	Solido
105	152	146	Solido
164	229	225	Solido
162	231	230	Solido
157	224	204	Solido
158	221	223	Solido
165	234	227	Solido
150	214	214	Solido
163	226	221	Solido
162	231	227	Solido
162	226	216	Solido
127	186	177	Solido
171	242	231	Solido
170	242	233	Solido
48	82	106	Solido
159	223	218	Solido
169	241	220	Solido
158	222	215	Solido
170	242	238	Solido
135	191	196	Solido
73	114	99	Solido
166	232	225	Solido
158	227	222	Solido
170	240	238	Solido
141	199	170	Solido
130	189	179	Solido
158	227	223	Solido
110	160	142	Solido
163	226	217	Solido
171	243	240	Solido
168	237	229	Solido
137	189	161	Solido
164	230	216	Solido
164	226	217	Solido
170	232	234	Solido
153	219	211	Solido
163	233	223	Solido
111	162	155	Solido
144	206	169	Solido
160	224	221	Solido
122	179	167	Solido
175	244	237	Solido
181	251	228	Solido
179	250	245	Solido
161	227	221	Solido
157	216	196	Solido
166	234	226	Solido
166	227	225	Solido
137	200	190	Solido
169	233	219	Solido
173	239	234	Solido
177	248	246	Solido
176	248	243	Solido
151	207	205	Solido
159	221	224	Solido
137	190	178	Solido
47	80	89	Solido
167	230	215	Solido
161	222	211	Solido
167	231	231	Solido
166	231	222	Solido
137	200	206	Solido
158	222	217	Solido
118	171	160	Solido
124	179	166	Solido
171	242	234	Solido
164	234	226	Solido
175	246	243	Solido
174	246	241	Solido
158	227	223	Solido
160	220	223	Solido
161	230	223	Solido
161	229	224	Solido
158	227	222	Solido
173	245	225	Solido
164	226	226	Solido
138	197	197	Solido
105	157	167	Solido
171	242	236	Solido
164	232	226	Solido
165	235	229	Solido
137	198	177	Solido
175	246	219	Solido
154	212	200	Solido
173	246	242	Solido
155	221	214	Solido
168	237	223	Solido
173	244	241	Solido
157	213	175	Solido
172	244	238	Solido
160	232	227	Solido
164	232	230	Solido
179	252	243	Solido
44	97	128	Solido
148	205	214	Solido
164	234	228	Solido
159	226	214	Solido
167	238	234	Solido
170	240	239	Solido
157	225	225	Solido
114	157	131	Solido
142	209	207	Solido
174	241	237	Solido
167	227	225	Solido
167	235	226	Solido
171	240	231	Solido
171	242	231	Solido
159	223	224	Solido
173	247	240	Solido
110	164	130	Solido
156	216	212	Solido
160	230	222	Solido
130	187	181	Solido
156	219	224	Solido
123	182	172	Solido
103	156	144	Solido
142	204	204	Solido
171	239	204	Solido
163	233	225	Solido
171	236	236	Solido
126	178	154	Solido
149	207	203	Solido
168	233	204	Solido
163	225	225	Solido
163	224	227	Solido
153	216	202	Solido
170	239	230	Solido
176	250	237	Solido
137	196	188	Solido
145	208	205	Solido
145	211	197	Solido
171	241	242	Solido
159	224	219	Solido
158	226	214	Solido
156	215	168	Solido
170	243	238	Solido
173	242	239	Solido
167	235	232	Solido
158	226	221	Solido
157	219	217	Solido
171	240	233	Solido
161	229	216	Solido
169	236	225	Solido
53	92	95	Solido
165	236	231	Solido
161	229	222	Solido
83	131	145	Solido
154	216	212	Solido
144	205	203	Solido
120	171	166	Solido
173	246	242	Solido
170	238	232	Solido
173	246	242	Solido
168	238	231	Solido
167	237	230	Solido
154	215	192	Solido
168	243	241	Solido
173	236	235	Solido
153	215	203	Solido
83	119	98	Solido
127	180	175	Solido
171	244	242	Solido
151	209	190	Solido
166	233	231	Solido
143	197	181	Solido
177	249	244	Solido
176	236	233	Solido
164	234	229	Solido
141	198	194	Solido
173	246	243	Solido
170	240	234	Solido
154	218	215	Solido
171	242	239	Solido
109	155	140	Solido
160	228	222	Solido
172	243	240	Solido
88	142	145	Solido
168	238	235	Solido
175	248	234	Solido
143	204	192	Solido
110	159	152	Solido
162	228	227	Solido
167	241	234	Solido
169	241	235	Solido
171	234	227	Solido
126	177	171	Solido
114	167	155	Solido
166	227	228	Solido
169	236	230	Solido
166	230	227	Solido
161	226	226	Solido
137	191	175	Solido
159	222	223	Solido
175	248	245	Solido
120	174	185	Solido
173	247	241	Solido
74	124	120	Solido
132	191	194	Solido
102	142	156	Solido
169	238	232	Solido
175	247	239	Solido
170	244	238	Solido
163	235	227	Solido
154	218	210	Solido
98	158	167	Solido
128	191	180	Solido
152	221	219	Solido
113	161	148	Solido
61	89	87	Solido
170	232	205	Solido
119	168	147	Solido
158	222	197	Solido
151	216	213	Solido
175	248	243	Solido
163	233	222	Solido
173	246	243	Solido
178	243	226	Solido
160	230	220	Solido
149	211	183	Solido
155	220	224	Solido
177	249	246	Solido
163	236	230	Solido
173	246	244	Solido
178	249	232	Solido
169	239	229	Solido
118	167	158	Solido
155	224	218	Solido
163	226	225	Solido
160	230	215	Solido
172	244	240	Solido
162	228	220	Solido
170	235	225	Solido
148	205	202	Solido
151	219	202	Solido
83	135	146	Solido
165	233	228	Solido
155	223	221	Solido
158	222	213	Solido
169	233	229	Solido
175	248	243	Solido
118	173	175	Solido
164	232	224	Solido
169	238	235	Solido
164	226	201	Solido
167	229	232	Solido
171	245	231	Solido
175	247	245	Solido
116	175	173	Solido
164	233	227	Solido
138	201	193	Solido
169	232	227	Solido
128	182	171	Solido
161	225	227	Solido
172	246	238	Solido
60	97	102	Solido
77	123	148	Solido
181	254	235	Solido
78	110	129	Solido
166	240	233	Solido
174	235	218	Solido
166	234	226	Solido
171	246	229	Solido
177	249	245	Solido
177	250	247	Solido
138	196	189	Solido
87	138	147	Solido
111	165	160	Solido
138	195	180	Solido
161	227	219	Solido
170	243	236	Solido
165	235	224	Solido
97	137	160	Solido
157	225	219	Solido
171	242	239	Solido
157	225	218	Solido
169	241	229	Solido
162	231	222	Solido
170	241	235	Solido
158	213	188	Solido
175	248	243	Solido
165	231	215	Solido
175	247	238	Solido
180	244	221	Solido
151	206	185	Solido
172	239	237	Solido
178	250	242	Solido
169	243	233	Solido
163	228	220	Solido
175	248	240	Solido
163	229	227	Solido
151	220	216	Solido
160	218	181	Solido
158	228	223	Solido
164	236	226	Solido
163	230	229	Solido
173	244	233	Solido
123	181	190	Solido
155	220	220	Solido
166	237	232	Solido
157	215	211	Solido
169	234	231	Solido
159	226	222	Solido
157	225	221	Solido
175	249	241	Solido
159	224	216	Solido
151	217	215	Solido
162	229	226	Solido
147	210	194	Solido
127	177	149	Solido
156	223	216	Solido
69	112	103	Solido
164	237	231	Solido
144	208	206	Solido
169	241	236	Solido
161	227	222	Solido
132	187	173	Solido
171	243	237	Solido
161	230	217	Solido
167	236	228	Solido
167	238	230	Solido
179	251	249	Solido
161	228	227	Solido
147	210	209	Solido
161	233	226	Solido
156	219	193	Solido
169	230	231	Solido
167	233	230	Solido
157	218	204	Solido
96	144	133	Solido
128	195	179	Solido
132	197	191	Solido
168	233	231	Solido
167	239	234	Solido
59	98	97	Solido
154	217	221	Solido
163	222	228	Solido
125	180	162	Solido
119	175	172	Solido
91	139	129	Solido
173	244	235	Solido
169	238	226	Solido
178	250	244	Solido
159	227	221	Solido
146	210	201	Solido
166	225	203	Solido
81	119	91	Solido
137	191	180	Solido
61	95	87	Solido
158	227	221	Solido
134	191	191	Solido
158	222	223	Solido
162	228	214	Solido
167	238	233	Solido
185	254	249	Solido
167	229	231	Solido
170	238	221	Solido
165	231	228	Solido
160	224	218	Solido
47	94	119	Solido
149	214	206	Solido
162	232	228	Solido
167	231	225	Solido
87	132	138	Solido
128	181	152	Solido
136	188	166	Solido
122	182	153	Solido
170	236	230	Solido
81	117	98	Solido
155	218	207	Solido
139	197	192	Solido
137	187	193	Solido
112	167	176	Solido
169	238	228	Solido
52	83	78	Solido
143	200	197	Solido
118	173	180	Solido
129	182	179	Solido
166	235	233	Solido
151	216	198	Solido
172	245	241	Solido
171	238	228	Solido
117	170	150	Solido
134	186	180	Solido
97	142	143	Solido
173	245	231	Solido
171	237	236	Solido
166	232	230	Solido
162	231	225	Solido
175	249	241	Solido
163	228	221	Solido
168	236	230	Solido
144	215	201	Solido
169	239	236	Solido
169	232	231	Solido
180	247	236	Solido
79	121	104	Solido
130	186	175	Solido
171	241	233	Solido
156	221	203	Solido
117	166	146	Solido
138	196	176	Solido
158	216	221	Solido
146	202	187	Solido
129	187	161	Solido
127	176	156	Solido
176	249	245	Solido
157	222	199	Solido
169	242	235	Solido
112	163	169	Solido
162	230	225	Solido
85	128	141	Solido
176	251	245	Solido
140	199	186	Solido
137	190	195	Solido
162	235	226	Solido
163	229	224	Solido
145	197	160	Solido
110	161	153	Solido
147	205	202	Solido
156	219	220	Solido
133	188	190	Solido
111	157	163	Solido
154	223	221	Solido
127	181	163	Solido
177	239	239	Solido
169	239	234	Solido
149	217	215	Solido
151	220	214	Solido
95	137	142	Solido
161	231	224	Solido
124	179	177	Solido
170	244	237	Solido
159	229	216	Solido
90	134	137	Solido
162	234	227	Solido
144	196	176	Solido
79	130	124	Solido
174	248	243	Solido
127	177	171	Solido
161	229	228	Solido
165	235	227	Solido
132	181	156	Solido
176	250	244	Solido
163	233	226	Solido
149	212	213	Solido
175	247	243	Solido
138	198	188	Solido
87	128	128	Solido
170	241	231	Solido
148	212	196	Solido
63	97	103	Solido
108	161	150	Solido
117	168	171	Solido
165	234	234	Solido
162	231	227	Solido
159	227	227	Solido
169	240	234	Solido
157	216	182	Solido
147	206	209	Solido
158	220	222	Solido
153	211	210	Solido
78	119	121	Solido
151	211	205	Solido
164	229	226	Solido
143	202	191	Solido
160	232	222	Solido
135	192	191	Solido
125	183	171	Solido
171	238	231	Solido
137	204	205	Solido
145	213	215	Solido
163	231	225	Solido
155	215	203	Solido
119	169	157	Solido
177	251	244	Solido
159	218	194	Solido
86	135	111	Solido
170	243	236	Solido
173	235	231	Solido
145	209	206	Solido
163	233	226	Solido
174	238	235	Solido
170	239	235	Solido
171	243	241	Solido
125	174	165	Solido
161	226	217	Solido
133	192	187	Solido
171	238	230	Solido
160	224	218	Solido
175	249	243	Solido
117	171	167	Solido
171	239	230	Solido
105	154	140	Solido
102	155	156	Solido
155	219	217	Solido
168	242	233	Solido
160	219	203	Solido
170	233	231	Solido
175	248	242	Solido
114	163	155	Solido
95	137	117	Solido
158	220	220	Solido
172	246	236	Solido
171	243	229	Solido
159	218	199	Solido
163	232	227	Solido
163	231	226	Solido
175	238	229	Solido
152	207	175	Solido
151	214	195	Solido
103	157	157	Solido
159	230	225	Solido
155	219	200	Solido
165	236	224	Solido
146	213	210	Solido
165	227	225	Solido
157	218	216	Solido
55	91	115	Solido
172	240	233	Solido
173	246	240	Solido
110	154	133	Solido
167	239	230	Solido
149	206	209	Solido
110	156	157	Solido
173	245	237	Solido
158	226	229	Solido
156	224	204	Solido
179	249	239	Solido
155	217	211	Solido
114	157	164	Solido
153	218	216	Solido
171	243	240	Solido
137	202	206	Solido
104	152	146	Solido
155	218	218	Solido
175	248	244	Solido
180	247	216	Solido
168	231	231	Solido
170	240	219	Solido
166	235	227	Solido
166	237	226	Solido
153	217	210	Solido
173	247	244	Solido
160	229	226	Solido
153	211	185	Solido
111	173	177	Solido
139	208	202	Solido
174	246	240	Solido
169	241	237	Solido
175	249	239	Solido
103	150	137	Solido
158	225	220	Solido
159	224	212	Solido
175	250	240	Solido
169	235	231	Solido
115	165	135	Solido
177	249	244	Solido
173	244	236	Solido
145	201	183	Solido
128	178	155	Solido
159	221	220	Solido
137	196	174	Solido
157	223	217	Solido
168	241	231	Solido
145	206	204	Solido
108	160	153	Solido
175	244	242	Solido
159	231	223	Solido
156	223	220	Solido
172	241	242	Solido
119	165	165	Solido
159	228	222	Solido
175	246	244	Solido
149	213	197	Solido
167	240	232	Solido
85	127	135	Solido
111	158	153	Solido
158	227	223	Solido
172	241	241	Solido
153	219	218	Solido
132	194	186	Solido
109	155	142	Solido
133	188	172	Solido
175	247	238	Solido
161	232	223	Solido
165	232	230	Solido
165	229	220	Solido
67	100	92	Solido
159	229	219	Solido
169	242	234	Solido
137	195	177	Solido
137	193	166	Solido
171	234	230	Solido
169	237	232	Solido
122	176	181	Solido
155	223	220	Solido
146	203	197	Solido
154	218	215	Solido
177	249	239	Solido
175	240	227	Solido
154	219	204	Solido
149	207	196	Solido
125	175	168	Solido
78	117	126	Solido
160	231	224	Solido
144	202	188	Solido
132	187	157	Solido
167	228	229	Solido
175	249	240	Solido
154	216	216	Solido
63	106	124	Solido
161	222	222	Solido
153	219	220	Solido
138	191	183	Solido
82	121	106	Solido
157	225	217	Solido
172	235	231	Solido
133	188	168	Solido
123	177	175	Solido
174	245	234	Solido
163	233	221	Solido
159	226	219	Solido
129	176	151	Solido
161	231	228	Solido
161	226	227	Solido
175	248	228	Solido
160	221	219	Solido
137	197	181	Solido
142	205	196	Solido
167	232	229	Solido
159	227	224	Solido
163	228	224	Solido
105	159	153	Solido
151	216	198	Solido
157	219	212	Solido
174	242	240	Solido
167	237	237	Solido
154	223	216	Solido
165	235	227	Solido
173	245	242	Solido
144	203	162	Solido
175	242	242	Solido
157	217	215	Solido
169	239	234	Solido
143	206	198	Solido
116	172	169	Solido
134	191	175	Solido
163	230	224	Solido
152	217	214	Solido
173	248	238	Solido
143	204	168	Solido
169	240	234	Solido
174	237	236	Solido
148	207	208	Solido
147	204	197	Solido
174	246	240	Solido
156	224	221	Solido
125	179	169	Solido
165	238	226	Solido
146	207	195	Solido
174	248	242	Solido
115	163	161	Solido
99	148	143	Solido
172	245	235	Solido
165	228	223	Solido
52	96	93	Solido
163	226	217	Solido
157	220	202	Solido
131	185	176	Solido
108	168	192	Solido
165	236	228	Solido
161	228	227	Solido
167	239	232	Solido
175	248	245	Solido
144	212	196	Solido
155	220	224	Solido
120	176	168	Solido
135	187	185	Solido
169	242	233	Solido
168	238	229	Solido
174	246	245	Solido
147	209	193	Solido
158	231	214	Solido
118	170	158	Solido
108	159	135	Solido
168	237	234	Solido
169	237	218	Solido
150	211	204	Solido
157	221	208	Solido
168	241	236	Solido
155	223	220	Solido
159	228	222	Solido
161	227	221	Solido
161	228	227	Solido
158	219	200	Solido
127	179	173	Solido
164	217	226	Solido
133	192	178	Solido
171	243	238	Solido
174	246	240	Solido
167	238	238	Solido
167	234	224	Solido
171	245	235	Solido
170	244	242	Solido
160	224	226	Solido
167	237	233	Solido
163	226	222	Solido
165	237	229	Solido
179	243	207	Solido
169	241	231	Solido
103	150	134	Solido
107	160	156	Solido
167	228	215	Solido
173	246	240	Solido
145	206	209	Solido
171	242	239	Solido
161	228	219	Solido
153	220	215	Solido
154	217	220	Solido
170	234	233	Solido
160	231	227	Solido
179	252	233	Solido
129	189	174	Solido
163	236	232	Solido
159	220	220	Solido
177	250	244	Solido
130	184	168	Solido
160	232	220	Solido
171	242	228	Solido
161	229	222	Solido
66	102	111	Solido
157	216	213	Solido
169	240	238	Solido
172	245	239	Solido
149	206	201	Solido
151	213	209	Solido
171	241	238	Solido
156	226	220	Solido
161	222	211	Solido
168	232	237	Solido
161	231	226	Solido
142	204	201	Solido
135	191	196	Solido
175	247	240	Solido
173	246	242	Solido
112	161	156	Solido
156	214	212	Solido
147	207	200	Solido
161	230	226	Solido
164	231	232	Solido
139	202	195	Solido
169	240	234	Solido
180	252	248	Solido
175	239	235	Solido
171	243	237	Solido
161	223	222	Solido
149	203	183	Solido
171	243	242	Solido
167	236	234	Solido
175	248	243	Solido
172	234	235	Solido
174	244	243	Solido
164	234	227	Solido
149	208	216	Solido
163	235	224	Solido
163	234	223	Solido
125	175	173	Solido
170	243	238	Solido
183	254	246	Solido
160	229	230	Solido
165	232	232	Solido
170	241	230	Solido
147	204	191	Solido
164	231	226	Solido
165	233	223	Solido
171	245	239	Solido
177	246	241	Solido
172	245	240	Solido
153	221	215	Solido
156	221	216	Solido
97	136	133	Solido
159	226	219	Solido
90	147	144	Solido
157	226	219	Solido
99	144	133	Solido
135	189	184	Solido
135	192	203	Solido
40	74	79	Solido
166	232	232	Solido
57	91	81	Solido
173	246	245	Solido
179	253	244	Solido
162	229	223	Solido
144	198	182	Solido
142	198	187	Solido
167	232	230	Solido
168	231	230	Solido
157	226	221	Solido
175	245	239	Solido
148	211	207	Solido
175	244	240	Solido
153	216	201	Solido
162	224	201	Solido
166	233	220	Solido
130	184	171	Solido
175	246	245	Solido
173	246	240	Solido
95	133	122	Solido
157	226	221	Solido
153	224	221	Solido
152	211	195	Solido
173	243	235	Solido
163	225	225	Solido
175	247	237	Solido
179	247	229	Solido
169	242	237	Solido
171	243	239	Solido
131	197	184	Solido
173	246	232	Solido
142	202	179	Solido
152	210	205	Solido
171	245	237	Solido
157	224	219	Solido
107	155	144	Solido
173	246	243	Solido
107	158	157	Solido
128	186	178	Solido
173	245	242	Solido
163	230	221	Solido
178	251	235	Solido
177	248	239	Solido
176	249	240	Solido
174	246	237	Solido
175	239	233	Solido
159	229	222	Solido
162	233	224	Solido
170	242	237	Solido
33	63	100	Solido
171	243	234	Solido
124	182	175	Solido
171	232	233	Solido
130	188	177	Solido
177	250	242	Solido
116	168	181	Solido
164	228	223	Solido
166	236	233	Solido
181	253	248	Solido
172	244	242	Solido
167	237	229	Solido
137	192	185	Solido
74	110	99	Solido
151	216	189	Solido
137	202	201	Solido
165	227	227	Solido
172	243	239	Solido
133	186	176	Solido
81	121	125	Solido
168	242	234	Solido
132	188	175	Solido
171	241	233	Solido
186	254	253	Solido
159	231	228	Solido
141	194	172	Solido
171	244	239	Solido
169	241	233	Solido
163	226	228	Solido
167	226	221	Solido
171	243	234	Solido
165	229	228	Solido
149	216	217	Solido
179	252	247	Solido
163	231	224	Solido
167	239	230	Solido
170	238	204	Solido
167	233	235	Solido
157	216	214	Solido
174	245	233	Solido
188	254	240	Solido
175	239	236	Solido
158	228	225	Solido
168	240	237	Solido
170	243	232	Solido
63	104	108	Solido
161	228	225	Solido
107	158	167	Solido
151	212	207	Solido
164	231	226	Solido
166	236	232	Solido
157	225	219	Solido
163	225	204	Solido
157	219	216	Solido
165	234	231	Solido
129	182	165	Solido
169	233	220	Solido
153	217	184	Solido
106	152	155	Solido
174	248	241	Solido
107	155	147	Solido
164	234	229	Solido
160	231	225	Solido
153	214	203	Solido
166	228	232	Solido
132	187	176	Solido
123	179	174	Solido
168	238	232	Solido
172	243	237	Solido
159	230	223	Solido
175	246	244	Solido
172	243	240	Solido
163	234	226	Solido
164	234	227	Solido
103	155	154	Solido
168	231	226	Solido
171	236	237	Solido
111	162	139	Solido
161	219	221	Solido
156	224	223	Solido
165	234	227	Solido
157	228	222	Solido
159	226	223	Solido
143	203	188	Solido
176	249	226	Solido
169	239	236	Solido
121	181	175	Solido
162	230	218	Solido
165	227	225	Solido
177	251	247	Solido
177	248	239	Solido
158	222	224	Solido
169	239	233	Solido
155	223	218	Solido
175	244	244	Solido
169	237	230	Solido
173	242	219	Solido
67	101	89	Solido
155	224	222	Solido
142	206	208	Solido
161	221	220	Solido
52	113	134	Solido
156	222	222	Solido
128	185	174	Solido
121	177	165	Solido
98	149	155	Solido
168	240	239	Solido
146	206	194	Solido
169	240	233	Solido
165	227	204	Solido
167	237	229	Solido
161	230	226	Solido
166	236	235	Solido
