53	120	179	Poro
28	107	187	Poro
31	87	154	Poro
69	145	194	Poro
31	87	145	Poro
33	92	147	Poro
45	87	105	Poro
59	138	183	Poro
39	121	199	Poro
39	96	146	Poro
41	114	183	Poro
37	121	200	Poro
74	130	170	Poro
39	124	192	Poro
41	123	205	Poro
24	91	157	Poro
36	104	165	Poro
39	113	181	Poro
47	128	191	Poro
38	116	167	Poro
38	119	188	Poro
41	123	189	Poro
32	101	159	Poro
36	120	187	Poro
45	118	174	Poro
45	129	203	Poro
142	213	212	Poro
35	117	192	Poro
49	82	90	Poro
84	139	168	Poro
36	112	182	Poro
35	116	195	Poro
26	81	141	Poro
70	136	152	Poro
37	101	157	Poro
46	108	155	Poro
38	124	203	Poro
36	101	169	Poro
48	129	180	Poro
50	133	209	Poro
67	146	192	Poro
31	111	181	Poro
47	131	197	Poro
31	106	189	Poro
61	147	193	Poro
52	132	186	Poro
64	102	102	Poro
32	97	165	Poro
52	126	178	Poro
51	136	185	Poro
50	131	192	Poro
31	112	196	Poro
36	120	193	Poro
49	136	200	Poro
59	143	196	Poro
42	125	204	Poro
45	126	196	Poro
42	110	180	Poro
61	135	179	Poro
48	131	201	Poro
35	119	198	Poro
37	122	196	Poro
53	135	187	Poro
56	124	175	Poro
26	93	162	Poro
52	110	162	Poro
49	87	99	Poro
42	123	198	Poro
75	145	190	Poro
30	106	166	Poro
67	148	188	Poro
36	101	166	Poro
27	108	177	Poro
41	122	200	Poro
52	119	144	Poro
29	102	174	Poro
83	163	203	Poro
40	123	209	Poro
42	118	189	Poro
37	121	188	Poro
41	126	194	Poro
43	128	195	Poro
38	118	189	Poro
36	119	183	Poro
33	110	171	Poro
53	126	190	Poro
31	108	175	Poro
35	94	139	Poro
43	119	187	Poro
36	111	170	Poro
36	121	200	Poro
39	119	196	Poro
37	118	195	Poro
43	131	206	Poro
10	59	133	Poro
37	117	191	Poro
84	150	164	Poro
45	122	190	Poro
53	132	184	Poro
40	123	198	Poro
61	148	193	Poro
43	128	214	Poro
45	115	159	Poro
54	120	154	Poro
37	120	191	Poro
41	125	202	Poro
32	105	172	Poro
41	107	136	Poro
46	127	198	Poro
37	92	152	Poro
39	123	202	Poro
67	147	187	Poro
39	123	198	Poro
45	124	191	Poro
35	103	172	Poro
34	114	176	Poro
153	222	218	Poro
39	115	173	Poro
46	125	199	Poro
42	75	93	Poro
29	83	144	Poro
42	122	192	Poro
46	126	193	Poro
50	137	200	Poro
36	117	202	Poro
38	121	205	Poro
58	143	200	Poro
70	151	183	Poro
41	110	172	Poro
60	143	201	Poro
41	119	197	Poro
64	131	164	Poro
24	90	140	Poro
36	118	189	Poro
43	112	160	Poro
64	128	169	Poro
140	204	198	Poro
36	110	169	Poro
41	119	201	Poro
39	122	196	Poro
38	97	142	Poro
37	114	187	Poro
36	124	202	Poro
38	101	138	Poro
28	101	163	Poro
47	122	174	Poro
28	99	180	Poro
59	131	185	Poro
35	120	199	Poro
37	117	198	Poro
41	125	191	Poro
28	90	153	Poro
37	110	167	Poro
35	115	195	Poro
39	115	185	Poro
35	104	167	Poro
33	113	184	Poro
52	137	202	Poro
35	86	140	Poro
87	156	177	Poro
164	237	227	Poro
45	130	199	Poro
159	226	215	Poro
55	136	183	Poro
40	105	145	Poro
31	114	197	Poro
35	119	201	Poro
38	126	199	Poro
37	111	190	Poro
120	175	208	Poro
35	116	196	Poro
17	81	155	Poro
92	180	204	Poro
51	125	191	Poro
37	115	180	Poro
36	113	179	Poro
32	89	141	Poro
42	126	191	Poro
36	118	188	Poro
39	121	204	Poro
37	122	204	Poro
59	143	185	Poro
162	235	225	Poro
31	110	196	Poro
75	141	166	Poro
38	93	145	Poro
31	104	156	Poro
37	99	158	Poro
47	119	170	Poro
26	83	138	Poro
48	130	202	Poro
49	129	192	Poro
69	152	193	Poro
55	93	98	Poro
37	113	187	Poro
44	121	183	Poro
38	121	205	Poro
32	109	190	Poro
48	128	189	Poro
38	118	199	Poro
101	183	207	Poro
45	127	187	Poro
34	116	198	Poro
46	112	171	Poro
39	111	165	Poro
32	113	189	Poro
61	117	171	Poro
66	130	161	Poro
36	113	176	Poro
44	128	191	Poro
43	129	208	Poro
47	122	184	Poro
34	121	201	Poro
35	120	202	Poro
46	130	200	Poro
36	80	109	Poro
44	128	185	Poro
79	166	208	Poro
38	121	204	Poro
38	122	190	Poro
37	119	202	Poro
52	135	206	Poro
66	147	191	Poro
30	101	177	Poro
40	121	189	Poro
37	96	148	Poro
42	126	196	Poro
40	101	151	Poro
35	119	199	Poro
51	121	155	Poro
20	83	156	Poro
30	101	162	Poro
39	116	165	Poro
51	131	198	Poro
44	113	170	Poro
42	121	200	Poro
31	88	141	Poro
44	131	205	Poro
51	128	174	Poro
25	101	170	Poro
31	100	158	Poro
67	141	189	Poro
41	95	143	Poro
36	117	194	Poro
62	138	174	Poro
59	130	195	Poro
35	120	199	Poro
59	131	175	Poro
46	125	196	Poro
34	104	159	Poro
60	137	186	Poro
84	168	207	Poro
29	93	173	Poro
32	110	179	Poro
37	115	184	Poro
32	107	177	Poro
51	129	201	Poro
58	140	183	Poro
37	122	202	Poro
44	128	201	Poro
33	99	161	Poro
85	144	173	Poro
42	124	201	Poro
67	123	164	Poro
60	134	183	Poro
36	119	199	Poro
53	135	201	Poro
29	99	153	Poro
30	103	167	Poro
42	124	189	Poro
41	125	188	Poro
40	124	206	Poro
28	100	164	Poro
37	99	154	Poro
56	135	181	Poro
65	150	195	Poro
22	77	126	Poro
166	239	223	Poro
44	130	196	Poro
47	138	209	Poro
51	122	164	Poro
50	120	181	Poro
47	131	201	Poro
34	121	200	Poro
49	123	170	Poro
55	124	176	Poro
33	114	196	Poro
39	119	192	Poro
41	118	188	Poro
55	137	191	Poro
37	107	159	Poro
46	123	187	Poro
42	125	199	Poro
78	166	207	Poro
35	92	148	Poro
202	254	248	Poro
44	123	195	Poro
34	91	146	Poro
49	120	190	Poro
146	217	216	Poro
86	167	194	Poro
26	98	169	Poro
38	121	203	Poro
104	194	219	Poro
51	128	178	Poro
43	122	192	Poro
35	109	173	Poro
37	117	200	Poro
99	175	199	Poro
39	111	175	Poro
49	88	100	Poro
49	91	94	Poro
38	120	183	Poro
38	115	193	Poro
140	207	206	Poro
36	108	173	Poro
47	115	156	Poro
63	135	181	Poro
41	123	200	Poro
23	84	161	Poro
33	111	179	Poro
66	147	187	Poro
45	122	188	Poro
33	92	155	Poro
35	118	189	Poro
25	98	161	Poro
29	81	120	Poro
39	121	190	Poro
36	118	203	Poro
37	119	204	Poro
56	133	183	Poro
45	117	191	Poro
73	151	189	Poro
57	130	185	Poro
47	121	190	Poro
80	154	189	Poro
44	122	189	Poro
20	71	143	Poro
65	143	186	Poro
38	103	151	Poro
63	141	186	Poro
54	137	195	Poro
48	136	203	Poro
38	121	200	Poro
43	105	148	Poro
168	242	229	Poro
29	102	157	Poro
31	116	198	Poro
33	112	193	Poro
42	116	172	Poro
51	123	179	Poro
49	130	202	Poro
49	130	190	Poro
34	105	153	Poro
34	113	195	Poro
39	116	180	Poro
52	131	185	Poro
33	117	201	Poro
35	118	203	Poro
43	126	208	Poro
29	93	154	Poro
48	127	189	Poro
31	116	201	Poro
32	84	118	Poro
37	120	188	Poro
29	107	192	Poro
24	75	135	Poro
41	86	96	Poro
47	126	179	Poro
29	92	139	Poro
41	123	183	Poro
63	137	185	Poro
39	124	187	Poro
30	113	186	Poro
37	123	189	Poro
36	117	187	Poro
46	118	180	Poro
167	242	227	Poro
54	137	183	Poro
62	148	188	Poro
61	138	182	Poro
69	117	168	Poro
33	123	205	Poro
61	137	181	Poro
92	168	185	Poro
65	149	197	Poro
49	132	196	Poro
38	119	190	Poro
48	130	197	Poro
32	108	180	Poro
41	103	141	Poro
36	115	181	Poro
47	110	171	Poro
40	128	209	Poro
45	127	188	Poro
40	112	170	Poro
78	160	194	Poro
42	116	186	Poro
45	127	202	Poro
47	116	169	Poro
43	125	190	Poro
39	120	191	Poro
67	144	188	Poro
43	132	206	Poro
41	120	195	Poro
47	118	171	Poro
39	118	197	Poro
43	117	186	Poro
33	116	195	Poro
28	98	171	Poro
43	126	201	Poro
41	128	202	Poro
51	126	187	Poro
49	115	145	Poro
38	112	193	Poro
38	122	193	Poro
90	166	185	Poro
36	95	127	Poro
42	121	205	Poro
40	119	199	Poro
34	116	195	Poro
28	101	164	Poro
51	105	152	Poro
52	126	171	Poro
38	112	177	Poro
40	124	198	Poro
34	110	177	Poro
34	115	193	Poro
45	133	201	Poro
41	109	159	Poro
43	121	180	Poro
86	163	189	Poro
35	106	169	Poro
48	113	154	Poro
38	120	204	Poro
39	122	201	Poro
40	115	176	Poro
35	103	149	Poro
39	121	201	Poro
34	100	167	Poro
29	108	177	Poro
35	113	196	Poro
37	121	203	Poro
35	109	176	Poro
122	198	202	Poro
37	119	197	Poro
54	117	136	Poro
40	121	199	Poro
50	130	193	Poro
60	145	196	Poro
54	137	184	Poro
45	125	202	Poro
38	105	177	Poro
54	135	195	Poro
45	124	207	Poro
46	128	194	Poro
41	121	201	Poro
38	113	187	Poro
39	116	186	Poro
31	111	183	Poro
34	114	181	Poro
42	131	201	Poro
44	120	185	Poro
47	118	177	Poro
36	122	198	Poro
38	123	200	Poro
65	141	186	Poro
64	130	156	Poro
40	123	201	Poro
41	115	175	Poro
57	137	184	Poro
41	126	205	Poro
67	143	186	Poro
38	114	191	Poro
36	111	171	Poro
72	142	188	Poro
48	134	204	Poro
39	124	193	Poro
27	99	165	Poro
49	132	201	Poro
33	112	177	Poro
35	117	190	Poro
24	92	141	Poro
35	104	163	Poro
46	101	139	Poro
39	107	165	Poro
36	115	190	Poro
43	122	198	Poro
124	208	227	Poro
38	71	86	Poro
43	115	175	Poro
166	239	226	Poro
31	99	165	Poro
51	121	176	Poro
60	144	206	Poro
44	129	203	Poro
73	151	176	Poro
46	123	202	Poro
23	80	137	Poro
49	132	196	Poro
35	117	184	Poro
36	118	196	Poro
22	87	133	Poro
33	106	181	Poro
71	142	184	Poro
42	125	208	Poro
37	118	198	Poro
42	121	194	Poro
42	127	197	Poro
43	126	188	Poro
42	114	180	Poro
53	116	173	Poro
68	151	192	Poro
33	109	173	Poro
56	125	179	Poro
43	122	185	Poro
31	98	159	Poro
36	115	190	Poro
38	116	176	Poro
40	128	194	Poro
32	90	160	Poro
33	98	147	Poro
47	128	190	Poro
6	64	131	Poro
13	65	119	Poro
36	114	196	Poro
42	127	198	Poro
34	102	175	Poro
54	143	207	Poro
31	97	152	Poro
40	124	198	Poro
38	114	180	Poro
41	116	186	Poro
21	73	147	Poro
53	119	172	Poro
42	119	199	Poro
34	115	181	Poro
53	132	182	Poro
52	125	195	Poro
44	109	188	Poro
8	47	115	Poro
153	229	223	Poro
22	71	137	Poro
49	130	197	Poro
71	157	207	Poro
35	97	161	Poro
40	112	170	Poro
37	109	183	Poro
20	73	140	Poro
31	100	149	Poro
48	118	183	Poro
56	138	204	Poro
59	137	187	Poro
46	128	189	Poro
28	93	155	Poro
33	117	201	Poro
43	125	192	Poro
42	123	202	Poro
38	109	166	Poro
38	123	202	Poro
59	141	196	Poro
36	106	176	Poro
38	115	180	Poro
41	121	184	Poro
46	123	191	Poro
49	123	168	Poro
27	88	136	Poro
50	133	191	Poro
63	150	203	Poro
43	126	207	Poro
33	101	172	Poro
42	125	197	Poro
47	115	152	Poro
39	120	182	Poro
38	125	209	Poro
36	115	185	Poro
35	98	151	Poro
42	112	177	Poro
41	115	172	Poro
39	102	162	Poro
37	107	170	Poro
45	122	169	Poro
47	114	175	Poro
49	121	180	Poro
67	150	207	Poro
39	120	203	Poro
63	131	178	Poro
54	145	210	Poro
40	127	204	Poro
40	124	192	Poro
66	145	179	Poro
75	155	200	Poro
29	76	126	Poro
41	116	191	Poro
39	86	106	Poro
47	125	195	Poro
110	185	193	Poro
36	95	157	Poro
36	94	154	Poro
167	235	223	Poro
48	121	170	Poro
59	145	199	Poro
39	123	195	Poro
44	119	183	Poro
38	126	206	Poro
42	129	200	Poro
38	117	201	Poro
46	116	179	Poro
47	115	169	Poro
36	115	174	Poro
49	119	166	Poro
51	124	181	Poro
107	192	215	Poro
42	124	191	Poro
41	121	200	Poro
39	92	130	Poro
33	107	168	Poro
57	123	166	Poro
38	102	175	Poro
32	111	193	Poro
38	91	146	Poro
34	115	179	Poro
43	114	164	Poro
43	126	192	Poro
33	112	183	Poro
89	160	188	Poro
42	124	208	Poro
79	164	217	Poro
8	52	117	Poro
37	121	199	Poro
55	135	198	Poro
53	136	201	Poro
38	120	196	Poro
43	122	195	Poro
40	122	202	Poro
84	162	199	Poro
134	196	192	Poro
38	119	179	Poro
34	107	181	Poro
50	112	145	Poro
35	94	144	Poro
39	121	198	Poro
45	101	132	Poro
46	80	87	Poro
40	99	155	Poro
127	182	209	Poro
34	88	132	Poro
32	111	190	Poro
35	114	196	Poro
38	108	154	Poro
40	127	210	Poro
40	124	204	Poro
44	128	198	Poro
27	108	190	Poro
45	129	202	Poro
37	119	184	Poro
160	231	220	Poro
52	135	199	Poro
24	90	161	Poro
26	88	149	Poro
34	117	200	Poro
34	103	169	Poro
37	123	202	Poro
27	98	149	Poro
40	119	204	Poro
64	141	188	Poro
143	222	218	Poro
54	132	187	Poro
61	140	189	Poro
49	121	165	Poro
41	119	178	Poro
42	123	204	Poro
69	158	211	Poro
48	111	169	Poro
39	122	207	Poro
29	111	183	Poro
49	123	173	Poro
38	102	154	Poro
49	132	201	Poro
47	118	171	Poro
34	112	189	Poro
24	71	131	Poro
38	117	176	Poro
48	132	201	Poro
57	134	190	Poro
38	98	143	Poro
44	122	191	Poro
27	99	153	Poro
43	125	189	Poro
40	106	156	Poro
25	81	131	Poro
33	103	170	Poro
29	101	169	Poro
64	140	184	Poro
33	112	178	Poro
80	168	200	Poro
45	125	199	Poro
64	130	178	Poro
44	128	212	Poro
32	101	171	Poro
39	125	204	Poro
39	123	206	Poro
128	190	196	Poro
40	116	193	Poro
45	128	200	Poro
31	111	193	Poro
38	94	136	Poro
29	110	191	Poro
33	79	108	Poro
47	122	178	Poro
76	150	179	Poro
41	113	174	Poro
124	196	191	Poro
60	136	199	Poro
42	104	156	Poro
40	122	181	Poro
37	123	204	Poro
42	125	206	Poro
40	98	134	Poro
39	121	194	Poro
39	125	205	Poro
33	112	195	Poro
43	83	96	Poro
39	114	178	Poro
37	121	201	Poro
13	60	110	Poro
33	111	192	Poro
106	182	206	Poro
43	106	164	Poro
41	124	201	Poro
35	117	199	Poro
53	127	198	Poro
35	117	204	Poro
39	120	199	Poro
35	117	188	Poro
31	108	180	Poro
53	136	183	Poro
26	90	158	Poro
52	124	171	Poro
18	87	153	Poro
40	126	204	Poro
36	118	189	Poro
39	113	164	Poro
33	118	192	Poro
33	112	191	Poro
38	118	190	Poro
42	119	187	Poro
44	123	189	Poro
44	129	207	Poro
46	122	188	Poro
82	166	196	Poro
36	121	206	Poro
75	150	201	Poro
33	100	177	Poro
51	141	203	Poro
41	87	113	Poro
37	117	185	Poro
37	120	200	Poro
40	120	198	Poro
49	131	196	Poro
39	123	203	Poro
46	131	205	Poro
39	114	185	Poro
42	116	179	Poro
40	128	206	Poro
39	116	195	Poro
45	128	201	Poro
35	107	165	Poro
55	140	201	Poro
32	116	192	Poro
38	122	187	Poro
39	120	192	Poro
44	123	188	Poro
40	119	195	Poro
1	51	137	Poro
38	115	176	Poro
36	121	201	Poro
46	131	200	Poro
70	150	190	Poro
79	163	193	Poro
61	144	184	Poro
44	127	196	Poro
32	110	188	Poro
37	114	185	Poro
37	104	147	Poro
44	118	187	Poro
40	120	196	Poro
39	105	149	Poro
35	103	169	Poro
41	125	196	Poro
33	99	160	Poro
23	74	135	Poro
40	124	197	Poro
141	221	232	Poro
44	132	200	Poro
39	104	158	Poro
33	97	160	Poro
47	129	190	Poro
49	136	206	Poro
45	116	171	Poro
38	114	169	Poro
35	117	195	Poro
52	126	185	Poro
66	145	189	Poro
42	108	170	Poro
52	131	197	Poro
77	147	179	Poro
47	126	189	Poro
41	81	113	Poro
35	114	185	Poro
38	122	196	Poro
40	121	195	Poro
41	124	202	Poro
79	168	212	Poro
59	128	173	Poro
40	125	196	Poro
35	114	182	Poro
32	84	127	Poro
42	121	203	Poro
51	139	208	Poro
53	124	176	Poro
36	112	183	Poro
49	121	173	Poro
44	131	195	Poro
34	102	151	Poro
34	118	200	Poro
50	133	192	Poro
34	114	187	Poro
34	114	193	Poro
59	121	166	Poro
52	134	199	Poro
38	116	196	Poro
40	110	165	Poro
30	94	173	Poro
38	119	197	Poro
35	92	150	Poro
32	117	193	Poro
48	117	155	Poro
54	139	207	Poro
25	107	190	Poro
118	195	212	Poro
41	118	190	Poro
70	154	206	Poro
45	123	195	Poro
33	109	191	Poro
36	86	112	Poro
50	127	187	Poro
31	110	163	Poro
172	235	228	Poro
40	117	189	Poro
33	114	192	Poro
36	102	179	Poro
47	132	205	Poro
37	121	201	Poro
51	135	198	Poro
31	110	191	Poro
33	104	168	Poro
42	128	212	Poro
37	108	179	Poro
47	129	202	Poro
46	129	185	Poro
30	99	161	Poro
118	197	223	Poro
41	119	202	Poro
44	121	200	Poro
79	158	193	Poro
33	101	175	Poro
46	127	200	Poro
54	138	192	Poro
38	124	200	Poro
46	123	193	Poro
12	83	158	Poro
42	103	146	Poro
61	98	99	Poro
35	119	204	Poro
34	111	179	Poro
114	185	199	Poro
44	122	189	Poro
64	138	186	Poro
44	126	193	Poro
64	150	202	Poro
43	122	181	Poro
65	124	165	Poro
49	131	196	Poro
38	123	201	Poro
44	131	202	Poro
37	109	173	Poro
33	115	200	Poro
37	118	196	Poro
38	114	159	Poro
89	155	165	Poro
32	95	148	Poro
132	212	218	Poro
60	142	189	Poro
40	121	201	Poro
53	129	182	Poro
40	120	195	Poro
44	125	200	Poro
44	124	187	Poro
40	121	195	Poro
13	57	118	Poro
38	120	196	Poro
38	80	99	Poro
51	131	174	Poro
37	113	179	Poro
53	146	208	Poro
43	109	161	Poro
40	124	192	Poro
36	104	179	Poro
83	164	196	Poro
36	122	201	Poro
37	119	199	Poro
45	75	83	Poro
57	143	203	Poro
31	95	164	Poro
34	102	161	Poro
41	110	173	Poro
37	116	192	Poro
44	118	183	Poro
43	121	189	Poro
45	123	174	Poro
64	134	179	Poro
43	130	206	Poro
24	76	135	Poro
55	133	175	Poro
34	109	179	Poro
52	136	198	Poro
31	102	168	Poro
56	141	192	Poro
40	114	184	Poro
36	117	188	Poro
40	118	183	Poro
76	154	194	Poro
36	115	197	Poro
30	93	147	Poro
36	121	201	Poro
40	115	180	Poro
67	144	189	Poro
86	151	185	Poro
36	125	199	Poro
32	101	163	Poro
32	104	167	Poro
29	95	167	Poro
69	131	161	Poro
42	120	192	Poro
37	120	196	Poro
48	128	204	Poro
39	123	196	Poro
29	84	160	Poro
47	118	181	Poro
49	124	175	Poro
38	124	204	Poro
41	129	197	Poro
72	134	163	Poro
33	115	199	Poro
30	86	146	Poro
36	104	165	Poro
39	116	183	Poro
46	132	204	Poro
37	117	203	Poro
54	132	183	Poro
46	133	202	Poro
41	101	168	Poro
36	120	202	Poro
48	127	174	Poro
40	97	155	Poro
47	135	199	Poro
39	123	204	Poro
63	131	178	Poro
40	115	192	Poro
129	210	228	Poro
41	125	205	Poro
38	118	197	Poro
32	103	154	Poro
45	118	169	Poro
83	145	175	Poro
38	118	184	Poro
53	136	208	Poro
59	123	179	Poro
41	103	148	Poro
41	125	197	Poro
46	104	132	Poro
53	78	80	Poro
43	115	171	Poro
24	80	116	Poro
51	127	193	Poro
65	131	166	Poro
121	186	197	Poro
104	186	209	Poro
46	128	204	Poro
50	117	167	Poro
37	117	194	Poro
47	132	203	Poro
48	139	193	Poro
43	85	98	Poro
42	123	182	Poro
37	110	176	Poro
42	116	183	Poro
55	127	185	Poro
42	124	189	Poro
47	129	198	Poro
94	175	197	Poro
36	121	198	Poro
60	130	173	Poro
40	119	191	Poro
34	119	201	Poro
51	127	195	Poro
38	107	166	Poro
112	189	198	Poro
37	111	189	Poro
41	113	171	Poro
32	112	199	Poro
41	124	189	Poro
34	115	191	Poro
39	99	149	Poro
54	125	173	Poro
49	125	181	Poro
50	127	191	Poro
50	120	176	Poro
67	152	208	Poro
25	96	164	Poro
37	121	186	Poro
102	181	197	Poro
36	123	208	Poro
37	117	190	Poro
43	123	203	Poro
36	78	107	Poro
36	122	206	Poro
41	123	191	Poro
32	115	182	Poro
125	210	226	Poro
34	103	157	Poro
27	92	151	Poro
40	122	202	Poro
39	113	181	Poro
34	112	180	Poro
41	111	150	Poro
40	119	188	Poro
49	125	178	Poro
47	77	83	Poro
133	205	211	Poro
41	81	97	Poro
35	117	200	Poro
41	103	152	Poro
30	112	190	Poro
51	137	199	Poro
37	112	171	Poro
43	121	180	Poro
37	119	200	Poro
36	115	189	Poro
33	116	193	Poro
18	66	144	Poro
61	145	202	Poro
50	130	179	Poro
34	115	202	Poro
36	117	187	Poro
69	148	195	Poro
36	108	167	Poro
43	112	183	Poro
41	120	202	Poro
40	121	192	Poro
41	125	209	Poro
46	125	179	Poro
49	128	203	Poro
24	78	124	Poro
38	113	186	Poro
43	128	204	Poro
34	95	157	Poro
41	124	192	Poro
38	124	204	Poro
41	120	199	Poro
39	123	210	Poro
79	149	190	Poro
44	123	195	Poro
35	119	188	Poro
125	194	194	Poro
148	225	229	Poro
42	113	165	Poro
35	96	139	Poro
55	131	179	Poro
42	125	201	Poro
49	118	162	Poro
68	146	186	Poro
34	118	203	Poro
31	97	155	Poro
41	125	207	Poro
50	129	194	Poro
30	105	169	Poro
77	145	187	Poro
36	114	176	Poro
31	84	141	Poro
63	134	165	Poro
31	109	175	Poro
39	122	198	Poro
79	154	168	Poro
43	119	178	Poro
50	127	182	Poro
41	126	202	Poro
24	91	162	Poro
62	132	178	Poro
103	175	186	Poro
32	112	198	Poro
55	131	177	Poro
36	118	193	Poro
67	150	187	Poro
42	92	128	Poro
35	113	181	Poro
45	122	196	Poro
40	120	198	Poro
36	115	187	Poro
35	119	200	Poro
33	108	170	Poro
49	131	194	Poro
45	105	158	Poro
29	113	182	Poro
57	137	183	Poro
70	144	181	Poro
51	127	185	Poro
70	145	184	Poro
37	124	203	Poro
40	124	203	Poro
46	128	196	Poro
45	114	154	Poro
37	120	202	Poro
40	115	176	Poro
26	93	157	Poro
76	150	187	Poro
36	119	197	Poro
47	128	190	Poro
46	111	172	Poro
37	117	202	Poro
39	110	185	Poro
39	116	189	Poro
43	115	179	Poro
42	126	195	Poro
22	89	156	Poro
38	118	192	Poro
36	112	175	Poro
35	117	186	Poro
47	130	197	Poro
46	128	202	Poro
38	113	188	Poro
50	140	208	Poro
33	112	195	Poro
21	79	155	Poro
41	111	169	Poro
29	102	175	Poro
47	114	171	Poro
45	108	153	Poro
41	102	132	Poro
40	121	190	Poro
49	125	178	Poro
33	113	181	Poro
13	84	165	Poro
39	108	153	Poro
45	118	166	Poro
71	144	187	Poro
31	113	180	Poro
41	112	188	Poro
38	116	190	Poro
39	123	185	Poro
42	125	192	Poro
42	124	199	Poro
31	113	191	Poro
123	202	213	Poro
27	108	180	Poro
45	119	185	Poro
25	77	124	Poro
40	116	186	Poro
37	114	173	Poro
34	116	191	Poro
41	125	195	Poro
43	123	191	Poro
38	92	138	Poro
65	143	184	Poro
44	121	186	Poro
42	118	187	Poro
35	118	204	Poro
44	115	166	Poro
40	123	204	Poro
34	104	175	Poro
35	116	196	Poro
35	88	134	Poro
35	117	202	Poro
99	178	205	Poro
34	107	191	Poro
57	134	163	Poro
36	103	166	Poro
48	125	188	Poro
40	109	180	Poro
56	134	188	Poro
42	128	202	Poro
46	124	184	Poro
38	112	179	Poro
40	117	176	Poro
46	132	199	Poro
55	136	194	Poro
35	113	167	Poro
39	116	196	Poro
18	70	140	Poro
63	149	193	Poro
49	135	208	Poro
35	109	178	Poro
44	114	177	Poro
33	112	186	Poro
36	106	175	Poro
49	128	181	Poro
44	122	192	Poro
41	125	210	Poro
37	101	155	Poro
37	120	202	Poro
46	118	175	Poro
32	96	171	Poro
59	135	177	Poro
37	121	198	Poro
45	118	180	Poro
42	122	189	Poro
38	122	204	Poro
49	106	151	Poro
34	102	167	Poro
52	123	172	Poro
41	123	194	Poro
32	114	189	Poro
94	171	198	Poro
41	124	202	Poro
154	217	208	Poro
50	106	155	Poro
52	141	206	Poro
57	141	202	Poro
30	109	174	Poro
37	121	185	Poro
35	121	204	Poro
38	122	202	Poro
41	115	191	Poro
39	121	197	Poro
41	126	206	Poro
40	122	205	Poro
45	126	175	Poro
72	156	210	Poro
30	105	162	Poro
61	145	199	Poro
50	128	185	Poro
30	105	183	Poro
28	82	139	Poro
34	118	203	Poro
36	119	188	Poro
40	127	200	Poro
159	227	221	Poro
43	116	189	Poro
27	79	140	Poro
49	124	181	Poro
37	102	153	Poro
35	117	193	Poro
43	130	200	Poro
49	134	201	Poro
57	85	87	Poro
44	125	187	Poro
35	115	183	Poro
34	84	124	Poro
64	145	189	Poro
42	127	195	Poro
36	118	200	Poro
55	130	178	Poro
44	122	189	Poro
39	92	137	Poro
25	67	97	Poro
54	133	190	Poro
129	197	205	Poro
50	125	180	Poro
36	108	170	Poro
17	78	151	Poro
42	118	166	Poro
49	121	190	Poro
70	158	207	Poro
36	123	204	Poro
32	116	199	Poro
56	142	206	Poro
39	122	187	Poro
36	101	157	Poro
44	127	208	Poro
35	120	199	Poro
158	230	223	Poro
32	109	161	Poro
31	106	178	Poro
45	115	167	Poro
38	115	194	Poro
39	121	204	Poro
65	140	187	Poro
43	103	157	Poro
43	113	176	Poro
34	110	186	Poro
54	130	188	Poro
35	102	181	Poro
49	115	175	Poro
36	117	184	Poro
41	110	173	Poro
33	115	196	Poro
41	115	191	Poro
41	119	190	Poro
44	114	171	Poro
34	105	168	Poro
40	117	187	Poro
47	104	159	Poro
56	124	156	Poro
36	89	129	Poro
15	64	135	Poro
51	128	190	Poro
45	128	190	Poro
51	135	191	Poro
49	130	198	Poro
37	119	205	Poro
47	132	196	Poro
43	108	179	Poro
40	111	171	Poro
37	87	125	Poro
34	117	199	Poro
40	122	203	Poro
48	132	194	Poro
55	127	180	Poro
57	145	214	Poro
42	119	185	Poro
38	123	199	Poro
49	134	205	Poro
39	120	185	Poro
45	123	181	Poro
64	125	177	Poro
41	124	200	Poro
59	144	213	Poro
52	132	183	Poro
45	106	163	Poro
41	118	181	Poro
34	94	158	Poro
33	93	142	Poro
37	109	175	Poro
42	128	202	Poro
37	120	189	Poro
87	176	210	Poro
33	114	194	Poro
40	121	197	Poro
44	115	180	Poro
49	130	199	Poro
45	126	202	Poro
45	124	187	Poro
32	112	179	Poro
47	116	165	Poro
40	108	154	Poro
41	125	204	Poro
50	133	201	Poro
22	89	163	Poro
37	115	175	Poro
49	130	168	Poro
43	126	210	Poro
28	102	167	Poro
37	121	202	Poro
35	112	179	Poro
46	134	203	Poro
43	122	187	Poro
37	120	199	Poro
43	124	190	Poro
45	124	178	Poro
74	149	193	Poro
40	102	152	Poro
41	119	180	Poro
33	112	192	Poro
16	66	124	Poro
41	126	209	Poro
40	119	190	Poro
36	123	199	Poro
44	130	199	Poro
52	119	173	Poro
42	124	202	Poro
34	120	198	Poro
43	125	205	Poro
36	114	184	Poro
34	116	179	Poro
42	118	185	Poro
37	110	179	Poro
54	136	197	Poro
38	114	184	Poro
44	125	203	Poro
31	87	130	Poro
43	125	208	Poro
136	200	199	Poro
38	120	200	Poro
40	123	203	Poro
33	115	196	Poro
42	107	151	Poro
45	129	207	Poro
30	101	167	Poro
59	137	181	Poro
43	132	200	Poro
89	175	201	Poro
49	125	183	Poro
34	121	203	Poro
41	128	203	Poro
37	119	191	Poro
35	91	143	Poro
43	119	175	Poro
48	125	185	Poro
42	125	197	Poro
27	96	173	Poro
43	127	203	Poro
42	115	191	Poro
28	89	141	Poro
104	178	206	Poro
56	136	191	Poro
39	125	205	Poro
22	72	149	Poro
57	133	180	Poro
41	121	178	Poro
40	125	210	Poro
36	120	184	Poro
36	113	186	Poro
27	96	173	Poro
34	119	191	Poro
40	123	190	Poro
43	127	211	Poro
33	117	203	Poro
59	133	176	Poro
43	131	202	Poro
34	118	201	Poro
42	122	193	Poro
39	98	176	Poro
56	139	192	Poro
43	124	199	Poro
91	147	182	Poro
29	99	162	Poro
40	120	197	Poro
42	131	198	Poro
40	127	207	Poro
36	108	186	Poro
33	103	161	Poro
48	131	200	Poro
36	123	203	Poro
30	82	120	Poro
31	110	196	Poro
50	86	81	Poro
60	131	182	Poro
42	118	186	Poro
32	114	195	Poro
46	117	177	Poro
39	123	195	Poro
41	127	200	Poro
52	128	181	Poro
42	132	198	Poro
44	124	197	Poro
49	137	204	Poro
35	118	187	Poro
46	126	202	Poro
40	123	206	Poro
46	131	197	Poro
49	121	190	Poro
37	123	204	Poro
37	114	183	Poro
34	118	200	Poro
33	114	200	Poro
33	105	181	Poro
32	108	193	Poro
37	118	198	Poro
41	125	191	Poro
50	109	150	Poro
40	94	131	Poro
40	104	157	Poro
29	108	191	Poro
89	177	212	Poro
27	83	156	Poro
39	122	201	Poro
38	79	105	Poro
61	130	181	Poro
34	117	189	Poro
38	125	201	Poro
15	65	106	Poro
36	107	172	Poro
25	94	146	Poro
40	82	112	Poro
49	130	197	Poro
31	114	196	Poro
31	85	143	Poro
50	92	100	Poro
38	115	182	Poro
32	114	189	Poro
60	128	183	Poro
45	118	184	Poro
39	115	166	Poro
38	114	177	Poro
40	115	178	Poro
52	129	182	Poro
51	125	182	Poro
34	115	201	Poro
47	125	169	Poro
76	155	191	Poro
28	87	121	Poro
37	119	198	Poro
38	119	175	Poro
33	113	200	Poro
42	125	201	Poro
49	131	180	Poro
42	123	201	Poro
89	151	188	Poro
41	114	181	Poro
32	118	202	Poro
86	152	174	Poro
40	117	188	Poro
43	123	198	Poro
43	125	199	Poro
38	104	167	Poro
34	118	196	Poro
45	128	198	Poro
49	132	184	Poro
43	127	206	Poro
38	117	189	Poro
15	62	116	Poro
40	122	199	Poro
25	68	115	Poro
41	125	207	Poro
19	61	121	Poro
27	85	155	Poro
41	121	180	Poro
43	94	123	Poro
51	136	201	Poro
90	137	146	Poro
35	114	190	Poro
42	125	204	Poro
39	119	195	Poro
29	84	150	Poro
32	112	186	Poro
43	106	161	Poro
30	82	147	Poro
31	92	148	Poro
34	95	154	Poro
43	128	203	Poro
45	117	171	Poro
36	94	115	Poro
181	242	207	Poro
29	82	154	Poro
40	120	206	Poro
41	123	203	Poro
166	225	192	Poro
36	81	123	Poro
42	90	116	Poro
37	116	183	Poro
44	127	207	Poro
44	126	195	Poro
35	89	131	Poro
22	66	93	Poro
52	126	189	Poro
23	72	135	Poro
10	49	93	Poro
102	148	155	Poro
25	73	117	Poro
49	94	114	Poro
33	116	195	Poro
120	171	151	Poro
47	126	194	Poro
46	128	188	Poro
15	55	112	Poro
46	127	203	Poro
20	72	128	Poro
27	79	128	Poro
29	85	107	Poro
26	84	149	Poro
23	71	133	Poro
32	71	93	Poro
66	140	189	Poro
25	58	97	Poro
21	70	107	Poro
37	94	115	Poro
32	109	183	Poro
42	84	111	Poro
37	117	194	Poro
54	133	197	Poro
27	69	115	Poro
149	204	181	Poro
36	87	111	Poro
36	87	143	Poro
45	135	208	Poro
42	102	146	Poro
34	113	180	Poro
30	93	148	Poro
34	88	110	Poro
24	74	141	Poro
25	56	77	Poro
32	113	188	Poro
51	112	147	Poro
27	90	163	Poro
30	97	171	Poro
38	116	185	Poro
39	118	195	Poro
21	70	127	Poro
130	183	164	Poro
90	143	124	Poro
23	62	117	Poro
38	108	169	Poro
134	192	174	Poro
26	81	133	Poro
16	52	97	Poro
38	91	148	Poro
40	111	184	Poro
27	65	104	Poro
31	71	122	Poro
11	57	114	Poro
27	82	148	Poro
39	120	198	Poro
40	119	203	Poro
27	70	123	Poro
52	100	133	Poro
39	120	191	Poro
39	116	201	Poro
98	179	209	Poro
47	124	204	Poro
61	146	203	Poro
21	62	96	Poro
24	59	77	Poro
123	180	165	Poro
30	77	104	Poro
32	80	137	Poro
44	125	195	Poro
28	94	168	Poro
24	84	145	Poro
47	120	181	Poro
41	124	198	Poro
44	126	196	Poro
48	121	175	Poro
47	115	177	Poro
39	117	187	Poro
32	88	150	Poro
36	80	124	Poro
19	81	150	Poro
22	79	150	Poro
48	124	189	Poro
38	115	187	Poro
44	133	211	Poro
15	50	84	Poro
46	96	120	Poro
26	62	109	Poro
43	125	199	Poro
3	32	80	Poro
30	85	152	Poro
45	132	208	Poro
26	66	100	Poro
199	254	219	Poro
26	76	147	Poro
37	115	192	Poro
37	118	195	Poro
45	93	125	Poro
42	122	205	Poro
21	76	132	Poro
17	51	95	Poro
29	70	115	Poro
43	121	194	Poro
21	81	153	Poro
26	65	104	Poro
44	121	202	Poro
22	58	87	Poro
24	82	155	Poro
59	116	128	Poro
26	89	143	Poro
37	117	202	Poro
36	118	198	Poro
41	120	196	Poro
41	120	194	Poro
43	111	189	Poro
42	126	202	Poro
57	140	204	Poro
41	120	203	Poro
31	75	102	Poro
86	165	202	Poro
32	112	184	Poro
32	79	99	Poro
49	130	199	Poro
76	122	147	Poro
37	88	130	Poro
51	130	193	Poro
39	120	198	Poro
34	96	150	Poro
48	134	212	Poro
29	91	146	Poro
13	56	105	Poro
36	115	197	Poro
165	225	199	Poro
22	82	149	Poro
100	181	205	Poro
15	54	91	Poro
29	71	97	Poro
41	120	205	Poro
14	58	89	Poro
20	61	95	Poro
28	91	165	Poro
45	133	210	Poro
23	60	79	Poro
73	147	189	Poro
41	119	191	Poro
22	81	145	Poro
40	122	191	Poro
29	80	136	Poro
39	92	126	Poro
46	134	214	Poro
150	206	185	Poro
39	118	187	Poro
27	76	134	Poro
12	40	98	Poro
11	36	82	Poro
43	114	175	Poro
28	91	149	Poro
9	42	86	Poro
45	103	150	Poro
48	105	131	Poro
97	156	146	Poro
34	108	176	Poro
26	68	97	Poro
29	87	150	Poro
28	88	158	Poro
88	166	202	Poro
21	78	136	Poro
33	71	106	Poro
25	77	135	Poro
40	118	202	Poro
42	119	191	Poro
19	75	141	Poro
32	74	119	Poro
31	76	117	Poro
35	117	198	Poro
24	67	122	Poro
28	75	130	Poro
30	74	122	Poro
38	115	197	Poro
21	80	151	Poro
35	100	170	Poro
22	80	143	Poro
114	170	153	Poro
34	112	191	Poro
38	95	116	Poro
43	129	207	Poro
41	127	200	Poro
23	69	137	Poro
45	124	202	Poro
1	24	67	Poro
40	123	196	Poro
143	199	178	Poro
36	116	198	Poro
47	125	186	Poro
31	56	87	Poro
31	74	101	Poro
28	65	104	Poro
50	128	190	Poro
5	34	68	Poro
29	79	129	Poro
45	114	191	Poro
32	98	153	Poro
40	123	196	Poro
44	121	192	Poro
32	85	112	Poro
33	112	185	Poro
35	116	189	Poro
44	132	207	Poro
37	105	182	Poro
134	189	171	Poro
36	115	192	Poro
32	111	185	Poro
28	87	144	Poro
21	67	128	Poro
22	60	110	Poro
46	128	205	Poro
24	61	95	Poro
14	43	82	Poro
30	66	104	Poro
31	95	166	Poro
31	90	145	Poro
30	94	165	Poro
28	77	98	Poro
33	116	194	Poro
9	50	109	Poro
15	65	137	Poro
19	55	102	Poro
49	106	161	Poro
26	84	146	Poro
32	108	181	Poro
145	203	175	Poro
35	112	190	Poro
108	192	213	Poro
26	82	136	Poro
34	75	106	Poro
35	117	191	Poro
161	217	185	Poro
12	44	99	Poro
26	69	124	Poro
35	113	196	Poro
47	131	203	Poro
34	91	156	Poro
28	64	103	Poro
95	172	204	Poro
34	78	115	Poro
18	58	99	Poro
38	121	196	Poro
51	124	185	Poro
96	156	152	Poro
34	81	105	Poro
45	83	97	Poro
23	61	95	Poro
29	81	131	Poro
29	65	89	Poro
32	77	101	Poro
33	116	188	Poro
24	84	146	Poro
42	129	204	Poro
130	183	163	Poro
33	110	175	Poro
40	117	187	Poro
54	138	188	Poro
87	168	209	Poro
16	69	136	Poro
71	154	196	Poro
18	53	109	Poro
36	116	184	Poro
24	79	154	Poro
155	217	189	Poro
37	109	190	Poro
19	54	85	Poro
34	107	179	Poro
36	118	203	Poro
23	81	147	Poro
54	105	142	Poro
23	84	149	Poro
38	81	109	Poro
39	122	204	Poro
31	91	158	Poro
32	69	114	Poro
49	134	205	Poro
24	68	134	Poro
38	116	193	Poro
27	85	147	Poro
45	125	198	Poro
42	122	204	Poro
9	39	85	Poro
50	138	206	Poro
30	83	142	Poro
12	45	87	Poro
24	79	151	Poro
40	120	198	Poro
52	138	213	Poro
32	74	112	Poro
36	116	193	Poro
38	121	202	Poro
38	98	160	Poro
27	79	145	Poro
40	121	199	Poro
22	62	114	Poro
26	65	87	Poro
32	99	169	Poro
48	105	133	Poro
39	119	204	Poro
60	140	198	Poro
42	125	201	Poro
4	29	75	Poro
48	134	203	Poro
41	93	122	Poro
48	137	207	Poro
73	116	137	Poro
57	111	120	Poro
39	117	191	Poro
39	116	186	Poro
41	89	119	Poro
38	120	196	Poro
38	116	189	Poro
35	99	167	Poro
42	124	204	Poro
43	123	202	Poro
29	104	184	Poro
85	138	165	Poro
39	112	185	Poro
46	126	192	Poro
40	115	185	Poro
15	64	115	Poro
42	125	206	Poro
86	145	176	Poro
105	169	181	Poro
43	127	204	Poro
26	87	155	Poro
60	111	139	Poro
32	106	188	Poro
37	113	193	Poro
39	118	200	Poro
43	125	194	Poro
54	135	193	Poro
45	123	197	Poro
38	100	163	Poro
44	126	203	Poro
59	139	197	Poro
29	82	156	Poro
40	123	205	Poro
47	125	192	Poro
33	85	141	Poro
69	152	199	Poro
37	116	197	Poro
40	121	189	Poro
30	97	162	Poro
31	86	144	Poro
153	217	210	Poro
32	96	155	Poro
39	125	204	Poro
44	117	186	Poro
16	60	131	Poro
34	102	167	Poro
36	110	186	Poro
38	100	149	Poro
39	120	199	Poro
38	119	184	Poro
31	104	183	Poro
46	127	206	Poro
25	70	120	Poro
42	110	173	Poro
42	123	205	Poro
40	127	201	Poro
31	95	170	Poro
45	128	202	Poro
36	121	200	Poro
30	94	161	Poro
27	78	124	Poro
50	127	189	Poro
43	128	207	Poro
156	218	216	Poro
39	125	205	Poro
18	84	160	Poro
41	127	207	Poro
44	120	186	Poro
46	123	193	Poro
84	138	173	Poro
47	131	194	Poro
53	133	186	Poro
45	121	192	Poro
42	123	191	Poro
41	102	153	Poro
19	71	122	Poro
74	152	192	Poro
51	130	196	Poro
38	112	181	Poro
46	133	201	Poro
37	111	184	Poro
45	130	203	Poro
39	123	198	Poro
24	86	157	Poro
36	114	196	Poro
43	124	200	Poro
34	112	193	Poro
38	118	198	Poro
37	125	205	Poro
35	107	187	Poro
42	124	198	Poro
35	117	197	Poro
32	101	159	Poro
41	121	193	Poro
38	111	170	Poro
40	119	200	Poro
40	121	185	Poro
41	97	157	Poro
55	131	185	Poro
39	123	200	Poro
38	119	182	Poro
45	122	194	Poro
40	120	199	Poro
39	119	198	Poro
42	124	200	Poro
41	123	188	Poro
34	103	154	Poro
140	208	210	Poro
112	173	179	Poro
48	124	189	Poro
49	124	183	Poro
37	117	197	Poro
88	151	183	Poro
35	110	185	Poro
41	123	201	Poro
40	120	181	Poro
45	115	177	Poro
44	112	172	Poro
40	124	205	Poro
44	119	190	Poro
38	122	200	Poro
45	127	198	Poro
69	124	150	Poro
129	191	196	Poro
43	122	192	Poro
43	94	129	Poro
45	123	188	Poro
94	148	171	Poro
26	93	159	Poro
44	130	199	Poro
40	126	202	Poro
25	94	173	Poro
121	183	185	Poro
33	95	171	Poro
38	122	200	Poro
44	124	197	Poro
31	93	152	Poro
68	148	198	Poro
48	128	197	Poro
32	93	173	Poro
64	148	202	Poro
18	62	122	Poro
36	109	182	Poro
40	120	196	Poro
45	120	196	Poro
34	116	193	Poro
18	61	121	Poro
29	91	159	Poro
69	146	188	Poro
39	116	195	Poro
55	137	193	Poro
70	132	176	Poro
34	113	191	Poro
65	139	180	Poro
56	141	202	Poro
55	142	205	Poro
33	112	185	Poro
61	141	189	Poro
34	105	168	Poro
35	115	180	Poro
40	120	184	Poro
48	132	195	Poro
65	143	187	Poro
52	133	199	Poro
41	123	198	Poro
48	129	187	Poro
50	133	194	Poro
65	147	200	Poro
40	115	187	Poro
41	119	191	Poro
60	142	201	Poro
29	93	157	Poro
28	107	173	Poro
32	113	191	Poro
66	136	179	Poro
59	141	195	Poro
180	254	248	Solido
170	244	238	Solido
93	138	141	Solido
139	185	184	Solido
161	229	223	Solido
112	166	165	Solido
138	199	206	Solido
133	187	169	Solido
149	211	202	Solido
142	199	189	Solido
175	250	245	Solido
166	223	216	Solido
162	226	214	Solido
168	238	225	Solido
150	215	210	Solido
165	224	208	Solido
167	238	232	Solido
147	210	190	Solido
75	124	163	Solido
150	205	201	Solido
176	247	232	Solido
127	176	160	Solido
173	241	232	Solido
155	220	204	Solido
176	249	245	Solido
142	198	181	Solido
182	254	249	Solido
100	158	157	Solido
141	194	183	Solido
172	247	241	Solido
145	206	191	Solido
156	222	215	Solido
167	234	216	Solido
173	247	242	Solido
134	189	171	Solido
158	227	224	Solido
157	222	216	Solido
168	235	234	Solido
169	241	233	Solido
169	234	229	Solido
174	247	243	Solido
133	198	187	Solido
133	185	183	Solido
164	236	233	Solido
119	173	190	Solido
151	219	211	Solido
151	216	212	Solido
73	113	124	Solido
147	200	189	Solido
161	227	226	Solido
159	224	220	Solido
132	195	200	Solido
157	215	197	Solido
139	196	183	Solido
175	251	243	Solido
167	230	226	Solido
126	177	176	Solido
90	144	142	Solido
134	191	188	Solido
156	211	199	Solido
96	150	166	Solido
148	210	202	Solido
153	218	210	Solido
159	227	217	Solido
103	154	137	Solido
117	161	187	Solido
154	215	203	Solido
67	106	130	Solido
174	234	212	Solido
164	226	214	Solido
167	239	236	Solido
173	245	239	Solido
123	172	174	Solido
161	229	220	Solido
182	254	248	Solido
103	165	159	Solido
154	205	191	Solido
118	171	175	Solido
172	243	241	Solido
140	194	179	Solido
163	233	218	Solido
159	227	222	Solido
157	223	208	Solido
174	245	233	Solido
159	228	219	Solido
143	199	194	Solido
142	196	203	Solido
163	232	208	Solido
148	200	192	Solido
161	229	216	Solido
174	248	247	Solido
156	222	213	Solido
181	254	248	Solido
125	182	167	Solido
138	193	180	Solido
179	250	236	Solido
163	230	223	Solido
151	209	204	Solido
179	250	231	Solido
170	227	216	Solido
153	221	215	Solido
179	251	240	Solido
117	166	151	Solido
158	218	216	Solido
176	246	234	Solido
155	222	208	Solido
157	220	205	Solido
160	229	217	Solido
149	215	196	Solido
142	196	199	Solido
78	108	106	Solido
123	183	167	Solido
135	183	179	Solido
149	215	209	Solido
155	223	212	Solido
144	207	189	Solido
154	206	198	Solido
108	161	165	Solido
158	214	200	Solido
159	217	193	Solido
149	209	193	Solido
125	179	167	Solido
114	159	141	Solido
172	246	240	Solido
110	158	152	Solido
169	233	228	Solido
159	215	199	Solido
169	233	228	Solido
128	186	185	Solido
169	234	213	Solido
174	242	214	Solido
143	192	183	Solido
153	214	202	Solido
151	219	205	Solido
168	238	235	Solido
173	242	238	Solido
165	232	228	Solido
140	193	186	Solido
167	233	224	Solido
175	249	243	Solido
156	212	207	Solido
152	219	204	Solido
163	233	231	Solido
117	165	156	Solido
177	251	244	Solido
153	218	210	Solido
132	186	179	Solido
115	151	121	Solido
116	167	152	Solido
118	171	185	Solido
131	184	189	Solido
126	179	176	Solido
175	249	247	Solido
101	140	142	Solido
151	209	187	Solido
165	233	228	Solido
146	212	208	Solido
178	248	230	Solido
177	239	221	Solido
80	118	116	Solido
154	218	203	Solido
153	213	202	Solido
177	250	247	Solido
150	218	204	Solido
120	175	172	Solido
116	167	155	Solido
171	234	236	Solido
139	195	182	Solido
113	165	160	Solido
165	238	225	Solido
150	211	210	Solido
103	156	140	Solido
180	248	228	Solido
86	139	157	Solido
163	229	224	Solido
137	189	177	Solido
154	214	205	Solido
158	223	198	Solido
125	178	173	Solido
170	238	224	Solido
155	222	216	Solido
169	238	233	Solido
157	222	213	Solido
151	207	207	Solido
158	217	203	Solido
117	171	165	Solido
121	180	173	Solido
120	169	179	Solido
115	166	159	Solido
153	208	192	Solido
144	205	209	Solido
164	222	207	Solido
124	170	157	Solido
160	219	204	Solido
128	187	172	Solido
172	242	224	Solido
160	215	212	Solido
168	237	228	Solido
118	174	185	Solido
128	178	164	Solido
172	241	225	Solido
133	195	184	Solido
163	231	219	Solido
98	151	163	Solido
123	175	179	Solido
174	247	242	Solido
139	191	173	Solido
77	116	120	Solido
78	105	93	Solido
150	214	183	Solido
175	248	243	Solido
139	202	191	Solido
173	244	227	Solido
145	198	186	Solido
111	167	155	Solido
149	212	207	Solido
179	252	243	Solido
126	178	160	Solido
135	189	174	Solido
154	211	204	Solido
130	190	179	Solido
153	220	206	Solido
147	213	206	Solido
172	246	243	Solido
175	239	222	Solido
173	237	233	Solido
155	222	217	Solido
177	250	244	Solido
147	210	201	Solido
165	230	210	Solido
169	240	239	Solido
164	226	212	Solido
170	242	231	Solido
98	147	161	Solido
153	214	187	Solido
141	192	183	Solido
76	112	128	Solido
177	252	245	Solido
130	182	178	Solido
154	214	197	Solido
74	99	91	Solido
169	240	242	Solido
174	246	243	Solido
118	167	166	Solido
165	240	237	Solido
170	241	244	Solido
152	215	193	Solido
163	220	224	Solido
137	193	204	Solido
154	216	207	Solido
174	245	236	Solido
181	243	228	Solido
178	248	237	Solido
123	181	187	Solido
147	201	191	Solido
89	142	133	Solido
175	250	247	Solido
178	252	250	Solido
137	201	199	Solido
172	247	241	Solido
173	245	228	Solido
129	181	163	Solido
143	197	190	Solido
176	248	243	Solido
154	210	216	Solido
164	238	223	Solido
133	185	178	Solido
177	252	241	Solido
128	176	169	Solido
112	162	166	Solido
152	223	210	Solido
163	231	220	Solido
155	222	211	Solido
171	237	224	Solido
152	212	219	Solido
154	213	198	Solido
132	187	184	Solido
145	208	192	Solido
160	231	221	Solido
139	194	185	Solido
156	220	210	Solido
164	233	222	Solido
174	240	230	Solido
158	218	197	Solido
100	147	147	Solido
155	221	212	Solido
116	164	186	Solido
169	241	221	Solido
161	229	217	Solido
164	230	219	Solido
142	202	200	Solido
157	213	220	Solido
175	249	243	Solido
158	219	218	Solido
177	251	238	Solido
160	225	215	Solido
152	220	210	Solido
129	181	161	Solido
130	183	173	Solido
139	192	186	Solido
168	234	235	Solido
156	222	215	Solido
149	208	189	Solido
163	225	203	Solido
137	188	184	Solido
149	213	200	Solido
163	232	233	Solido
131	180	183	Solido
153	218	212	Solido
171	237	234	Solido
149	204	189	Solido
110	163	163	Solido
117	177	174	Solido
172	238	232	Solido
158	222	214	Solido
131	180	158	Solido
129	185	183	Solido
157	218	218	Solido
143	191	171	Solido
125	178	185	Solido
155	212	209	Solido
145	212	199	Solido
138	186	183	Solido
157	222	211	Solido
153	220	213	Solido
115	154	142	Solido
169	236	232	Solido
96	144	139	Solido
179	250	245	Solido
139	202	187	Solido
161	231	223	Solido
176	246	244	Solido
148	213	208	Solido
153	217	204	Solido
154	218	210	Solido
127	176	158	Solido
160	228	217	Solido
171	237	228	Solido
120	172	167	Solido
152	215	213	Solido
112	162	141	Solido
178	252	244	Solido
142	210	201	Solido
164	235	214	Solido
168	239	226	Solido
128	177	166	Solido
174	245	232	Solido
132	196	168	Solido
141	196	193	Solido
132	183	182	Solido
155	224	219	Solido
135	189	176	Solido
168	240	231	Solido
171	235	203	Solido
179	248	244	Solido
161	227	218	Solido
148	211	199	Solido
165	235	223	Solido
164	233	227	Solido
167	231	235	Solido
130	195	178	Solido
182	254	241	Solido
151	217	205	Solido
139	196	182	Solido
137	197	189	Solido
115	156	164	Solido
169	237	209	Solido
174	240	240	Solido
129	178	177	Solido
170	238	239	Solido
132	193	179	Solido
177	252	246	Solido
103	160	170	Solido
86	137	147	Solido
165	229	227	Solido
172	238	232	Solido
144	202	185	Solido
120	179	162	Solido
118	171	177	Solido
148	211	187	Solido
163	230	220	Solido
172	246	241	Solido
167	234	227	Solido
157	225	208	Solido
158	226	218	Solido
170	240	235	Solido
156	225	211	Solido
174	248	241	Solido
122	173	172	Solido
170	227	219	Solido
147	203	190	Solido
157	212	205	Solido
139	196	172	Solido
117	174	181	Solido
158	216	221	Solido
156	223	213	Solido
156	222	207	Solido
128	177	167	Solido
142	197	176	Solido
96	151	164	Solido
117	168	158	Solido
142	199	179	Solido
144	205	185	Solido
96	142	126	Solido
138	197	175	Solido
162	227	221	Solido
169	242	239	Solido
133	181	177	Solido
147	210	198	Solido
137	199	189	Solido
152	207	210	Solido
167	237	234	Solido
163	228	221	Solido
108	158	145	Solido
152	212	201	Solido
128	161	147	Solido
163	233	213	Solido
121	176	158	Solido
167	237	230	Solido
159	227	214	Solido
137	190	188	Solido
172	241	238	Solido
151	221	212	Solido
153	217	200	Solido
157	225	219	Solido
137	192	178	Solido
148	210	189	Solido
173	246	239	Solido
111	159	141	Solido
157	222	202	Solido
183	254	251	Solido
163	231	209	Solido
177	242	239	Solido
154	218	215	Solido
157	228	213	Solido
167	235	218	Solido
150	210	206	Solido
111	156	157	Solido
164	231	206	Solido
154	218	213	Solido
104	151	148	Solido
159	212	213	Solido
96	141	147	Solido
142	195	180	Solido
172	242	232	Solido
166	239	235	Solido
120	171	176	Solido
161	227	218	Solido
141	199	186	Solido
115	164	165	Solido
136	193	180	Solido
172	241	238	Solido
119	165	155	Solido
178	252	244	Solido
161	230	220	Solido
128	185	195	Solido
153	220	215	Solido
158	222	211	Solido
159	223	219	Solido
179	250	245	Solido
145	207	197	Solido
174	247	237	Solido
109	158	138	Solido
159	228	216	Solido
84	134	135	Solido
175	248	241	Solido
132	189	184	Solido
123	170	151	Solido
140	191	188	Solido
169	240	226	Solido
126	183	189	Solido
82	126	139	Solido
125	175	171	Solido
138	186	170	Solido
129	183	167	Solido
170	239	210	Solido
162	224	220	Solido
139	187	171	Solido
153	215	221	Solido
118	164	144	Solido
171	240	227	Solido
163	229	216	Solido
87	133	144	Solido
103	149	151	Solido
118	167	165	Solido
166	231	227	Solido
126	192	172	Solido
107	157	156	Solido
157	221	211	Solido
162	227	226	Solido
181	254	236	Solido
146	207	198	Solido
175	250	244	Solido
128	185	192	Solido
149	218	210	Solido
99	150	144	Solido
154	220	213	Solido
155	219	208	Solido
135	192	179	Solido
139	197	186	Solido
177	250	244	Solido
143	200	191	Solido
167	241	234	Solido
150	209	188	Solido
159	231	217	Solido
165	237	236	Solido
149	216	195	Solido
153	218	205	Solido
179	245	236	Solido
155	224	214	Solido
149	211	201	Solido
141	202	187	Solido
155	217	214	Solido
131	183	163	Solido
143	204	209	Solido
125	181	173	Solido
124	171	175	Solido
179	252	247	Solido
125	171	164	Solido
129	189	171	Solido
166	231	223	Solido
149	207	192	Solido
164	234	223	Solido
151	199	187	Solido
165	228	221	Solido
112	159	155	Solido
171	242	239	Solido
109	155	138	Solido
111	157	141	Solido
167	234	227	Solido
137	191	178	Solido
103	155	150	Solido
162	234	223	Solido
158	212	199	Solido
151	216	201	Solido
166	230	211	Solido
138	193	177	Solido
178	250	237	Solido
147	214	203	Solido
169	238	231	Solido
157	227	216	Solido
132	183	162	Solido
109	161	143	Solido
176	254	247	Solido
173	242	237	Solido
108	162	148	Solido
150	206	195	Solido
188	254	240	Solido
174	238	224	Solido
125	171	163	Solido
154	220	210	Solido
149	213	214	Solido
112	159	162	Solido
163	226	224	Solido
149	213	195	Solido
128	190	184	Solido
139	210	193	Solido
169	243	234	Solido
148	208	184	Solido
131	183	172	Solido
101	145	139	Solido
126	171	168	Solido
153	217	219	Solido
147	203	204	Solido
111	157	151	Solido
115	161	151	Solido
162	232	232	Solido
158	222	198	Solido
144	199	188	Solido
153	209	199	Solido
166	233	223	Solido
170	239	225	Solido
173	231	215	Solido
166	230	221	Solido
183	241	212	Solido
166	234	212	Solido
138	198	194	Solido
171	238	228	Solido
178	245	240	Solido
174	246	239	Solido
176	250	227	Solido
146	207	208	Solido
123	172	180	Solido
174	246	229	Solido
167	239	225	Solido
171	246	238	Solido
157	222	208	Solido
151	206	198	Solido
141	196	191	Solido
147	202	176	Solido
155	221	211	Solido
139	196	204	Solido
149	216	209	Solido
151	209	194	Solido
156	224	217	Solido
150	218	212	Solido
163	231	225	Solido
159	228	221	Solido
157	220	218	Solido
115	163	159	Solido
143	205	197	Solido
171	236	234	Solido
135	197	195	Solido
159	226	209	Solido
156	224	211	Solido
63	101	116	Solido
172	244	234	Solido
131	185	191	Solido
119	166	174	Solido
175	247	243	Solido
145	204	181	Solido
161	227	231	Solido
108	159	171	Solido
153	205	201	Solido
180	253	247	Solido
103	155	152	Solido
156	224	206	Solido
170	238	230	Solido
166	231	226	Solido
137	191	166	Solido
156	213	200	Solido
149	203	184	Solido
151	205	195	Solido
152	218	209	Solido
160	228	217	Solido
158	218	216	Solido
142	202	187	Solido
169	239	225	Solido
158	225	213	Solido
153	223	201	Solido
154	207	185	Solido
77	120	147	Solido
175	252	247	Solido
142	199	188	Solido
166	235	223	Solido
176	244	242	Solido
136	195	185	Solido
176	252	248	Solido
182	249	229	Solido
156	226	216	Solido
179	252	246	Solido
55	80	82	Solido
152	222	213	Solido
137	202	200	Solido
161	227	224	Solido
151	214	204	Solido
137	186	193	Solido
138	197	185	Solido
165	231	226	Solido
59	90	91	Solido
163	229	222	Solido
122	173	152	Solido
96	146	150	Solido
114	166	149	Solido
116	168	164	Solido
128	184	180	Solido
179	251	240	Solido
143	201	181	Solido
178	247	221	Solido
135	191	173	Solido
101	150	147	Solido
149	199	189	Solido
180	252	245	Solido
144	200	211	Solido
119	173	161	Solido
140	192	191	Solido
161	229	220	Solido
170	236	232	Solido
172	237	233	Solido
152	217	221	Solido
142	202	196	Solido
119	171	166	Solido
168	230	230	Solido
177	254	245	Solido
133	192	190	Solido
174	250	244	Solido
111	171	175	Solido
159	220	223	Solido
154	211	209	Solido
75	108	101	Solido
173	245	231	Solido
167	225	200	Solido
140	197	180	Solido
152	217	208	Solido
149	213	206	Solido
137	193	194	Solido
137	198	206	Solido
175	245	234	Solido
123	172	160	Solido
169	235	237	Solido
177	251	244	Solido
176	248	245	Solido
175	246	238	Solido
131	180	171	Solido
120	154	139	Solido
167	236	231	Solido
161	227	210	Solido
155	218	218	Solido
143	194	180	Solido
97	148	146	Solido
161	224	222	Solido
165	235	227	Solido
163	229	210	Solido
163	223	226	Solido
155	220	213	Solido
115	163	157	Solido
179	252	235	Solido
176	250	241	Solido
174	244	232	Solido
155	220	221	Solido
154	222	216	Solido
126	190	165	Solido
168	235	230	Solido
177	251	247	Solido
109	159	152	Solido
66	110	148	Solido
158	224	214	Solido
139	193	191	Solido
143	206	197	Solido
150	211	193	Solido
79	127	133	Solido
139	191	185	Solido
156	214	198	Solido
175	247	243	Solido
135	189	175	Solido
177	250	244	Solido
169	243	215	Solido
126	179	175	Solido
165	233	230	Solido
67	101	122	Solido
164	232	226	Solido
177	247	219	Solido
167	238	226	Solido
151	208	190	Solido
161	226	218	Solido
149	211	220	Solido
154	218	214	Solido
76	127	155	Solido
139	202	194	Solido
163	228	222	Solido
176	250	245	Solido
171	239	239	Solido
177	250	233	Solido
175	242	240	Solido
175	251	244	Solido
86	124	123	Solido
149	209	197	Solido
175	249	242	Solido
157	226	226	Solido
165	236	226	Solido
151	215	217	Solido
167	233	231	Solido
169	246	240	Solido
156	219	213	Solido
170	244	240	Solido
176	237	217	Solido
179	247	233	Solido
138	190	181	Solido
135	188	172	Solido
169	238	226	Solido
135	187	172	Solido
183	253	234	Solido
139	203	194	Solido
171	247	243	Solido
155	224	215	Solido
117	161	167	Solido
152	211	193	Solido
179	254	248	Solido
158	221	217	Solido
91	154	142	Solido
165	233	222	Solido
181	254	244	Solido
150	214	212	Solido
159	222	224	Solido
121	169	149	Solido
124	172	167	Solido
98	146	143	Solido
163	235	234	Solido
179	252	237	Solido
169	236	225	Solido
166	228	231	Solido
174	244	240	Solido
137	193	173	Solido
159	218	222	Solido
168	232	227	Solido
155	218	214	Solido
87	130	119	Solido
128	180	160	Solido
125	186	169	Solido
168	232	201	Solido
130	185	167	Solido
154	222	226	Solido
103	147	137	Solido
177	250	244	Solido
149	209	211	Solido
166	233	222	Solido
131	186	187	Solido
122	171	180	Solido
169	239	215	Solido
165	230	221	Solido
165	235	238	Solido
142	198	176	Solido
97	155	161	Solido
155	218	212	Solido
165	231	228	Solido
127	191	175	Solido
170	226	226	Solido
161	230	219	Solido
149	205	191	Solido
176	252	249	Solido
161	221	212	Solido
167	238	227	Solido
143	210	205	Solido
131	189	197	Solido
160	221	213	Solido
104	159	165	Solido
168	234	224	Solido
161	231	218	Solido
124	174	162	Solido
157	224	215	Solido
151	207	197	Solido
141	206	188	Solido
141	206	195	Solido
139	195	175	Solido
178	254	248	Solido
156	221	210	Solido
169	239	220	Solido
161	218	227	Solido
143	209	205	Solido
145	205	199	Solido
157	222	220	Solido
136	196	206	Solido
181	252	249	Solido
157	227	217	Solido
128	186	182	Solido
163	227	222	Solido
175	250	244	Solido
196	254	245	Solido
114	166	162	Solido
80	128	153	Solido
172	241	234	Solido
74	116	108	Solido
149	210	187	Solido
165	233	222	Solido
174	241	238	Solido
141	195	185	Solido
183	249	239	Solido
129	184	171	Solido
173	245	244	Solido
180	253	247	Solido
155	221	213	Solido
154	214	217	Solido
143	202	199	Solido
171	241	237	Solido
68	103	111	Solido
133	187	193	Solido
151	208	190	Solido
90	138	133	Solido
156	220	213	Solido
141	201	204	Solido
128	177	165	Solido
165	235	236	Solido
122	172	153	Solido
153	216	208	Solido
155	222	223	Solido
141	195	187	Solido
147	210	208	Solido
131	183	165	Solido
162	223	210	Solido
179	252	247	Solido
102	132	112	Solido
164	224	207	Solido
165	224	213	Solido
171	235	227	Solido
168	237	237	Solido
101	145	135	Solido
166	225	214	Solido
80	120	123	Solido
120	173	158	Solido
162	232	226	Solido
152	217	205	Solido
153	220	213	Solido
121	180	164	Solido
154	220	200	Solido
127	182	166	Solido
167	233	220	Solido
135	192	178	Solido
156	220	219	Solido
113	174	173	Solido
174	247	244	Solido
155	218	219	Solido
167	235	227	Solido
77	113	112	Solido
152	217	210	Solido
144	198	179	Solido
174	242	231	Solido
115	163	158	Solido
171	239	236	Solido
173	243	229	Solido
134	179	182	Solido
131	194	193	Solido
105	147	150	Solido
165	235	222	Solido
163	228	232	Solido
159	225	216	Solido
145	215	203	Solido
168	233	230	Solido
137	192	178	Solido
165	223	222	Solido
173	237	234	Solido
157	221	228	Solido
133	187	194	Solido
147	208	198	Solido
172	242	218	Solido
175	249	244	Solido
179	252	246	Solido
159	223	218	Solido
133	186	173	Solido
171	237	217	Solido
165	228	224	Solido
137	203	200	Solido
130	186	176	Solido
165	230	226	Solido
135	191	173	Solido
170	241	233	Solido
133	188	165	Solido
175	246	240	Solido
139	194	191	Solido
159	225	225	Solido
177	252	249	Solido
182	241	230	Solido
172	241	232	Solido
152	217	214	Solido
184	254	232	Solido
110	167	176	Solido
147	208	202	Solido
100	137	124	Solido
169	241	222	Solido
159	224	216	Solido
140	198	184	Solido
163	221	223	Solido
181	254	242	Solido
158	227	218	Solido
165	233	230	Solido
141	203	198	Solido
159	226	209	Solido
150	213	194	Solido
157	222	212	Solido
167	238	223	Solido
180	254	238	Solido
171	238	234	Solido
133	199	181	Solido
148	210	197	Solido
159	223	206	Solido
142	194	189	Solido
163	233	223	Solido
144	202	180	Solido
167	237	224	Solido
159	221	203	Solido
168	235	235	Solido
154	215	215	Solido
153	217	208	Solido
161	229	212	Solido
177	252	249	Solido
125	191	200	Solido
163	232	219	Solido
166	230	206	Solido
173	241	234	Solido
164	224	218	Solido
151	215	219	Solido
157	227	214	Solido
176	250	244	Solido
170	239	220	Solido
183	254	249	Solido
170	238	234	Solido
157	211	182	Solido
125	178	194	Solido
139	202	183	Solido
137	184	180	Solido
170	240	232	Solido
150	202	197	Solido
138	191	177	Solido
171	242	230	Solido
176	247	238	Solido
162	230	222	Solido
122	176	171	Solido
117	162	183	Solido
155	223	213	Solido
181	250	245	Solido
163	225	229	Solido
155	223	217	Solido
171	240	224	Solido
162	226	230	Solido
159	224	207	Solido
167	232	217	Solido
152	217	214	Solido
158	221	203	Solido
164	230	229	Solido
176	242	240	Solido
176	249	247	Solido
153	215	209	Solido
135	206	194	Solido
152	206	201	Solido
169	242	237	Solido
89	136	145	Solido
163	232	223	Solido
91	131	165	Solido
146	204	199	Solido
173	240	227	Solido
105	163	153	Solido
175	245	238	Solido
152	217	222	Solido
83	120	133	Solido
173	245	237	Solido
166	224	210	Solido
167	235	227	Solido
139	195	200	Solido
171	243	228	Solido
165	232	223	Solido
173	231	215	Solido
138	189	178	Solido
164	227	221	Solido
133	183	184	Solido
131	192	193	Solido
89	133	153	Solido
184	254	247	Solido
119	163	185	Solido
175	243	241	Solido
143	209	203	Solido
149	213	208	Solido
164	236	227	Solido
150	205	180	Solido
168	239	218	Solido
178	249	244	Solido
139	203	193	Solido
165	227	228	Solido
170	234	233	Solido
112	173	171	Solido
171	244	240	Solido
167	232	226	Solido
131	187	173	Solido
138	197	198	Solido
168	235	229	Solido
153	209	196	Solido
173	239	234	Solido
154	210	200	Solido
177	250	239	Solido
151	213	214	Solido
81	115	115	Solido
99	149	143	Solido
172	237	230	Solido
163	227	221	Solido
135	196	194	Solido
130	189	194	Solido
175	247	241	Solido
126	173	170	Solido
55	83	90	Solido
178	251	242	Solido
164	232	224	Solido
116	170	155	Solido
134	195	195	Solido
169	233	228	Solido
157	219	221	Solido
127	185	172	Solido
161	224	223	Solido
149	214	206	Solido
109	149	171	Solido
137	187	182	Solido
176	247	242	Solido
126	180	174	Solido
91	137	131	Solido
72	101	94	Solido
177	252	247	Solido
151	212	189	Solido
129	187	172	Solido
173	241	236	Solido
153	214	213	Solido
136	195	174	Solido
139	193	191	Solido
130	184	169	Solido
137	185	185	Solido
138	191	192	Solido
150	201	210	Solido
175	249	243	Solido
143	205	197	Solido
174	246	238	Solido
123	175	171	Solido
141	202	178	Solido
169	232	221	Solido
95	132	137	Solido
167	236	228	Solido
158	228	219	Solido
163	227	223	Solido
150	216	204	Solido
115	160	164	Solido
120	166	154	Solido
114	150	116	Solido
161	226	209	Solido
160	224	200	Solido
110	173	168	Solido
133	183	173	Solido
166	233	228	Solido
163	219	210	Solido
137	191	175	Solido
110	158	158	Solido
168	236	235	Solido
172	236	227	Solido
179	252	247	Solido
158	228	225	Solido
139	191	181	Solido
155	230	229	Solido
168	233	230	Solido
177	250	247	Solido
96	139	129	Solido
155	219	210	Solido
87	134	134	Solido
138	190	180	Solido
179	254	248	Solido
142	208	194	Solido
156	213	200	Solido
169	236	234	Solido
158	217	203	Solido
165	231	224	Solido
100	150	158	Solido
160	231	208	Solido
95	134	146	Solido
163	228	208	Solido
140	200	197	Solido
142	200	178	Solido
160	214	206	Solido
140	200	193	Solido
176	242	241	Solido
162	228	221	Solido
105	157	154	Solido
118	167	160	Solido
148	201	190	Solido
149	200	187	Solido
149	207	183	Solido
152	213	215	Solido
51	87	100	Solido
137	189	185	Solido
109	164	172	Solido
139	196	179	Solido
175	248	246	Solido
171	233	216	Solido
135	196	183	Solido
162	229	218	Solido
147	212	196	Solido
159	224	222	Solido
128	172	175	Solido
104	150	140	Solido
154	221	209	Solido
176	243	235	Solido
82	121	111	Solido
145	200	185	Solido
108	160	150	Solido
176	250	245	Solido
138	194	177	Solido
120	179	186	Solido
173	250	243	Solido
137	191	184	Solido
173	244	241	Solido
161	227	217	Solido
173	239	232	Solido
149	212	187	Solido
145	198	187	Solido
179	248	232	Solido
168	242	238	Solido
177	246	231	Solido
145	209	201	Solido
154	217	210	Solido
128	180	172	Solido
152	211	207	Solido
120	175	159	Solido
157	223	215	Solido
169	241	227	Solido
128	191	172	Solido
163	236	219	Solido
154	220	212	Solido
141	196	171	Solido
178	250	227	Solido
139	203	193	Solido
158	212	193	Solido
175	251	246	Solido
185	251	236	Solido
165	229	227	Solido
174	248	244	Solido
174	238	239	Solido
163	225	220	Solido
171	233	234	Solido
155	223	216	Solido
117	164	169	Solido
153	217	199	Solido
164	226	219	Solido
86	131	133	Solido
166	239	234	Solido
169	236	214	Solido
167	233	233	Solido
144	200	181	Solido
87	132	129	Solido
145	199	190	Solido
122	171	167	Solido
165	229	197	Solido
113	149	115	Solido
153	208	202	Solido
189	254	244	Solido
162	232	212	Solido
99	146	153	Solido
165	236	227	Solido
167	242	236	Solido
125	179	162	Solido
149	212	205	Solido
131	191	167	Solido
143	203	201	Solido
104	161	164	Solido
146	209	221	Solido
169	220	212	Solido
172	247	241	Solido
113	160	181	Solido
139	206	212	Solido
142	204	202	Solido
173	246	235	Solido
165	225	200	Solido
151	201	186	Solido
173	247	243	Solido
159	219	197	Solido
143	198	194	Solido
153	222	214	Solido
92	134	134	Solido
159	224	219	Solido
172	234	227	Solido
171	239	238	Solido
92	139	139	Solido
167	236	230	Solido
149	213	190	Solido
123	186	185	Solido
143	204	208	Solido
111	165	153	Solido
119	169	162	Solido
172	242	228	Solido
146	208	201	Solido
175	238	231	Solido
144	205	185	Solido
134	189	178	Solido
182	254	250	Solido
131	177	178	Solido
152	216	210	Solido
126	168	169	Solido
173	241	236	Solido
161	220	216	Solido
173	247	239	Solido
149	201	190	Solido
141	204	198	Solido
117	164	173	Solido
180	250	228	Solido
162	230	226	Solido
147	204	208	Solido
136	189	179	Solido
157	220	219	Solido
165	234	224	Solido
167	239	231	Solido
174	246	243	Solido
164	232	227	Solido
127	181	191	Solido
174	249	243	Solido
140	198	191	Solido
135	183	177	Solido
129	192	177	Solido
149	217	203	Solido
178	253	242	Solido
175	252	247	Solido
160	227	212	Solido
175	251	245	Solido
139	189	185	Solido
157	225	212	Solido
154	220	210	Solido
166	230	225	Solido
182	254	238	Solido
154	216	211	Solido
149	213	199	Solido
162	232	225	Solido
89	139	155	Solido
182	254	245	Solido
175	249	244	Solido
158	226	217	Solido
118	169	162	Solido
182	254	234	Solido
141	195	211	Solido
170	239	214	Solido
116	171	166	Solido
182	254	249	Solido
144	197	185	Solido
157	228	216	Solido
163	236	225	Solido
144	197	197	Solido
144	204	199	Solido
85	124	129	Solido
93	141	140	Solido
155	222	212	Solido
134	198	188	Solido
89	131	139	Solido
167	235	223	Solido
184	250	224	Solido
173	240	234	Solido
109	159	163	Solido
181	248	223	Solido
174	246	234	Solido
145	205	200	Solido
156	223	209	Solido
173	238	222	Solido
153	219	205	Solido
185	254	248	Solido
154	224	222	Solido
158	225	215	Solido
180	242	226	Solido
124	174	158	Solido
188	254	236	Solido
156	226	216	Solido
142	197	180	Solido
163	235	230	Solido
105	157	154	Solido
89	139	128	Solido
131	178	173	Solido
158	224	222	Solido
156	215	220	Solido
171	236	231	Solido
154	223	215	Solido
140	202	191	Solido
165	222	206	Solido
180	249	242	Solido
162	220	190	Solido
93	141	135	Solido
153	213	211	Solido
117	179	168	Solido
151	207	195	Solido
101	147	144	Solido
162	232	221	Solido
175	237	213	Solido
81	121	130	Solido
131	186	183	Solido
119	169	173	Solido
116	175	169	Solido
157	225	217	Solido
105	137	111	Solido
158	222	229	Solido
169	237	213	Solido
173	244	242	Solido
177	244	231	Solido
137	195	184	Solido
174	233	211	Solido
137	196	182	Solido
167	226	209	Solido
175	246	226	Solido
183	254	246	Solido
155	225	216	Solido
142	204	200	Solido
132	189	185	Solido
161	228	215	Solido
164	233	223	Solido
178	241	240	Solido
149	210	202	Solido
153	219	206	Solido
125	176	165	Solido
170	242	228	Solido
151	209	217	Solido
155	221	205	Solido
89	137	133	Solido
184	254	247	Solido
149	206	201	Solido
175	240	238	Solido
116	165	161	Solido
158	218	223	Solido
172	245	240	Solido
150	215	205	Solido
111	158	153	Solido
166	233	221	Solido
165	231	226	Solido
113	159	150	Solido
59	101	140	Solido
126	181	173	Solido
148	211	185	Solido
177	249	244	Solido
167	233	229	Solido
132	179	177	Solido
147	206	205	Solido
82	114	102	Solido
162	232	223	Solido
168	237	233	Solido
105	138	113	Solido
119	171	156	Solido
116	170	155	Solido
169	235	229	Solido
165	220	207	Solido
128	191	188	Solido
149	214	197	Solido
145	204	179	Solido
173	241	238	Solido
161	230	213	Solido
130	185	185	Solido
165	229	225	Solido
171	241	234	Solido
123	176	164	Solido
140	202	193	Solido
156	209	187	Solido
147	201	199	Solido
164	232	222	Solido
169	242	230	Solido
178	249	247	Solido
172	244	241	Solido
103	154	187	Solido
156	221	212	Solido
168	229	218	Solido
115	164	165	Solido
175	248	234	Solido
140	203	197	Solido
167	231	231	Solido
155	219	203	Solido
173	249	244	Solido
141	200	193	Solido
123	183	173	Solido
179	254	241	Solido
167	238	224	Solido
154	210	212	Solido
173	247	240	Solido
126	184	186	Solido
173	240	234	Solido
171	244	229	Solido
146	213	193	Solido
134	187	177	Solido
175	242	239	Solido
133	195	187	Solido
113	157	161	Solido
171	243	237	Solido
172	246	240	Solido
147	206	202	Solido
114	149	123	Solido
172	239	239	Solido
171	246	240	Solido
54	84	99	Solido
155	209	199	Solido
175	249	240	Solido
120	171	171	Solido
165	229	225	Solido
179	253	247	Solido
146	213	222	Solido
159	223	202	Solido
140	197	187	Solido
164	227	217	Solido
159	224	216	Solido
171	232	231	Solido
153	208	200	Solido
153	213	207	Solido
95	149	165	Solido
131	191	175	Solido
142	195	180	Solido
120	186	175	Solido
174	249	243	Solido
162	233	230	Solido
129	177	179	Solido
113	166	159	Solido
158	215	200	Solido
126	178	187	Solido
169	244	238	Solido
153	211	206	Solido
165	233	222	Solido
167	230	232	Solido
111	171	166	Solido
173	241	233	Solido
137	198	199	Solido
83	127	143	Solido
144	201	189	Solido
159	227	217	Solido
168	235	235	Solido
130	182	179	Solido
136	191	182	Solido
160	224	217	Solido
163	231	224	Solido
135	187	177	Solido
137	198	179	Solido
106	153	153	Solido
126	184	172	Solido
160	224	225	Solido
128	184	166	Solido
151	218	211	Solido
182	254	238	Solido
175	244	235	Solido
133	191	194	Solido
176	237	222	Solido
149	208	179	Solido
153	217	199	Solido
148	205	194	Solido
91	124	106	Solido
157	216	212	Solido
145	207	199	Solido
173	244	232	Solido
141	200	197	Solido
155	220	225	Solido
140	194	174	Solido
172	246	243	Solido
175	247	244	Solido
128	177	172	Solido
79	115	137	Solido
161	226	212	Solido
171	245	242	Solido
148	206	190	Solido
140	196	196	Solido
161	224	220	Solido
165	229	225	Solido
141	203	178	Solido
178	249	241	Solido
156	221	202	Solido
154	219	202	Solido
83	132	126	Solido
159	226	217	Solido
167	237	220	Solido
143	202	195	Solido
161	229	206	Solido
172	237	230	Solido
161	229	222	Solido
47	71	84	Solido
161	224	222	Solido
123	177	183	Solido
149	203	183	Solido
172	240	227	Solido
175	249	237	Solido
119	183	170	Solido
164	229	230	Solido
159	225	202	Solido
163	232	218	Solido
116	162	160	Solido
138	199	179	Solido
175	243	240	Solido
155	211	202	Solido
156	221	209	Solido
121	169	165	Solido
134	198	193	Solido
156	217	212	Solido
145	210	199	Solido
116	164	161	Solido
151	208	199	Solido
143	194	188	Solido
171	233	210	Solido
142	197	172	Solido
174	249	244	Solido
168	237	231	Solido
164	230	218	Solido
173	243	240	Solido
101	151	147	Solido
175	246	229	Solido
134	182	174	Solido
179	250	236	Solido
169	233	234	Solido
170	240	226	Solido
158	216	195	Solido
161	227	208	Solido
78	121	131	Solido
143	198	189	Solido
167	234	228	Solido
162	230	218	Solido
174	248	244	Solido
179	252	244	Solido
143	206	203	Solido
175	243	239	Solido
171	235	230	Solido
172	237	236	Solido
88	133	131	Solido
174	250	244	Solido
180	251	243	Solido
131	189	171	Solido
153	217	214	Solido
143	204	204	Solido
115	165	157	Solido
165	228	228	Solido
146	204	181	Solido
140	189	171	Solido
172	239	240	Solido
156	220	202	Solido
172	241	229	Solido
156	218	222	Solido
142	202	179	Solido
132	186	171	Solido
118	168	156	Solido
99	146	148	Solido
158	224	214	Solido
143	203	204	Solido
143	202	191	Solido
92	132	121	Solido
175	245	232	Solido
138	186	185	Solido
183	254	254	Solido
110	164	153	Solido
158	227	218	Solido
97	154	145	Solido
150	221	214	Solido
158	217	213	Solido
157	218	221	Solido
155	211	201	Solido
163	226	223	Solido
151	207	185	Solido
158	221	217	Solido
189	254	245	Solido
179	253	247	Solido
161	216	205	Solido
127	189	175	Solido
151	218	215	Solido
149	215	209	Solido
123	179	162	Solido
139	189	180	Solido
156	221	218	Solido
174	245	243	Solido
153	210	214	Solido
175	241	240	Solido
163	234	217	Solido
149	209	201	Solido
133	184	172	Solido
156	224	215	Solido
153	222	215	Solido
123	179	171	Solido
169	236	237	Solido
128	181	176	Solido
166	230	229	Solido
49	81	108	Solido
176	246	224	Solido
103	151	152	Solido
142	203	184	Solido
136	191	190	Solido
136	191	191	Solido
140	198	193	Solido
163	234	227	Solido
112	165	174	Solido
155	216	215	Solido
109	159	153	Solido
155	224	219	Solido
171	237	236	Solido
159	227	216	Solido
103	136	108	Solido
181	253	248	Solido
133	184	174	Solido
125	183	181	Solido
80	135	158	Solido
171	246	244	Solido
148	213	206	Solido
122	174	179	Solido
171	246	233	Solido
138	193	183	Solido
99	127	104	Solido
158	225	221	Solido
169	238	228	Solido
157	222	214	Solido
166	223	216	Solido
166	233	207	Solido
159	224	221	Solido
160	228	219	Solido
158	221	213	Solido
167	222	214	Solido
149	215	209	Solido
161	220	222	Solido
141	201	182	Solido
109	151	165	Solido
105	158	175	Solido
161	231	218	Solido
165	233	221	Solido
166	236	212	Solido
153	219	207	Solido
159	216	201	Solido
171	240	225	Solido
171	233	218	Solido
134	185	178	Solido
151	218	201	Solido
150	214	193	Solido
132	181	173	Solido
154	222	215	Solido
167	232	236	Solido
163	229	230	Solido
160	225	220	Solido
132	192	174	Solido
178	250	246	Solido
171	237	234	Solido
152	216	201	Solido
148	212	198	Solido
139	199	191	Solido
164	234	226	Solido
132	183	202	Solido
144	208	190	Solido
115	170	154	Solido
178	252	248	Solido
172	243	233	Solido
188	254	249	Solido
160	224	216	Solido
146	205	185	Solido
138	203	200	Solido
165	234	226	Solido
92	125	105	Solido
162	229	221	Solido
141	204	196	Solido
163	225	218	Solido
170	241	230	Solido
116	175	170	Solido
151	205	195	Solido
171	238	231	Solido
172	243	235	Solido
139	199	172	Solido
150	214	213	Solido
153	213	192	Solido
164	229	224	Solido
87	136	135	Solido
168	233	227	Solido
163	225	230	Solido
159	227	207	Solido
144	207	174	Solido
144	212	191	Solido
91	130	133	Solido
146	205	191	Solido
159	217	207	Solido
165	229	229	Solido
152	217	201	Solido
85	137	145	Solido
168	235	235	Solido
176	248	235	Solido
165	231	233	Solido
115	163	165	Solido
167	235	227	Solido
173	248	233	Solido
156	220	219	Solido
145	208	209	Solido
104	155	149	Solido
147	210	198	Solido
79	131	125	Solido
90	144	155	Solido
148	202	195	Solido
139	199	191	Solido
153	220	212	Solido
167	231	226	Solido
135	196	191	Solido
164	228	223	Solido
161	224	217	Solido
84	123	119	Solido
165	232	225	Solido
136	194	172	Solido
149	212	194	Solido
148	212	209	Solido
157	221	211	Solido
178	253	248	Solido
177	252	244	Solido
173	236	230	Solido
96	140	126	Solido
169	237	230	Solido
122	174	167	Solido
144	198	188	Solido
177	246	239	Solido
174	243	236	Solido
145	206	200	Solido
139	198	204	Solido
177	249	236	Solido
174	246	244	Solido
149	209	199	Solido
157	219	210	Solido
143	208	197	Solido
134	198	208	Solido
173	239	239	Solido
165	227	224	Solido
157	223	211	Solido
121	171	172	Solido
113	156	143	Solido
84	137	151	Solido
154	222	215	Solido
123	174	161	Solido
135	194	205	Solido
167	235	214	Solido
151	223	207	Solido
130	188	192	Solido
175	247	243	Solido
135	186	187	Solido
167	235	223	Solido
178	253	249	Solido
137	196	186	Solido
143	198	171	Solido
173	245	238	Solido
167	232	225	Solido
158	222	207	Solido
154	217	209	Solido
160	223	219	Solido
169	235	236	Solido
158	220	218	Solido
159	222	225	Solido
96	145	134	Solido
163	236	228	Solido
167	234	225	Solido
171	246	244	Solido
155	215	217	Solido
101	150	160	Solido
154	213	202	Solido
171	227	207	Solido
169	237	236	Solido
163	231	215	Solido
162	231	217	Solido
102	151	142	Solido
165	235	232	Solido
154	222	220	Solido
161	227	218	Solido
163	228	218	Solido
169	238	237	Solido
188	254	240	Solido
156	227	205	Solido
162	234	208	Solido
167	229	227	Solido
137	190	174	Solido
92	137	140	Solido
154	217	209	Solido
114	163	163	Solido
152	215	216	Solido
147	204	186	Solido
171	240	240	Solido
156	225	216	Solido
130	177	177	Solido
151	212	221	Solido
121	171	161	Solido
143	194	189	Solido
140	198	187	Solido
119	169	165	Solido
177	248	241	Solido
157	212	207	Solido
99	151	144	Solido
179	245	241	Solido
120	179	186	Solido
127	185	182	Solido
156	217	204	Solido
167	234	220	Solido
116	166	152	Solido
157	218	198	Solido
109	161	171	Solido
98	153	163	Solido
169	235	232	Solido
178	245	237	Solido
176	252	242	Solido
126	176	179	Solido
125	175	174	Solido
133	186	180	Solido
105	159	172	Solido
180	253	241	Solido
147	209	205	Solido
173	249	231	Solido
152	210	194	Solido
91	151	160	Solido
161	230	217	Solido
112	155	144	Solido
173	236	236	Solido
175	244	223	Solido
183	254	238	Solido
170	233	218	Solido
175	240	238	Solido
164	231	223	Solido
154	209	199	Solido
164	233	215	Solido
148	207	219	Solido
138	192	182	Solido
163	229	203	Solido
170	242	238	Solido
161	226	224	Solido
151	218	210	Solido
134	191	171	Solido
145	206	191	Solido
109	156	146	Solido
142	208	202	Solido
154	222	215	Solido
124	183	183	Solido
163	233	218	Solido
160	227	219	Solido
110	162	154	Solido
146	199	191	Solido
154	220	205	Solido
173	238	234	Solido
179	244	229	Solido
153	209	196	Solido
162	216	198	Solido
129	189	191	Solido
102	152	160	Solido
130	183	174	Solido
151	211	201	Solido
175	245	235	Solido
165	228	217	Solido
182	254	238	Solido
175	242	239	Solido
92	135	149	Solido
92	135	126	Solido
168	238	233	Solido
68	114	135	Solido
152	215	212	Solido
177	250	245	Solido
177	251	244	Solido
153	221	209	Solido
128	170	150	Solido
173	248	241	Solido
166	238	235	Solido
169	237	227	Solido
179	252	245	Solido
154	218	201	Solido
141	193	171	Solido
161	228	221	Solido
160	223	228	Solido
167	230	229	Solido
164	217	215	Solido
139	191	172	Solido
135	191	175	Solido
178	252	247	Solido
171	244	238	Solido
177	252	244	Solido
162	228	227	Solido
173	235	236	Solido
155	213	182	Solido
141	189	186	Solido
176	241	236	Solido
133	183	193	Solido
163	227	229	Solido
100	143	134	Solido
79	123	121	Solido
159	226	215	Solido
173	247	245	Solido
177	249	246	Solido
125	175	159	Solido
165	228	224	Solido
132	195	190	Solido
178	252	246	Solido
163	229	228	Solido
169	237	219	Solido
137	203	189	Solido
133	183	169	Solido
163	230	199	Solido
155	218	220	Solido
155	220	204	Solido
83	129	148	Solido
83	133	147	Solido
170	240	227	Solido
160	229	218	Solido
175	250	244	Solido
154	217	206	Solido
151	214	201	Solido
165	233	221	Solido
163	228	221	Solido
155	211	209	Solido
126	181	182	Solido
165	242	240	Solido
147	210	191	Solido
132	191	173	Solido
148	209	213	Solido
161	232	224	Solido
151	211	194	Solido
170	237	233	Solido
147	207	210	Solido
174	242	237	Solido
104	154	147	Solido
109	153	160	Solido
129	188	184	Solido
175	250	237	Solido
179	252	248	Solido
146	198	199	Solido
166	234	226	Solido
114	174	166	Solido
175	250	243	Solido
173	242	224	Solido
147	208	196	Solido
120	166	176	Solido
181	253	247	Solido
116	174	177	Solido
109	160	159	Solido
127	181	168	Solido
151	205	190	Solido
185	254	249	Solido
169	232	207	Solido
163	226	213	Solido
123	168	154	Solido
176	247	246	Solido
142	201	185	Solido
144	207	193	Solido
184	254	254	Solido
139	195	176	Solido
158	220	197	Solido
180	254	246	Solido
157	222	228	Solido
87	133	135	Solido
100	147	139	Solido
89	147	150	Solido
170	242	244	Solido
151	213	195	Solido
179	254	245	Solido
183	254	250	Solido
177	248	241	Solido
182	254	252	Solido
177	252	249	Solido
173	245	240	Solido
165	237	236	Solido
123	175	167	Solido
107	157	149	Solido
185	254	245	Solido
120	171	164	Solido
163	225	215	Solido
119	169	142	Solido
94	160	157	Solido
173	244	238	Solido
172	241	238	Solido
183	253	248	Solido
173	246	244	Solido
170	239	238	Solido
186	254	254	Solido
125	190	175	Solido
173	247	241	Solido
178	252	245	Solido
181	253	245	Solido
145	204	183	Solido
174	243	238	Solido
166	235	232	Solido
189	254	254	Solido
161	229	226	Solido
170	234	214	Solido
137	191	180	Solido
170	241	232	Solido
180	254	248	Solido
167	236	235	Solido
176	250	242	Solido
172	243	241	Solido
103	151	149	Solido
95	140	139	Solido
175	248	244	Solido
164	233	226	Solido
176	246	236	Solido
179	250	246	Solido
171	241	243	Solido
156	223	197	Solido
173	245	241	Solido
131	188	175	Solido
189	254	254	Solido
180	254	245	Solido
178	249	241	Solido
177	249	241	Solido
179	254	248	Solido
183	254	250	Solido
182	254	248	Solido
189	254	254	Solido
181	254	246	Solido
177	249	245	Solido
181	254	246	Solido
181	254	251	Solido
102	155	153	Solido
123	174	165	Solido
121	173	164	Solido
150	216	219	Solido
119	165	153	Solido
149	210	227	Solido
120	173	165	Solido
174	245	244	Solido
173	242	241	Solido
136	185	168	Solido
80	120	118	Solido
99	149	139	Solido
186	254	253	Solido
113	165	157	Solido
183	254	249	Solido
125	175	165	Solido
150	211	193	Solido
98	137	131	Solido
180	251	248	Solido
175	246	244	Solido
150	205	189	Solido
181	254	252	Solido
123	179	168	Solido
123	176	169	Solido
186	254	254	Solido
178	253	248	Solido
180	251	243	Solido
143	200	185	Solido
172	245	239	Solido
163	234	229	Solido
179	252	247	Solido
182	254	249	Solido
182	254	253	Solido
154	213	197	Solido
166	233	211	Solido
159	216	197	Solido
173	243	240	Solido
180	254	241	Solido
183	254	246	Solido
128	180	169	Solido
185	254	251	Solido
152	206	187	Solido
179	250	244	Solido
164	234	234	Solido
138	193	180	Solido
120	171	163	Solido
182	254	251	Solido
185	254	251	Solido
171	240	237	Solido
183	254	252	Solido
159	224	229	Solido
125	177	171	Solido
177	244	227	Solido
177	247	242	Solido
182	254	244	Solido
104	149	150	Solido
181	254	246	Solido
105	157	153	Solido
136	191	173	Solido
176	245	247	Solido
180	253	249	Solido
111	154	153	Solido
183	254	247	Solido
88	131	130	Solido
132	186	158	Solido
181	253	245	Solido
179	246	225	Solido
179	250	242	Solido
183	254	252	Solido
93	133	131	Solido
107	153	153	Solido
188	254	254	Solido
179	252	246	Solido
178	248	243	Solido
183	254	250	Solido
169	241	236	Solido
134	188	165	Solido
153	209	189	Solido
177	249	247	Solido
141	193	179	Solido
181	253	251	Solido
118	182	170	Solido
180	253	250	Solido
130	185	175	Solido
105	150	148	Solido
173	243	234	Solido
182	254	253	Solido
177	249	241	Solido
84	133	131	Solido
181	250	241	Solido
180	252	250	Solido
171	240	241	Solido
140	191	172	Solido
93	147	143	Solido
105	168	157	Solido
175	248	241	Solido
133	194	179	Solido
177	250	248	Solido
180	250	247	Solido
92	133	136	Solido
137	195	177	Solido
136	198	183	Solido
181	254	248	Solido
146	199	187	Solido
169	232	213	Solido
118	169	159	Solido
91	138	140	Solido
108	162	156	Solido
110	153	143	Solido
179	252	250	Solido
98	151	141	Solido
132	186	176	Solido
112	162	157	Solido
142	209	211	Solido
183	254	246	Solido
170	239	236	Solido
127	183	166	Solido
116	181	168	Solido
174	248	245	Solido
100	151	147	Solido
92	137	129	Solido
160	223	212	Solido
178	247	239	Solido
177	252	246	Solido
181	251	248	Solido
174	245	242	Solido
