33	83	132	Poro
75	161	203	Poro
31	100	163	Poro
88	170	205	Poro
31	112	177	Poro
55	132	176	Poro
54	134	181	Poro
25	98	186	Poro
41	115	170	Poro
34	102	160	Poro
59	142	197	Poro
20	76	138	Poro
81	161	201	Poro
16	85	173	Poro
32	107	173	Poro
22	106	189	Poro
33	108	196	Poro
37	110	178	Poro
28	97	166	Poro
28	102	196	Poro
52	90	96	Poro
30	92	159	Poro
33	107	196	Poro
70	146	180	Poro
22	88	159	Poro
37	107	158	Poro
32	74	114	Poro
22	89	115	Poro
33	101	177	Poro
25	83	135	Poro
24	72	126	Poro
27	88	157	Poro
14	63	142	Poro
37	113	162	Poro
22	93	175	Poro
54	98	97	Poro
38	91	129	Poro
29	106	179	Poro
27	97	178	Poro
31	111	182	Poro
20	59	100	Poro
26	92	135	Poro
43	98	138	Poro
18	56	91	Poro
35	106	167	Poro
30	107	183	Poro
14	50	95	Poro
88	166	199	Poro
26	88	121	Poro
24	71	115	Poro
11	55	121	Poro
35	110	183	Poro
13	50	95	Poro
41	104	139	Poro
27	92	151	Poro
25	87	143	Poro
29	94	162	Poro
37	117	186	Poro
29	108	190	Poro
18	74	125	Poro
35	112	190	Poro
56	131	183	Poro
28	93	153	Poro
31	109	167	Poro
51	111	155	Poro
49	125	183	Poro
29	84	113	Poro
67	148	187	Poro
84	164	200	Poro
40	106	144	Poro
36	95	157	Poro
26	103	183	Poro
47	114	159	Poro
38	84	103	Poro
49	120	175	Poro
26	105	187	Poro
49	89	90	Poro
23	98	182	Poro
9	51	118	Poro
26	105	168	Poro
73	153	202	Poro
24	103	189	Poro
14	58	72	Poro
24	106	198	Poro
55	118	177	Poro
24	86	149	Poro
22	101	193	Poro
28	92	147	Poro
30	100	159	Poro
57	107	131	Poro
26	97	180	Poro
30	76	100	Poro
18	61	72	Poro
29	89	160	Poro
65	140	186	Poro
48	117	141	Poro
34	91	160	Poro
45	127	187	Poro
32	90	150	Poro
29	103	167	Poro
51	131	192	Poro
27	96	183	Poro
28	106	184	Poro
71	149	179	Poro
31	111	187	Poro
11	35	67	Poro
24	66	100	Poro
26	109	191	Poro
50	129	186	Poro
26	95	183	Poro
37	113	187	Poro
57	133	185	Poro
31	104	198	Poro
35	104	170	Poro
24	93	180	Poro
65	139	174	Poro
23	94	141	Poro
93	177	204	Poro
32	93	186	Poro
60	122	161	Poro
26	106	195	Poro
26	74	131	Poro
24	70	123	Poro
33	93	153	Poro
27	105	186	Poro
29	109	194	Poro
30	110	193	Poro
155	217	185	Poro
29	89	147	Poro
32	108	173	Poro
32	93	153	Poro
29	109	191	Poro
25	105	193	Poro
24	69	106	Poro
33	116	180	Poro
76	159	206	Poro
22	99	181	Poro
34	102	186	Poro
25	78	114	Poro
29	106	197	Poro
22	78	134	Poro
26	95	161	Poro
26	103	187	Poro
39	111	185	Poro
25	100	181	Poro
43	122	182	Poro
22	72	109	Poro
23	91	155	Poro
52	126	175	Poro
81	155	196	Poro
25	88	147	Poro
28	111	198	Poro
3	25	65	Poro
98	166	167	Poro
45	118	164	Poro
26	92	146	Poro
16	74	145	Poro
25	96	170	Poro
41	117	173	Poro
23	96	180	Poro
39	105	148	Poro
39	116	189	Poro
29	104	187	Poro
26	99	181	Poro
25	100	196	Poro
73	151	187	Poro
25	99	187	Poro
20	96	160	Poro
63	144	198	Poro
40	107	172	Poro
31	106	197	Poro
29	107	178	Poro
29	102	182	Poro
24	84	150	Poro
51	130	191	Poro
24	80	139	Poro
22	83	159	Poro
20	57	92	Poro
31	104	167	Poro
75	160	201	Poro
27	65	93	Poro
30	105	171	Poro
39	121	194	Poro
31	96	138	Poro
46	89	117	Poro
26	81	169	Poro
33	112	196	Poro
38	117	173	Poro
85	150	173	Poro
34	117	188	Poro
32	107	189	Poro
15	80	139	Poro
34	101	159	Poro
31	108	189	Poro
46	115	176	Poro
34	112	187	Poro
32	75	125	Poro
24	104	194	Poro
32	107	173	Poro
23	97	167	Poro
26	99	169	Poro
26	107	198	Poro
27	105	190	Poro
34	110	181	Poro
36	92	138	Poro
9	49	139	Poro
33	109	178	Poro
48	112	159	Poro
77	155	180	Poro
24	94	182	Poro
28	98	173	Poro
34	108	182	Poro
35	99	161	Poro
58	136	177	Poro
29	99	168	Poro
31	96	165	Poro
34	106	180	Poro
24	93	177	Poro
27	97	167	Poro
33	111	192	Poro
28	104	173	Poro
35	110	177	Poro
27	104	190	Poro
45	108	149	Poro
39	85	107	Poro
64	139	189	Poro
26	100	170	Poro
35	105	171	Poro
31	104	175	Poro
23	80	133	Poro
26	89	153	Poro
79	122	138	Poro
29	74	127	Poro
69	147	197	Poro
149	218	206	Poro
22	91	148	Poro
25	106	182	Poro
80	126	136	Poro
6	52	90	Poro
15	50	112	Poro
26	68	105	Poro
24	103	173	Poro
44	83	123	Poro
36	108	168	Poro
37	94	156	Poro
34	101	146	Poro
27	104	192	Poro
36	110	167	Poro
123	191	187	Poro
24	80	139	Poro
24	88	155	Poro
29	105	191	Poro
30	110	204	Poro
27	64	122	Poro
14	50	87	Poro
64	142	188	Poro
25	59	76	Poro
40	113	174	Poro
27	99	177	Poro
14	71	151	Poro
17	83	150	Poro
41	120	183	Poro
28	86	127	Poro
44	118	189	Poro
49	109	137	Poro
34	106	189	Poro
20	68	125	Poro
28	107	189	Poro
71	136	150	Poro
30	67	86	Poro
22	66	101	Poro
30	107	189	Poro
29	99	171	Poro
27	103	196	Poro
23	54	100	Poro
24	106	179	Poro
29	99	167	Poro
27	90	145	Poro
44	115	175	Poro
26	92	147	Poro
34	110	181	Poro
29	86	125	Poro
23	96	187	Poro
36	106	178	Poro
29	76	114	Poro
22	73	115	Poro
41	115	175	Poro
32	98	182	Poro
21	74	159	Poro
11	33	53	Poro
54	132	187	Poro
22	96	191	Poro
39	114	176	Poro
62	142	187	Poro
30	83	135	Poro
24	94	188	Poro
75	146	175	Poro
24	94	159	Poro
97	169	169	Poro
34	111	175	Poro
37	117	183	Poro
13	58	104	Poro
24	88	167	Poro
50	129	188	Poro
31	112	203	Poro
19	63	121	Poro
32	66	82	Poro
30	111	194	Poro
49	122	177	Poro
29	103	176	Poro
22	83	155	Poro
26	103	191	Poro
32	111	190	Poro
11	35	55	Poro
22	65	107	Poro
44	123	184	Poro
32	110	194	Poro
27	96	168	Poro
28	103	157	Poro
29	98	189	Poro
70	148	187	Poro
39	120	185	Poro
31	91	159	Poro
33	103	156	Poro
24	107	195	Poro
38	107	167	Poro
15	41	95	Poro
10	54	129	Poro
20	100	191	Poro
23	85	153	Poro
25	65	105	Poro
27	107	191	Poro
19	81	155	Poro
43	125	183	Poro
23	82	152	Poro
35	91	129	Poro
23	87	141	Poro
25	92	145	Poro
26	96	173	Poro
44	125	176	Poro
31	96	161	Poro
15	75	136	Poro
19	78	155	Poro
45	114	170	Poro
24	97	173	Poro
3	58	142	Poro
31	106	170	Poro
33	105	191	Poro
27	74	126	Poro
18	92	153	Poro
32	102	179	Poro
35	107	195	Poro
46	119	171	Poro
11	32	63	Poro
86	143	169	Poro
48	127	182	Poro
15	79	142	Poro
26	95	163	Poro
36	111	181	Poro
49	124	181	Poro
15	51	88	Poro
102	180	204	Poro
32	112	197	Poro
14	62	109	Poro
28	111	200	Poro
27	100	175	Poro
52	124	180	Poro
32	110	179	Poro
70	146	198	Poro
57	124	165	Poro
24	96	185	Poro
53	138	192	Poro
31	105	177	Poro
15	57	117	Poro
36	111	165	Poro
22	79	135	Poro
28	94	165	Poro
32	109	185	Poro
58	91	123	Poro
14	69	137	Poro
15	62	103	Poro
66	137	169	Poro
28	110	197	Poro
69	149	199	Poro
25	97	171	Poro
69	128	143	Poro
22	77	149	Poro
9	28	72	Poro
45	129	186	Poro
25	103	189	Poro
13	50	93	Poro
85	144	163	Poro
27	100	178	Poro
20	99	186	Poro
28	106	187	Poro
32	98	141	Poro
31	107	179	Poro
47	87	94	Poro
11	50	97	Poro
57	131	156	Poro
24	94	156	Poro
26	68	94	Poro
25	96	180	Poro
33	99	155	Poro
31	105	190	Poro
32	109	177	Poro
36	113	175	Poro
71	150	183	Poro
17	77	145	Poro
27	109	200	Poro
33	111	193	Poro
24	73	125	Poro
34	115	186	Poro
31	103	171	Poro
36	90	151	Poro
26	99	171	Poro
26	91	179	Poro
22	82	150	Poro
59	138	187	Poro
25	77	144	Poro
77	151	180	Poro
26	87	162	Poro
29	101	163	Poro
41	118	181	Poro
32	110	183	Poro
28	106	181	Poro
16	51	116	Poro
41	115	178	Poro
27	80	137	Poro
46	123	189	Poro
19	79	141	Poro
32	108	166	Poro
28	107	198	Poro
32	82	115	Poro
32	109	187	Poro
118	185	173	Poro
16	47	84	Poro
8	30	62	Poro
21	96	183	Poro
31	103	194	Poro
30	107	192	Poro
32	108	179	Poro
27	54	65	Poro
26	78	110	Poro
26	76	143	Poro
71	147	152	Poro
33	111	200	Poro
28	108	195	Poro
24	108	192	Poro
39	101	148	Poro
59	137	183	Poro
30	103	183	Poro
74	155	204	Poro
28	94	156	Poro
42	120	175	Poro
30	97	170	Poro
13	49	67	Poro
45	115	135	Poro
30	89	137	Poro
27	103	184	Poro
34	97	154	Poro
26	108	194	Poro
32	87	153	Poro
20	64	123	Poro
68	134	155	Poro
25	96	173	Poro
28	100	162	Poro
27	103	184	Poro
16	66	130	Poro
24	105	197	Poro
49	121	179	Poro
31	92	138	Poro
23	103	190	Poro
26	88	142	Poro
38	111	169	Poro
32	111	204	Poro
32	97	169	Poro
31	99	165	Poro
27	100	184	Poro
30	105	174	Poro
32	107	184	Poro
23	66	107	Poro
33	110	188	Poro
17	57	107	Poro
64	144	192	Poro
31	94	141	Poro
34	103	142	Poro
4	52	129	Poro
20	73	143	Poro
7	21	63	Poro
67	141	181	Poro
26	84	154	Poro
63	142	179	Poro
27	97	151	Poro
4	35	78	Poro
70	143	165	Poro
34	107	167	Poro
20	91	152	Poro
34	112	201	Poro
36	104	170	Poro
27	99	175	Poro
66	121	131	Poro
157	222	190	Poro
43	125	187	Poro
27	96	183	Poro
46	116	167	Poro
26	81	137	Poro
34	86	111	Poro
37	114	202	Poro
12	57	91	Poro
27	107	197	Poro
24	95	170	Poro
15	50	62	Poro
18	52	64	Poro
33	102	164	Poro
58	138	189	Poro
41	119	176	Poro
32	108	180	Poro
35	109	169	Poro
35	114	178	Poro
31	102	159	Poro
31	113	201	Poro
27	99	167	Poro
25	106	188	Poro
29	103	181	Poro
25	86	166	Poro
34	112	169	Poro
13	90	156	Poro
33	91	140	Poro
43	121	183	Poro
29	96	166	Poro
35	112	176	Poro
17	73	145	Poro
33	111	180	Poro
18	74	148	Poro
36	108	169	Poro
27	86	129	Poro
46	125	187	Poro
18	55	101	Poro
31	104	180	Poro
26	99	190	Poro
116	187	197	Poro
36	109	187	Poro
71	144	176	Poro
17	66	118	Poro
25	102	186	Poro
174	236	201	Poro
4	33	90	Poro
31	111	200	Poro
26	104	191	Poro
17	68	132	Poro
21	94	149	Poro
18	59	106	Poro
25	95	161	Poro
53	133	182	Poro
37	107	177	Poro
25	99	167	Poro
16	61	108	Poro
76	157	193	Poro
29	92	161	Poro
26	102	195	Poro
19	69	135	Poro
13	66	131	Poro
57	140	191	Poro
50	99	110	Poro
32	107	172	Poro
27	76	134	Poro
19	91	157	Poro
29	110	194	Poro
17	64	109	Poro
78	147	182	Poro
33	109	196	Poro
40	119	184	Poro
37	106	157	Poro
48	99	134	Poro
5	41	89	Poro
38	119	178	Poro
28	86	152	Poro
31	97	160	Poro
29	108	163	Poro
22	66	118	Poro
33	96	120	Poro
23	90	173	Poro
122	181	154	Poro
13	78	138	Poro
12	43	84	Poro
25	87	149	Poro
39	104	147	Poro
23	66	128	Poro
31	95	161	Poro
18	60	109	Poro
26	90	151	Poro
41	81	87	Poro
39	118	181	Poro
67	149	189	Poro
29	104	180	Poro
65	144	188	Poro
22	106	192	Poro
35	102	153	Poro
53	94	118	Poro
53	126	180	Poro
74	118	137	Poro
87	156	177	Poro
23	89	153	Poro
62	139	173	Poro
26	108	197	Poro
32	111	168	Poro
25	97	165	Poro
19	101	191	Poro
27	88	162	Poro
20	76	150	Poro
34	94	152	Poro
40	117	178	Poro
25	107	197	Poro
25	94	178	Poro
80	144	136	Poro
27	89	156	Poro
101	165	154	Poro
26	94	147	Poro
23	88	166	Poro
27	105	188	Poro
15	73	145	Poro
30	101	158	Poro
22	64	110	Poro
48	124	162	Poro
66	133	185	Poro
43	109	153	Poro
22	80	127	Poro
83	142	153	Poro
45	97	159	Poro
71	118	120	Poro
30	96	173	Poro
35	104	169	Poro
21	75	130	Poro
13	53	91	Poro
27	104	193	Poro
41	108	159	Poro
24	89	167	Poro
71	150	196	Poro
27	95	175	Poro
23	86	157	Poro
60	135	171	Poro
27	100	180	Poro
28	110	199	Poro
23	106	192	Poro
22	103	189	Poro
32	113	202	Poro
81	152	178	Poro
21	87	149	Poro
29	98	157	Poro
33	106	167	Poro
18	61	125	Poro
27	108	192	Poro
46	121	167	Poro
56	130	165	Poro
53	127	181	Poro
20	81	150	Poro
14	64	136	Poro
38	111	176	Poro
29	109	194	Poro
29	110	178	Poro
7	24	62	Poro
34	99	141	Poro
41	107	154	Poro
38	106	165	Poro
39	119	180	Poro
40	110	157	Poro
26	71	112	Poro
30	93	161	Poro
133	209	201	Poro
51	134	193	Poro
59	127	174	Poro
102	180	194	Poro
54	134	189	Poro
32	101	155	Poro
13	77	133	Poro
38	114	203	Poro
33	107	182	Poro
28	105	187	Poro
22	58	91	Poro
64	131	143	Poro
17	39	54	Poro
30	102	162	Poro
31	108	184	Poro
44	126	191	Poro
27	96	183	Poro
30	109	193	Poro
167	237	217	Poro
22	100	186	Poro
22	106	198	Poro
40	115	168	Poro
48	129	177	Poro
32	97	159	Poro
42	120	183	Poro
34	104	173	Poro
24	95	179	Poro
48	109	157	Poro
38	101	161	Poro
21	56	92	Poro
30	110	199	Poro
31	86	146	Poro
41	87	104	Poro
30	100	179	Poro
57	137	195	Poro
8	33	58	Poro
92	175	206	Poro
57	137	196	Poro
27	103	189	Poro
32	108	179	Poro
83	137	152	Poro
80	129	118	Poro
16	81	167	Poro
170	233	210	Poro
31	112	190	Poro
14	54	105	Poro
71	135	157	Poro
72	151	195	Poro
25	95	172	Poro
26	81	121	Poro
32	105	194	Poro
33	111	181	Poro
28	89	149	Poro
7	35	59	Poro
28	107	194	Poro
87	171	199	Poro
22	70	99	Poro
23	72	117	Poro
27	81	150	Poro
26	98	172	Poro
27	98	162	Poro
49	128	191	Poro
70	151	194	Poro
27	107	196	Poro
24	59	89	Poro
41	94	157	Poro
33	109	197	Poro
27	107	203	Poro
33	102	156	Poro
36	111	163	Poro
22	106	192	Poro
35	115	195	Poro
33	97	172	Poro
27	88	154	Poro
26	97	177	Poro
31	94	170	Poro
27	108	201	Poro
30	109	190	Poro
13	70	153	Poro
35	117	185	Poro
34	113	180	Poro
27	100	167	Poro
49	121	165	Poro
24	82	137	Poro
21	83	142	Poro
32	104	173	Poro
178	246	226	Poro
27	69	94	Poro
26	101	155	Poro
9	61	126	Poro
30	99	170	Poro
35	109	177	Poro
45	115	157	Poro
27	107	203	Poro
28	91	162	Poro
32	105	164	Poro
23	103	188	Poro
31	104	175	Poro
57	125	183	Poro
65	142	177	Poro
93	173	205	Poro
42	87	111	Poro
50	120	167	Poro
28	102	163	Poro
10	32	76	Poro
33	101	172	Poro
26	99	182	Poro
26	105	191	Poro
24	73	129	Poro
89	171	204	Poro
1	33	103	Poro
101	159	171	Poro
39	115	169	Poro
29	102	183	Poro
28	96	180	Poro
33	101	162	Poro
26	106	187	Poro
26	64	91	Poro
26	86	141	Poro
22	59	95	Poro
34	98	146	Poro
37	109	165	Poro
72	138	164	Poro
34	105	153	Poro
26	108	173	Poro
21	72	126	Poro
68	145	182	Poro
22	104	193	Poro
32	101	155	Poro
161	225	203	Poro
35	93	145	Poro
33	91	165	Poro
38	101	122	Poro
32	102	157	Poro
28	102	189	Poro
26	99	182	Poro
34	117	196	Poro
25	90	171	Poro
39	116	183	Poro
29	98	161	Poro
24	56	73	Poro
44	129	188	Poro
23	92	159	Poro
28	94	158	Poro
47	113	160	Poro
42	106	174	Poro
45	86	92	Poro
19	63	103	Poro
28	88	159	Poro
29	106	190	Poro
36	97	136	Poro
24	65	133	Poro
26	108	194	Poro
31	107	202	Poro
26	87	162	Poro
24	71	158	Poro
27	101	170	Poro
26	109	196	Poro
54	130	185	Poro
49	127	177	Poro
41	115	173	Poro
57	130	176	Poro
34	112	178	Poro
49	93	100	Poro
21	86	157	Poro
33	108	201	Poro
19	88	163	Poro
19	72	117	Poro
24	102	181	Poro
30	93	160	Poro
93	165	192	Poro
41	122	182	Poro
29	105	195	Poro
32	111	183	Poro
22	91	159	Poro
26	100	169	Poro
42	123	185	Poro
25	90	156	Poro
33	107	164	Poro
24	81	141	Poro
40	116	189	Poro
44	126	185	Poro
28	107	190	Poro
14	34	61	Poro
31	109	188	Poro
23	61	114	Poro
19	87	160	Poro
14	74	153	Poro
26	63	90	Poro
41	118	187	Poro
26	88	164	Poro
52	128	172	Poro
50	116	163	Poro
53	97	127	Poro
29	79	104	Poro
31	72	107	Poro
73	151	183	Poro
64	134	163	Poro
28	83	139	Poro
41	108	159	Poro
28	74	108	Poro
26	96	169	Poro
31	107	185	Poro
48	125	184	Poro
29	90	153	Poro
78	157	183	Poro
38	115	190	Poro
28	89	149	Poro
22	74	143	Poro
22	93	154	Poro
38	115	184	Poro
26	97	182	Poro
24	97	184	Poro
30	107	198	Poro
51	101	125	Poro
31	100	156	Poro
25	101	158	Poro
25	91	157	Poro
30	110	192	Poro
28	102	189	Poro
60	138	188	Poro
27	88	146	Poro
28	90	157	Poro
22	87	176	Poro
31	103	190	Poro
26	99	170	Poro
28	106	194	Poro
31	79	138	Poro
38	113	186	Poro
53	130	178	Poro
17	84	137	Poro
43	123	185	Poro
28	110	197	Poro
18	75	127	Poro
38	113	191	Poro
35	97	181	Poro
34	114	179	Poro
58	138	179	Poro
24	83	153	Poro
25	87	131	Poro
34	107	167	Poro
20	63	101	Poro
33	98	156	Poro
22	82	148	Poro
32	107	181	Poro
26	95	186	Poro
32	108	194	Poro
22	66	97	Poro
25	89	155	Poro
25	85	151	Poro
33	96	154	Poro
39	120	186	Poro
71	152	185	Poro
23	72	121	Poro
31	107	179	Poro
29	102	186	Poro
14	37	69	Poro
30	87	140	Poro
27	99	177	Poro
33	111	204	Poro
20	51	87	Poro
30	99	179	Poro
20	63	108	Poro
35	111	181	Poro
54	131	191	Poro
30	101	187	Poro
24	93	185	Poro
33	111	205	Poro
11	32	78	Poro
44	123	182	Poro
26	93	165	Poro
70	138	170	Poro
48	116	130	Poro
29	78	102	Poro
26	107	198	Poro
12	64	109	Poro
32	78	132	Poro
26	104	184	Poro
72	149	205	Poro
27	104	190	Poro
45	124	184	Poro
32	108	174	Poro
60	143	202	Poro
61	138	181	Poro
16	73	144	Poro
25	86	161	Poro
13	52	98	Poro
28	96	162	Poro
68	148	186	Poro
22	88	165	Poro
35	112	183	Poro
57	137	192	Poro
46	119	182	Poro
28	97	147	Poro
22	77	141	Poro
25	101	185	Poro
86	134	144	Poro
24	108	195	Poro
45	124	169	Poro
36	105	175	Poro
24	101	190	Poro
35	83	131	Poro
32	110	173	Poro
20	91	151	Poro
8	52	90	Poro
19	69	107	Poro
49	127	165	Poro
24	97	171	Poro
26	97	155	Poro
42	107	159	Poro
26	104	174	Poro
31	108	198	Poro
30	87	145	Poro
57	139	187	Poro
37	116	184	Poro
28	90	157	Poro
33	102	181	Poro
11	35	78	Poro
13	80	160	Poro
40	115	188	Poro
23	69	121	Poro
68	151	182	Poro
31	97	171	Poro
29	88	150	Poro
29	108	200	Poro
20	97	164	Poro
34	102	149	Poro
28	98	174	Poro
26	88	144	Poro
27	81	119	Poro
25	103	191	Poro
81	165	199	Poro
33	101	189	Poro
20	79	142	Poro
33	109	193	Poro
9	43	97	Poro
28	103	167	Poro
46	81	86	Poro
26	94	163	Poro
17	77	150	Poro
15	59	117	Poro
40	100	130	Poro
22	99	163	Poro
31	111	184	Poro
73	135	149	Poro
27	91	163	Poro
58	139	194	Poro
30	99	182	Poro
32	106	185	Poro
64	148	195	Poro
25	103	192	Poro
30	106	176	Poro
32	98	183	Poro
10	61	128	Poro
52	100	125	Poro
24	89	160	Poro
23	76	111	Poro
24	83	151	Poro
30	84	129	Poro
31	101	156	Poro
71	157	199	Poro
25	98	172	Poro
57	135	171	Poro
25	94	151	Poro
66	145	191	Poro
84	161	193	Poro
98	163	185	Poro
5	50	115	Poro
30	105	183	Poro
45	126	190	Poro
43	111	162	Poro
26	104	181	Poro
30	87	147	Poro
41	103	134	Poro
34	90	157	Poro
40	116	191	Poro
54	139	189	Poro
33	110	176	Poro
38	117	195	Poro
33	108	197	Poro
81	156	191	Poro
29	63	78	Poro
23	99	189	Poro
22	98	181	Poro
34	98	152	Poro
34	95	153	Poro
18	56	105	Poro
18	74	143	Poro
27	104	175	Poro
5	35	112	Poro
25	107	191	Poro
15	53	77	Poro
25	106	196	Poro
78	160	203	Poro
28	89	151	Poro
21	101	190	Poro
24	96	190	Poro
18	81	141	Poro
53	109	127	Poro
29	109	182	Poro
18	79	132	Poro
24	83	159	Poro
32	109	194	Poro
49	100	143	Poro
144	216	199	Poro
19	58	99	Poro
22	71	112	Poro
30	91	137	Poro
26	102	169	Poro
27	104	162	Poro
32	88	144	Poro
25	104	191	Poro
92	172	196	Poro
67	147	189	Poro
77	158	195	Poro
99	149	163	Poro
37	108	173	Poro
68	130	148	Poro
8	36	55	Poro
75	123	124	Poro
41	111	136	Poro
24	93	162	Poro
24	90	163	Poro
29	86	148	Poro
26	91	169	Poro
60	142	182	Poro
63	142	185	Poro
23	86	161	Poro
29	111	184	Poro
90	171	193	Poro
25	97	186	Poro
35	109	188	Poro
25	107	191	Poro
38	116	180	Poro
12	42	68	Poro
38	101	148	Poro
23	95	183	Poro
26	99	169	Poro
43	96	151	Poro
29	107	177	Poro
17	62	125	Poro
55	132	183	Poro
16	34	65	Poro
15	34	65	Poro
29	97	168	Poro
16	59	123	Poro
36	104	150	Poro
105	188	217	Poro
27	98	175	Poro
31	108	194	Poro
114	172	177	Poro
86	160	161	Poro
62	142	181	Poro
58	133	183	Poro
116	168	155	Poro
61	141	184	Poro
67	150	199	Poro
40	106	153	Poro
14	35	59	Poro
44	117	177	Poro
21	99	179	Poro
30	103	195	Poro
43	108	153	Poro
30	100	166	Poro
75	156	190	Poro
30	108	204	Poro
55	132	189	Poro
18	64	135	Poro
39	74	78	Poro
26	109	196	Poro
39	114	179	Poro
30	102	161	Poro
67	143	176	Poro
37	95	159	Poro
26	100	175	Poro
81	152	176	Poro
40	106	126	Poro
22	100	183	Poro
18	72	136	Poro
29	104	197	Poro
26	94	160	Poro
84	165	203	Poro
20	76	146	Poro
20	81	155	Poro
31	109	182	Poro
77	160	202	Poro
26	89	164	Poro
10	36	55	Poro
30	101	174	Poro
29	111	191	Poro
27	86	148	Poro
59	145	197	Poro
40	95	115	Poro
38	112	177	Poro
17	70	99	Poro
28	94	144	Poro
41	88	135	Poro
31	110	190	Poro
38	108	157	Poro
31	111	195	Poro
79	147	175	Poro
17	57	103	Poro
13	38	73	Poro
94	173	210	Poro
8	47	96	Poro
27	86	147	Poro
22	103	194	Poro
23	90	160	Poro
43	114	166	Poro
26	87	151	Poro
27	90	144	Poro
18	82	155	Poro
46	119	167	Poro
27	85	150	Poro
14	65	98	Poro
28	101	189	Poro
38	111	179	Poro
32	111	196	Poro
27	99	168	Poro
39	110	165	Poro
29	108	189	Poro
29	106	200	Poro
21	63	127	Poro
3	41	122	Poro
29	105	193	Poro
32	108	188	Poro
15	52	92	Poro
67	147	178	Poro
42	112	157	Poro
27	79	144	Poro
27	77	141	Poro
49	85	88	Poro
59	132	144	Poro
21	80	136	Poro
26	102	163	Poro
27	87	161	Poro
23	89	144	Poro
28	99	166	Poro
21	82	148	Poro
24	93	173	Poro
13	37	72	Poro
20	70	155	Poro
37	114	169	Poro
27	110	196	Poro
20	86	159	Poro
59	115	161	Poro
68	150	200	Poro
12	44	98	Poro
32	99	175	Poro
22	103	193	Poro
39	103	143	Poro
23	85	159	Poro
74	149	186	Poro
49	130	181	Poro
22	88	164	Poro
31	108	188	Poro
38	107	149	Poro
1	35	100	Poro
46	110	139	Poro
50	129	179	Poro
14	67	124	Poro
10	41	100	Poro
31	107	192	Poro
34	108	165	Poro
58	137	194	Poro
25	103	187	Poro
24	85	146	Poro
21	85	145	Poro
46	117	169	Poro
30	111	189	Poro
25	77	113	Poro
32	105	190	Poro
34	101	160	Poro
42	104	160	Poro
18	87	158	Poro
27	92	151	Poro
37	105	151	Poro
33	97	165	Poro
56	114	161	Poro
28	106	173	Poro
28	108	199	Poro
15	47	98	Poro
54	116	153	Poro
16	59	69	Poro
1	29	96	Poro
165	230	210	Poro
35	113	197	Poro
31	104	178	Poro
32	103	174	Poro
31	100	168	Poro
42	117	169	Poro
29	102	192	Poro
21	93	177	Poro
26	81	137	Poro
25	90	161	Poro
23	85	146	Poro
10	58	121	Poro
78	134	169	Poro
38	99	144	Poro
52	123	183	Poro
64	140	171	Poro
35	112	187	Poro
33	111	169	Poro
32	111	201	Poro
28	101	171	Poro
72	138	155	Poro
33	93	146	Poro
26	107	197	Poro
20	75	143	Poro
27	109	194	Poro
9	33	48	Poro
26	81	123	Poro
28	101	183	Poro
75	141	142	Poro
28	93	165	Poro
8	30	53	Poro
29	110	195	Poro
21	85	172	Poro
27	94	160	Poro
24	78	132	Poro
59	137	177	Poro
36	114	179	Poro
18	59	122	Poro
44	110	140	Poro
46	111	131	Poro
14	69	136	Poro
24	96	165	Poro
26	83	138	Poro
22	102	166	Poro
18	64	100	Poro
35	117	196	Poro
28	93	160	Poro
37	77	76	Poro
16	63	133	Poro
31	108	190	Poro
23	106	192	Poro
33	91	156	Poro
27	87	143	Poro
46	120	175	Poro
70	144	193	Poro
19	79	150	Poro
27	72	110	Poro
31	110	204	Poro
24	95	179	Poro
24	86	138	Poro
22	75	147	Poro
59	139	180	Poro
59	143	195	Poro
26	107	191	Poro
33	96	116	Poro
28	109	191	Poro
25	108	186	Poro
19	57	97	Poro
31	88	146	Poro
57	137	178	Poro
20	60	92	Poro
35	119	196	Poro
33	109	180	Poro
33	107	193	Poro
29	98	171	Poro
30	103	169	Poro
33	112	189	Poro
23	91	154	Poro
82	139	138	Poro
30	78	126	Poro
33	108	180	Poro
57	135	183	Poro
61	142	175	Poro
173	240	218	Poro
26	92	174	Poro
26	103	191	Poro
31	111	200	Poro
34	113	186	Poro
33	99	175	Poro
32	103	176	Poro
18	65	135	Poro
32	103	174	Poro
22	74	118	Poro
33	108	188	Poro
17	61	85	Poro
27	97	179	Poro
59	132	171	Poro
33	74	97	Poro
14	41	81	Poro
28	103	176	Poro
24	103	180	Poro
37	115	192	Poro
28	103	187	Poro
42	120	183	Poro
31	108	192	Poro
29	110	182	Poro
24	94	178	Poro
25	87	144	Poro
27	105	180	Poro
34	92	132	Poro
53	134	192	Poro
19	86	157	Poro
20	102	188	Poro
16	62	102	Poro
26	95	179	Poro
24	106	171	Poro
61	143	198	Poro
42	75	81	Poro
25	90	173	Poro
34	103	140	Poro
27	98	182	Poro
39	115	180	Poro
49	101	108	Poro
20	71	137	Poro
29	105	175	Poro
22	88	162	Poro
22	93	168	Poro
63	141	194	Poro
30	110	190	Poro
32	105	173	Poro
33	103	163	Poro
32	105	169	Poro
19	60	92	Poro
66	136	171	Poro
39	109	167	Poro
27	86	147	Poro
69	142	191	Poro
30	109	192	Poro
28	99	177	Poro
82	138	138	Poro
94	151	135	Poro
79	149	172	Poro
14	41	79	Poro
30	102	164	Poro
29	102	187	Poro
24	103	188	Poro
30	96	178	Poro
23	104	191	Poro
65	144	195	Poro
41	111	171	Poro
41	123	190	Poro
24	106	195	Poro
27	105	194	Poro
99	152	160	Poro
31	103	149	Poro
41	108	156	Poro
37	113	183	Poro
90	154	151	Poro
33	108	175	Poro
26	100	178	Poro
22	74	138	Poro
43	109	143	Poro
38	103	161	Poro
18	53	85	Poro
45	126	181	Poro
30	103	195	Poro
28	72	110	Poro
12	67	154	Poro
39	111	176	Poro
36	113	173	Poro
27	87	157	Poro
24	105	194	Poro
38	113	185	Poro
53	131	185	Poro
33	95	150	Poro
32	97	168	Poro
35	116	189	Poro
67	142	174	Poro
33	101	167	Poro
34	114	189	Poro
17	45	80	Poro
37	108	179	Poro
19	74	141	Poro
33	94	143	Poro
20	85	143	Poro
22	74	148	Poro
66	151	204	Poro
39	111	181	Poro
38	115	196	Poro
46	118	171	Poro
24	73	126	Poro
14	83	144	Poro
35	96	141	Poro
32	93	131	Poro
22	83	164	Poro
30	107	196	Poro
21	95	165	Poro
34	104	179	Poro
22	76	128	Poro
12	43	79	Poro
23	90	167	Poro
29	100	170	Poro
30	103	175	Poro
29	97	177	Poro
14	72	121	Poro
29	110	196	Poro
34	114	201	Poro
17	59	126	Poro
27	99	190	Poro
53	116	152	Poro
26	99	157	Poro
77	158	190	Poro
50	132	187	Poro
27	105	195	Poro
29	111	190	Poro
67	145	192	Poro
19	85	156	Poro
18	79	144	Poro
22	105	195	Poro
24	93	178	Poro
22	106	192	Poro
29	104	187	Poro
14	67	124	Poro
119	181	192	Poro
17	73	151	Poro
30	97	163	Poro
32	108	177	Poro
24	96	180	Poro
33	108	178	Poro
16	85	158	Poro
23	91	172	Poro
84	160	188	Poro
26	110	196	Poro
33	94	155	Poro
22	104	191	Poro
30	98	164	Poro
28	84	157	Poro
52	130	187	Poro
30	99	179	Poro
26	103	189	Poro
74	153	185	Poro
34	102	174	Poro
22	87	150	Poro
14	60	124	Poro
5	18	65	Poro
32	99	155	Poro
18	53	81	Poro
64	144	186	Poro
34	102	158	Poro
30	98	184	Poro
7	42	129	Poro
24	106	193	Poro
26	95	184	Poro
25	103	161	Poro
24	79	139	Poro
5	48	128	Poro
23	95	170	Poro
32	108	183	Poro
32	112	198	Poro
50	125	177	Poro
23	105	193	Poro
29	105	167	Poro
25	106	193	Poro
109	173	185	Poro
45	113	171	Poro
25	60	80	Poro
163	223	194	Poro
30	87	146	Poro
28	96	176	Poro
8	30	84	Poro
28	101	183	Poro
3	29	100	Poro
28	99	178	Poro
31	92	124	Poro
31	112	187	Poro
24	96	154	Poro
23	97	166	Poro
26	105	198	Poro
12	49	111	Poro
66	150	204	Poro
30	107	177	Poro
39	115	183	Poro
75	154	193	Poro
6	59	108	Poro
118	187	182	Poro
24	95	180	Poro
161	229	214	Poro
26	80	137	Poro
26	105	185	Poro
10	31	84	Poro
1	31	103	Poro
27	108	196	Poro
23	78	161	Poro
43	118	181	Poro
40	121	187	Poro
29	53	100	Poro
32	111	201	Poro
25	107	179	Poro
7	46	97	Poro
32	109	198	Poro
28	89	147	Poro
66	137	171	Poro
27	108	194	Poro
30	91	146	Poro
27	95	167	Poro
12	47	96	Poro
31	100	175	Poro
28	85	125	Poro
82	153	173	Poro
34	101	159	Poro
27	101	186	Poro
23	99	187	Poro
24	100	193	Poro
21	102	166	Poro
17	72	124	Poro
23	65	107	Poro
20	50	77	Poro
50	130	190	Poro
57	108	111	Poro
39	100	127	Poro
26	74	142	Poro
34	101	156	Poro
9	42	94	Poro
79	162	201	Poro
17	51	92	Poro
37	118	179	Poro
49	124	167	Poro
75	142	171	Poro
41	112	155	Poro
27	108	192	Poro
36	111	203	Poro
38	102	147	Poro
31	110	176	Poro
28	104	191	Poro
100	180	208	Poro
61	139	182	Poro
31	105	186	Poro
26	105	192	Poro
15	72	153	Poro
28	108	191	Poro
26	107	198	Poro
57	140	185	Poro
34	113	185	Poro
30	92	152	Poro
26	91	159	Poro
35	112	182	Poro
32	64	73	Poro
24	84	164	Poro
38	120	186	Poro
6	53	91	Poro
42	115	165	Poro
21	56	78	Poro
34	119	199	Poro
22	89	168	Poro
28	107	191	Poro
29	112	191	Poro
33	105	173	Poro
50	137	196	Poro
21	78	147	Poro
60	140	191	Poro
20	80	140	Poro
41	106	166	Poro
56	125	178	Poro
28	107	203	Poro
29	92	133	Poro
34	117	197	Poro
49	128	166	Poro
38	106	166	Poro
21	88	146	Poro
26	97	173	Poro
26	108	195	Poro
53	133	185	Poro
41	116	187	Poro
32	110	166	Poro
30	101	187	Poro
30	113	189	Poro
75	157	205	Poro
24	94	166	Poro
69	152	189	Poro
62	135	163	Poro
16	77	162	Poro
56	123	161	Poro
89	174	203	Poro
25	94	175	Poro
60	137	195	Poro
29	104	194	Poro
29	107	174	Poro
56	97	99	Poro
24	77	108	Poro
49	109	148	Poro
1	25	57	Poro
26	106	192	Poro
31	112	195	Poro
26	107	188	Poro
24	106	192	Poro
24	103	196	Poro
25	106	196	Poro
27	96	164	Poro
29	101	168	Poro
21	75	101	Poro
27	99	163	Poro
103	157	161	Poro
22	72	123	Poro
19	68	119	Poro
40	114	175	Poro
70	150	197	Poro
27	98	187	Poro
27	86	162	Poro
26	100	196	Poro
48	121	168	Poro
29	105	179	Poro
23	84	148	Poro
75	158	199	Poro
20	71	117	Poro
19	75	145	Poro
21	68	100	Poro
27	92	126	Poro
22	58	93	Poro
52	116	185	Poro
33	83	111	Poro
22	78	155	Poro
19	64	114	Poro
142	209	196	Poro
15	71	128	Poro
51	103	156	Poro
89	146	172	Poro
34	94	159	Poro
18	69	133	Poro
52	122	161	Poro
43	112	168	Poro
65	151	183	Poro
22	83	132	Poro
24	91	165	Poro
38	100	172	Poro
53	121	165	Poro
13	47	89	Poro
79	123	128	Poro
47	103	130	Poro
36	95	115	Poro
47	128	187	Poro
25	84	115	Poro
33	106	184	Poro
36	105	149	Poro
18	78	149	Poro
28	81	136	Poro
47	112	139	Poro
45	114	180	Poro
24	81	121	Poro
26	90	135	Poro
44	117	158	Poro
39	102	171	Poro
35	107	175	Poro
41	91	113	Poro
76	154	183	Poro
15	77	146	Poro
81	141	154	Poro
2	47	106	Poro
13	80	140	Poro
29	90	145	Poro
62	147	189	Poro
119	188	189	Poro
12	45	69	Poro
47	129	184	Poro
36	88	108	Poro
80	149	177	Poro
21	89	163	Poro
22	60	81	Poro
60	127	142	Poro
75	138	145	Poro
49	112	159	Poro
23	91	171	Poro
28	93	136	Poro
30	91	141	Poro
33	79	144	Poro
11	35	59	Poro
33	100	169	Poro
49	121	175	Poro
22	89	141	Poro
33	77	106	Poro
37	93	133	Poro
91	161	161	Poro
38	103	153	Poro
46	124	187	Poro
37	93	117	Poro
22	91	162	Poro
37	110	174	Poro
35	93	123	Poro
32	93	151	Poro
32	106	164	Poro
43	113	150	Poro
46	103	159	Poro
57	147	198	Poro
26	80	145	Poro
105	175	180	Poro
32	105	183	Poro
20	71	103	Poro
34	108	167	Poro
36	107	151	Poro
18	57	89	Poro
22	66	107	Poro
42	108	161	Poro
28	93	137	Poro
34	89	155	Poro
46	117	175	Poro
69	140	179	Poro
37	103	149	Poro
16	47	76	Poro
55	114	161	Poro
68	151	196	Poro
19	69	136	Poro
43	121	191	Poro
21	75	149	Poro
18	57	82	Poro
61	115	136	Poro
45	108	175	Poro
33	85	141	Poro
28	76	153	Poro
51	133	192	Poro
46	110	150	Poro
59	141	181	Poro
23	89	167	Poro
52	111	150	Poro
42	115	171	Poro
70	137	161	Poro
65	137	184	Poro
27	83	123	Poro
114	175	168	Poro
31	77	109	Poro
42	109	154	Poro
29	92	158	Poro
50	118	138	Poro
22	80	122	Poro
50	122	177	Poro
52	133	179	Poro
38	114	186	Poro
32	99	161	Poro
44	113	151	Poro
28	100	179	Poro
13	47	78	Poro
43	124	181	Poro
32	81	115	Poro
94	158	163	Poro
33	106	162	Poro
19	82	155	Poro
40	103	164	Poro
25	82	155	Poro
31	86	120	Poro
17	61	134	Poro
28	83	136	Poro
23	70	125	Poro
40	121	180	Poro
76	130	150	Poro
91	151	167	Poro
36	100	157	Poro
119	198	215	Poro
46	117	181	Poro
23	87	155	Poro
14	55	100	Poro
44	113	182	Poro
48	127	190	Poro
25	95	173	Poro
23	80	133	Poro
24	70	113	Poro
92	153	167	Poro
33	108	182	Poro
50	130	180	Poro
89	159	177	Poro
99	153	176	Poro
58	138	197	Poro
29	101	161	Poro
24	65	96	Poro
37	105	177	Poro
35	112	166	Poro
16	47	99	Poro
33	86	158	Poro
40	116	189	Poro
23	82	143	Poro
88	165	175	Poro
29	76	105	Poro
26	64	94	Poro
28	78	167	Poro
28	98	159	Poro
31	92	157	Poro
23	92	164	Poro
32	70	96	Poro
31	94	149	Poro
28	82	114	Poro
34	101	163	Poro
28	93	173	Poro
19	91	157	Poro
32	84	115	Poro
51	128	183	Poro
35	86	108	Poro
25	92	164	Poro
25	68	99	Poro
43	104	175	Poro
17	63	90	Poro
19	71	115	Poro
23	84	160	Poro
43	103	144	Poro
14	66	146	Poro
38	103	155	Poro
31	91	134	Poro
87	144	167	Poro
30	97	152	Poro
53	127	171	Poro
24	65	108	Poro
30	79	94	Poro
30	85	137	Poro
22	82	157	Poro
38	108	144	Poro
40	102	143	Poro
37	91	125	Poro
28	96	173	Poro
64	143	182	Poro
64	127	161	Poro
38	111	189	Poro
50	129	196	Poro
47	99	140	Poro
35	111	165	Poro
25	80	139	Poro
60	135	179	Poro
29	90	164	Poro
32	107	164	Poro
41	108	160	Poro
36	103	162	Poro
27	71	109	Poro
55	124	179	Poro
36	96	124	Poro
26	73	118	Poro
67	133	151	Poro
34	106	167	Poro
64	142	176	Poro
36	104	162	Poro
18	54	80	Poro
56	114	172	Poro
11	60	121	Poro
27	98	175	Poro
13	55	135	Poro
37	90	128	Poro
90	153	164	Poro
24	82	131	Poro
24	85	149	Poro
39	101	142	Poro
37	108	191	Poro
19	81	156	Poro
37	95	126	Poro
67	118	128	Poro
36	87	109	Poro
76	165	205	Poro
151	212	244	Poro
71	143	175	Poro
42	101	124	Poro
83	148	160	Poro
23	82	145	Poro
27	101	167	Poro
13	57	122	Poro
19	69	131	Poro
30	90	146	Poro
100	147	147	Poro
22	94	161	Poro
43	102	135	Poro
40	115	181	Poro
40	112	163	Poro
51	122	179	Poro
43	120	190	Poro
2	28	90	Poro
36	117	183	Poro
36	107	155	Poro
51	127	191	Poro
28	73	123	Poro
24	93	175	Poro
28	83	135	Poro
26	96	173	Poro
15	60	106	Poro
43	108	159	Poro
57	118	153	Poro
40	121	180	Poro
52	108	129	Poro
71	146	166	Poro
25	91	166	Poro
29	99	181	Poro
30	90	126	Poro
31	98	155	Poro
37	109	175	Poro
35	112	174	Poro
44	110	157	Poro
66	130	174	Poro
26	78	120	Poro
41	117	170	Poro
36	90	126	Poro
47	128	184	Poro
41	100	127	Poro
38	81	94	Poro
29	100	176	Poro
35	106	157	Poro
31	87	140	Poro
56	118	162	Poro
24	96	161	Poro
7	43	115	Poro
39	111	166	Poro
86	154	162	Poro
48	122	164	Poro
26	76	124	Poro
23	86	160	Poro
34	72	83	Poro
18	89	163	Poro
44	101	129	Poro
38	98	160	Poro
43	106	159	Poro
110	158	158	Poro
37	107	188	Poro
33	105	152	Poro
20	62	92	Poro
26	96	158	Poro
28	98	150	Poro
29	94	161	Poro
37	108	166	Poro
33	78	87	Poro
50	100	145	Poro
52	126	191	Poro
39	104	137	Poro
13	42	68	Poro
78	161	183	Poro
41	110	157	Poro
31	96	156	Poro
41	95	116	Poro
46	100	145	Poro
59	146	198	Poro
38	94	129	Poro
42	110	176	Poro
9	32	56	Poro
90	147	156	Poro
32	97	172	Poro
41	112	186	Poro
72	130	171	Poro
31	75	103	Poro
55	108	143	Poro
42	119	182	Poro
32	90	118	Poro
51	115	169	Poro
28	81	131	Poro
25	62	93	Poro
84	140	172	Poro
19	85	164	Poro
51	110	156	Poro
35	94	160	Poro
24	85	160	Poro
16	66	117	Poro
61	117	147	Poro
41	100	144	Poro
30	96	155	Poro
139	197	209	Poro
56	121	153	Poro
58	142	178	Poro
23	81	160	Poro
53	132	189	Poro
58	116	158	Poro
79	136	200	Poro
30	99	146	Poro
73	136	160	Poro
125	187	196	Poro
39	100	165	Poro
38	103	153	Poro
41	95	126	Poro
28	69	96	Poro
43	98	169	Poro
54	115	151	Poro
30	82	145	Poro
29	75	103	Poro
8	53	113	Poro
30	96	166	Poro
35	89	139	Poro
51	121	152	Poro
23	85	135	Poro
70	124	147	Poro
47	127	187	Poro
59	133	178	Poro
130	206	190	Poro
35	95	127	Poro
64	128	158	Poro
55	114	137	Poro
42	119	175	Poro
38	106	163	Poro
31	103	174	Poro
30	85	153	Poro
44	106	162	Poro
22	89	167	Poro
37	87	118	Poro
71	151	209	Poro
130	189	195	Poro
27	95	171	Poro
35	102	144	Poro
38	107	170	Poro
75	145	189	Poro
60	113	149	Poro
30	80	125	Poro
38	85	106	Poro
34	83	125	Poro
54	115	139	Poro
25	80	131	Poro
43	105	137	Poro
2	43	99	Poro
24	67	113	Poro
43	91	124	Poro
86	156	177	Poro
54	120	133	Poro
36	98	146	Poro
33	98	165	Poro
61	140	181	Poro
99	177	195	Poro
50	123	191	Poro
23	72	124	Poro
17	71	154	Poro
51	116	155	Poro
54	128	189	Poro
22	68	151	Poro
69	123	138	Poro
23	57	105	Poro
53	108	154	Poro
13	55	107	Poro
16	69	142	Poro
69	130	133	Poro
45	103	120	Poro
100	155	147	Poro
36	94	142	Poro
49	115	150	Poro
54	119	159	Poro
28	102	173	Poro
5	54	115	Poro
64	103	120	Poro
31	78	114	Poro
75	143	186	Poro
29	72	106	Poro
14	87	165	Poro
46	115	164	Poro
34	99	172	Poro
59	125	171	Poro
82	137	138	Poro
27	71	101	Poro
41	111	192	Poro
34	103	184	Poro
37	109	182	Poro
12	53	114	Poro
39	120	173	Poro
52	124	166	Poro
24	96	163	Poro
46	120	171	Poro
56	130	180	Poro
73	134	151	Poro
52	116	164	Poro
42	123	180	Poro
54	121	161	Poro
19	76	147	Poro
21	73	134	Poro
55	127	163	Poro
52	127	182	Poro
27	105	181	Poro
85	154	180	Poro
32	99	144	Poro
41	107	150	Poro
4	45	101	Poro
105	178	195	Poro
40	113	183	Poro
30	98	152	Poro
34	106	163	Poro
72	132	156	Poro
83	129	131	Poro
14	64	97	Poro
28	72	105	Poro
39	107	155	Poro
40	105	145	Poro
34	93	124	Poro
37	112	169	Poro
71	135	149	Poro
22	66	106	Poro
42	112	172	Poro
39	110	182	Poro
69	151	183	Poro
32	86	130	Poro
50	118	150	Poro
42	102	152	Poro
29	84	134	Poro
18	55	84	Poro
17	77	143	Poro
34	108	166	Poro
63	145	193	Poro
39	101	162	Poro
46	103	129	Poro
58	122	169	Poro
44	115	190	Poro
43	95	158	Poro
33	80	116	Poro
38	102	156	Poro
49	111	167	Poro
32	81	107	Poro
47	111	175	Poro
23	63	76	Poro
31	100	153	Poro
18	56	74	Poro
80	140	163	Poro
74	137	157	Poro
26	81	100	Poro
54	125	171	Poro
29	89	156	Poro
35	106	161	Poro
29	76	101	Poro
38	97	122	Poro
37	91	143	Poro
18	67	151	Poro
91	150	161	Poro
40	105	154	Poro
79	128	136	Poro
50	118	191	Poro
29	87	167	Poro
16	85	140	Poro
23	78	139	Poro
47	117	156	Poro
65	135	181	Poro
33	102	157	Poro
43	108	149	Poro
5	50	104	Poro
46	119	162	Poro
67	118	154	Poro
38	105	134	Poro
30	96	154	Poro
35	97	135	Poro
27	86	122	Poro
33	92	141	Poro
62	150	202	Poro
46	125	191	Poro
52	115	140	Poro
43	114	180	Poro
30	88	152	Poro
27	78	137	Poro
48	122	162	Poro
35	113	167	Poro
24	93	174	Poro
28	95	148	Poro
42	118	187	Poro
21	70	115	Poro
64	144	200	Poro
71	135	165	Poro
20	75	156	Poro
57	115	150	Poro
39	113	177	Poro
59	133	165	Poro
24	92	173	Poro
33	108	168	Poro
38	94	160	Poro
49	121	168	Poro
40	105	165	Poro
43	97	118	Poro
35	84	98	Poro
22	76	102	Poro
56	116	153	Poro
48	94	139	Poro
33	91	173	Poro
112	176	165	Poro
35	81	98	Poro
37	88	103	Poro
18	67	128	Poro
72	130	152	Poro
39	99	161	Poro
39	112	157	Poro
49	128	192	Poro
134	195	187	Solido
157	223	208	Solido
151	211	203	Solido
168	235	226	Solido
171	248	240	Solido
155	212	210	Solido
172	239	237	Solido
161	228	221	Solido
167	232	231	Solido
139	194	184	Solido
117	170	148	Solido
173	242	234	Solido
159	222	210	Solido
160	226	223	Solido
169	237	230	Solido
168	234	229	Solido
161	230	226	Solido
167	230	220	Solido
159	224	222	Solido
114	177	157	Solido
165	234	228	Solido
171	241	231	Solido
105	157	155	Solido
121	173	136	Solido
106	165	164	Solido
171	239	240	Solido
121	178	181	Solido
168	239	227	Solido
176	244	242	Solido
109	165	123	Solido
76	120	120	Solido
152	214	210	Solido
147	210	196	Solido
107	158	158	Solido
131	198	190	Solido
156	220	210	Solido
175	244	240	Solido
170	235	221	Solido
132	186	159	Solido
154	217	200	Solido
164	232	230	Solido
151	212	198	Solido
108	159	158	Solido
161	226	228	Solido
132	194	167	Solido
82	93	53	Solido
94	144	115	Solido
163	233	229	Solido
171	239	235	Solido
62	108	135	Solido
134	195	197	Solido
165	227	226	Solido
149	212	212	Solido
161	227	219	Solido
165	237	215	Solido
157	222	224	Solido
157	228	220	Solido
165	232	233	Solido
161	223	216	Solido
166	238	224	Solido
79	134	136	Solido
128	190	167	Solido
170	237	230	Solido
169	242	236	Solido
167	238	233	Solido
130	188	147	Solido
181	251	247	Solido
155	220	216	Solido
121	173	162	Solido
138	204	191	Solido
166	231	215	Solido
148	214	221	Solido
175	245	243	Solido
78	128	107	Solido
132	190	194	Solido
132	196	171	Solido
164	227	228	Solido
123	183	152	Solido
173	247	236	Solido
124	184	158	Solido
107	156	148	Solido
164	232	229	Solido
168	235	229	Solido
124	185	155	Solido
117	175	150	Solido
134	197	171	Solido
89	146	152	Solido
96	151	149	Solido
124	191	195	Solido
101	160	162	Solido
71	118	125	Solido
167	239	236	Solido
185	254	245	Solido
164	232	224	Solido
177	247	240	Solido
150	214	213	Solido
172	241	226	Solido
169	235	234	Solido
171	241	232	Solido
184	254	239	Solido
116	179	189	Solido
145	207	207	Solido
167	231	216	Solido
164	231	221	Solido
145	210	200	Solido
161	226	225	Solido
161	235	228	Solido
162	226	212	Solido
151	213	203	Solido
165	234	231	Solido
110	161	151	Solido
166	235	231	Solido
135	196	195	Solido
175	246	238	Solido
165	232	226	Solido
135	194	153	Solido
114	163	150	Solido
163	228	223	Solido
76	105	73	Solido
148	209	209	Solido
152	214	218	Solido
171	238	229	Solido
174	245	239	Solido
147	203	183	Solido
133	198	171	Solido
163	231	224	Solido
89	158	169	Solido
163	227	207	Solido
164	226	227	Solido
162	229	224	Solido
56	79	53	Solido
44	64	48	Solido
160	225	194	Solido
174	241	225	Solido
115	165	159	Solido
173	244	238	Solido
118	174	161	Solido
115	158	143	Solido
136	192	174	Solido
171	240	232	Solido
161	220	207	Solido
159	225	226	Solido
167	236	236	Solido
164	229	229	Solido
158	230	221	Solido
125	175	157	Solido
129	183	161	Solido
165	232	229	Solido
130	194	168	Solido
138	203	167	Solido
105	164	134	Solido
145	209	211	Solido
157	221	216	Solido
163	235	231	Solido
158	228	224	Solido
166	235	228	Solido
156	224	219	Solido
101	151	135	Solido
124	175	166	Solido
59	101	104	Solido
150	210	200	Solido
166	232	228	Solido
131	191	183	Solido
173	243	237	Solido
97	148	146	Solido
150	214	214	Solido
105	162	147	Solido
135	196	173	Solido
159	227	228	Solido
154	216	203	Solido
166	238	235	Solido
175	243	243	Solido
165	233	222	Solido
111	164	132	Solido
153	220	213	Solido
169	235	223	Solido
173	245	235	Solido
135	194	158	Solido
117	175	147	Solido
161	227	214	Solido
113	163	150	Solido
156	219	206	Solido
167	236	233	Solido
104	153	148	Solido
86	137	135	Solido
60	79	58	Solido
139	197	182	Solido
144	208	180	Solido
176	249	238	Solido
164	234	226	Solido
32	64	73	Solido
111	167	149	Solido
140	210	193	Solido
85	132	129	Solido
111	171	169	Solido
127	188	165	Solido
170	239	233	Solido
137	197	183	Solido
53	88	69	Solido
102	154	141	Solido
173	247	241	Solido
172	247	240	Solido
173	246	237	Solido
159	226	226	Solido
51	92	102	Solido
173	246	242	Solido
164	232	221	Solido
163	233	224	Solido
149	211	194	Solido
163	230	224	Solido
171	236	228	Solido
173	243	232	Solido
131	192	191	Solido
73	119	101	Solido
164	225	205	Solido
163	229	221	Solido
164	232	229	Solido
163	230	220	Solido
162	224	225	Solido
93	142	142	Solido
135	200	195	Solido
119	175	172	Solido
61	115	120	Solido
148	205	191	Solido
91	133	123	Solido
159	227	223	Solido
169	238	237	Solido
154	221	215	Solido
174	245	238	Solido
164	230	203	Solido
173	244	240	Solido
178	251	238	Solido
79	121	101	Solido
157	225	210	Solido
145	208	193	Solido
114	176	168	Solido
153	216	196	Solido
166	233	221	Solido
108	177	187	Solido
159	223	228	Solido
158	227	223	Solido
164	228	222	Solido
83	137	146	Solido
129	192	184	Solido
166	232	225	Solido
159	222	216	Solido
131	194	192	Solido
94	136	125	Solido
152	212	187	Solido
127	183	164	Solido
160	229	217	Solido
154	217	221	Solido
137	198	168	Solido
168	240	240	Solido
109	151	139	Solido
161	225	211	Solido
140	208	175	Solido
115	166	152	Solido
75	86	46	Solido
171	238	229	Solido
167	229	231	Solido
167	234	231	Solido
164	234	236	Solido
154	214	189	Solido
0	48	57	Solido
161	228	226	Solido
161	225	220	Solido
99	153	148	Solido
163	224	228	Solido
146	208	202	Solido
155	226	222	Solido
175	243	238	Solido
155	223	219	Solido
169	234	230	Solido
156	226	217	Solido
45	79	82	Solido
142	205	193	Solido
114	162	131	Solido
167	234	229	Solido
165	231	228	Solido
171	237	233	Solido
87	137	146	Solido
162	226	211	Solido
157	217	208	Solido
102	151	148	Solido
173	236	215	Solido
122	183	188	Solido
122	168	125	Solido
49	68	51	Solido
145	203	179	Solido
167	233	225	Solido
175	250	246	Solido
151	207	182	Solido
149	215	210	Solido
162	231	227	Solido
73	112	95	Solido
147	209	214	Solido
152	214	213	Solido
167	239	232	Solido
46	75	61	Solido
176	247	240	Solido
163	236	222	Solido
168	242	237	Solido
153	218	211	Solido
146	207	185	Solido
141	199	190	Solido
129	189	163	Solido
165	234	218	Solido
162	226	225	Solido
163	229	225	Solido
159	225	218	Solido
161	226	224	Solido
110	164	126	Solido
170	237	225	Solido
136	205	203	Solido
178	249	234	Solido
165	232	217	Solido
110	166	176	Solido
171	237	232	Solido
98	154	119	Solido
141	204	190	Solido
170	242	238	Solido
143	207	208	Solido
131	195	193	Solido
188	254	233	Solido
163	228	229	Solido
153	217	211	Solido
159	225	209	Solido
137	196	174	Solido
161	226	221	Solido
137	191	171	Solido
166	235	225	Solido
104	155	118	Solido
76	122	121	Solido
141	203	175	Solido
164	236	233	Solido
147	211	208	Solido
149	215	209	Solido
156	226	219	Solido
176	247	238	Solido
157	221	217	Solido
166	235	236	Solido
165	236	231	Solido
171	247	239	Solido
105	148	140	Solido
153	214	208	Solido
137	194	172	Solido
169	235	220	Solido
175	244	233	Solido
89	138	137	Solido
129	189	191	Solido
155	221	216	Solido
128	183	194	Solido
173	243	241	Solido
159	221	226	Solido
154	217	212	Solido
161	231	226	Solido
140	194	191	Solido
129	191	187	Solido
172	245	239	Solido
108	158	170	Solido
116	171	153	Solido
125	173	154	Solido
142	203	172	Solido
92	148	147	Solido
47	73	52	Solido
38	74	59	Solido
157	220	223	Solido
165	240	237	Solido
135	189	161	Solido
169	242	236	Solido
129	186	161	Solido
69	112	97	Solido
111	168	144	Solido
124	175	159	Solido
177	243	241	Solido
164	226	207	Solido
116	166	149	Solido
170	237	227	Solido
172	236	221	Solido
157	221	222	Solido
68	127	141	Solido
153	212	211	Solido
141	199	194	Solido
167	233	233	Solido
75	111	112	Solido
161	234	222	Solido
161	228	223	Solido
103	161	149	Solido
131	187	183	Solido
151	216	214	Solido
109	163	187	Solido
65	87	50	Solido
148	208	191	Solido
175	247	238	Solido
163	228	232	Solido
162	232	222	Solido
106	170	177	Solido
175	246	243	Solido
149	214	200	Solido
137	202	192	Solido
64	106	107	Solido
172	241	239	Solido
169	242	238	Solido
168	238	229	Solido
99	149	120	Solido
92	137	122	Solido
46	66	50	Solido
86	146	149	Solido
144	207	203	Solido
148	209	204	Solido
112	158	139	Solido
163	236	234	Solido
74	116	107	Solido
80	117	115	Solido
167	232	228	Solido
171	241	232	Solido
160	221	226	Solido
167	235	231	Solido
163	233	225	Solido
170	232	212	Solido
142	206	200	Solido
129	180	159	Solido
157	225	216	Solido
163	224	228	Solido
155	217	214	Solido
160	231	222	Solido
77	128	130	Solido
159	222	212	Solido
165	234	230	Solido
159	228	223	Solido
71	96	59	Solido
156	222	221	Solido
159	224	218	Solido
168	232	213	Solido
159	223	217	Solido
154	216	215	Solido
133	191	194	Solido
133	208	194	Solido
162	232	230	Solido
156	217	204	Solido
175	249	238	Solido
146	218	212	Solido
124	183	156	Solido
162	232	232	Solido
173	242	238	Solido
174	240	236	Solido
163	227	213	Solido
123	180	148	Solido
161	229	225	Solido
20	36	32	Solido
164	232	227	Solido
174	248	241	Solido
124	177	163	Solido
122	177	146	Solido
159	222	222	Solido
131	197	171	Solido
165	238	235	Solido
99	152	147	Solido
94	149	144	Solido
171	240	233	Solido
157	219	213	Solido
69	90	54	Solido
124	181	139	Solido
175	243	232	Solido
116	166	151	Solido
121	178	152	Solido
154	221	208	Solido
170	239	226	Solido
169	244	238	Solido
163	226	218	Solido
95	148	145	Solido
125	183	177	Solido
119	175	164	Solido
171	242	237	Solido
124	181	170	Solido
170	239	223	Solido
165	238	236	Solido
174	243	231	Solido
169	235	229	Solido
165	231	223	Solido
164	230	231	Solido
163	232	229	Solido
121	175	163	Solido
119	179	149	Solido
171	240	241	Solido
163	232	228	Solido
170	242	238	Solido
49	78	57	Solido
90	128	123	Solido
169	245	240	Solido
103	166	163	Solido
155	220	213	Solido
159	227	220	Solido
119	177	151	Solido
135	197	168	Solido
165	229	222	Solido
129	191	164	Solido
22	64	82	Solido
100	144	121	Solido
119	177	149	Solido
0	48	57	Solido
175	242	240	Solido
72	112	110	Solido
157	226	211	Solido
87	153	162	Solido
80	128	105	Solido
118	168	157	Solido
176	243	228	Solido
111	170	177	Solido
163	230	229	Solido
159	224	219	Solido
155	211	209	Solido
119	169	152	Solido
171	238	241	Solido
102	142	138	Solido
128	196	192	Solido
161	235	225	Solido
171	240	230	Solido
156	223	226	Solido
143	200	191	Solido
156	224	217	Solido
124	179	183	Solido
163	232	223	Solido
167	241	239	Solido
185	254	244	Solido
179	249	235	Solido
168	236	236	Solido
125	181	144	Solido
53	79	51	Solido
162	229	228	Solido
143	212	212	Solido
158	223	220	Solido
82	125	122	Solido
145	216	209	Solido
179	250	245	Solido
141	195	173	Solido
98	147	140	Solido
154	219	224	Solido
163	228	229	Solido
0	48	57	Solido
117	171	174	Solido
95	144	121	Solido
168	232	220	Solido
145	202	202	Solido
163	230	222	Solido
175	247	241	Solido
136	198	208	Solido
64	79	44	Solido
158	224	219	Solido
165	232	225	Solido
166	236	231	Solido
99	147	137	Solido
97	151	139	Solido
102	158	153	Solido
115	171	147	Solido
131	183	173	Solido
175	246	239	Solido
153	214	215	Solido
161	228	215	Solido
160	225	227	Solido
140	213	214	Solido
162	228	214	Solido
172	241	233	Solido
168	241	234	Solido
147	205	190	Solido
142	203	204	Solido
165	233	222	Solido
168	232	231	Solido
135	196	203	Solido
164	232	227	Solido
148	214	213	Solido
175	246	231	Solido
127	186	159	Solido
167	239	231	Solido
73	89	49	Solido
165	233	226	Solido
167	238	240	Solido
96	140	129	Solido
131	185	178	Solido
118	172	169	Solido
107	165	125	Solido
63	96	97	Solido
175	244	228	Solido
137	200	197	Solido
161	227	220	Solido
133	192	155	Solido
149	210	195	Solido
154	220	219	Solido
171	237	227	Solido
161	225	224	Solido
171	243	238	Solido
160	223	225	Solido
153	212	200	Solido
133	189	169	Solido
158	228	224	Solido
168	238	228	Solido
159	222	205	Solido
136	197	183	Solido
167	235	217	Solido
160	230	225	Solido
130	187	148	Solido
47	67	49	Solido
150	213	196	Solido
103	158	145	Solido
159	228	226	Solido
156	219	215	Solido
160	231	228	Solido
150	223	218	Solido
171	244	236	Solido
75	116	114	Solido
89	137	126	Solido
144	209	210	Solido
138	204	202	Solido
171	237	212	Solido
158	223	224	Solido
158	225	215	Solido
173	240	235	Solido
130	185	158	Solido
109	157	131	Solido
94	140	125	Solido
164	230	230	Solido
64	81	54	Solido
171	244	240	Solido
167	236	229	Solido
156	222	222	Solido
167	239	232	Solido
136	197	195	Solido
162	220	211	Solido
157	224	216	Solido
163	230	228	Solido
169	242	240	Solido
153	215	209	Solido
177	248	243	Solido
97	153	146	Solido
123	173	175	Solido
67	111	102	Solido
124	179	182	Solido
170	237	213	Solido
167	235	235	Solido
167	234	216	Solido
115	170	140	Solido
100	142	132	Solido
157	232	228	Solido
165	232	233	Solido
170	240	236	Solido
176	245	238	Solido
151	218	220	Solido
170	240	241	Solido
157	222	219	Solido
165	235	230	Solido
167	232	234	Solido
158	219	218	Solido
132	193	197	Solido
168	242	235	Solido
149	211	208	Solido
167	236	224	Solido
77	131	143	Solido
107	172	183	Solido
133	195	165	Solido
154	216	207	Solido
141	207	209	Solido
147	212	205	Solido
93	144	119	Solido
171	241	234	Solido
160	226	222	Solido
101	167	171	Solido
155	218	209	Solido
143	206	208	Solido
173	240	232	Solido
166	231	230	Solido
166	230	218	Solido
34	57	44	Solido
137	203	175	Solido
163	232	227	Solido
127	189	155	Solido
171	237	237	Solido
163	231	226	Solido
167	240	237	Solido
122	175	157	Solido
74	110	107	Solido
78	124	127	Solido
52	95	104	Solido
125	175	157	Solido
158	224	221	Solido
118	177	149	Solido
110	163	150	Solido
115	175	149	Solido
108	161	136	Solido
168	237	230	Solido
102	137	139	Solido
170	238	235	Solido
153	220	212	Solido
157	221	206	Solido
176	244	234	Solido
116	167	153	Solido
93	138	119	Solido
155	222	219	Solido
167	233	219	Solido
135	198	198	Solido
164	235	230	Solido
153	217	210	Solido
173	246	238	Solido
159	225	215	Solido
157	218	213	Solido
161	227	226	Solido
115	165	161	Solido
162	225	225	Solido
185	254	246	Solido
52	96	103	Solido
149	218	212	Solido
122	182	143	Solido
155	222	217	Solido
165	231	220	Solido
169	240	229	Solido
179	248	242	Solido
161	224	213	Solido
142	202	178	Solido
116	168	144	Solido
167	241	236	Solido
175	249	240	Solido
168	242	239	Solido
161	228	220	Solido
155	223	217	Solido
124	177	157	Solido
171	242	237	Solido
152	212	208	Solido
161	229	224	Solido
153	224	220	Solido
106	170	170	Solido
108	158	123	Solido
176	245	237	Solido
57	84	53	Solido
126	185	150	Solido
168	235	235	Solido
163	227	226	Solido
130	188	150	Solido
167	236	225	Solido
172	239	237	Solido
115	167	143	Solido
92	133	129	Solido
167	237	223	Solido
160	235	225	Solido
164	231	228	Solido
167	235	232	Solido
161	225	215	Solido
172	241	239	Solido
154	221	208	Solido
160	228	224	Solido
158	217	210	Solido
163	231	225	Solido
163	234	228	Solido
170	240	235	Solido
170	246	238	Solido
163	231	222	Solido
61	95	92	Solido
158	226	218	Solido
178	253	242	Solido
175	244	235	Solido
137	202	198	Solido
165	230	232	Solido
124	184	155	Solido
157	222	208	Solido
58	85	58	Solido
168	234	232	Solido
173	242	237	Solido
58	101	104	Solido
64	106	111	Solido
164	232	230	Solido
143	208	196	Solido
116	166	149	Solido
165	232	225	Solido
155	219	217	Solido
99	150	128	Solido
75	89	51	Solido
75	108	102	Solido
113	165	148	Solido
128	188	201	Solido
105	159	131	Solido
124	177	180	Solido
175	249	241	Solido
137	195	196	Solido
168	234	231	Solido
135	189	165	Solido
175	243	233	Solido
167	237	231	Solido
172	240	236	Solido
161	228	214	Solido
150	212	202	Solido
144	204	202	Solido
173	240	229	Solido
135	189	190	Solido
120	171	157	Solido
71	90	68	Solido
157	221	212	Solido
172	242	235	Solido
154	220	214	Solido
171	245	238	Solido
176	249	246	Solido
163	225	210	Solido
109	169	180	Solido
160	229	228	Solido
149	213	181	Solido
148	209	196	Solido
167	237	235	Solido
163	228	223	Solido
161	224	227	Solido
170	237	225	Solido
160	231	227	Solido
157	221	211	Solido
173	241	230	Solido
156	220	202	Solido
169	238	217	Solido
143	212	209	Solido
147	210	199	Solido
118	173	164	Solido
125	187	165	Solido
109	155	154	Solido
160	227	222	Solido
175	247	240	Solido
163	227	230	Solido
95	137	122	Solido
164	236	231	Solido
174	244	240	Solido
114	161	147	Solido
108	169	175	Solido
159	224	220	Solido
122	175	155	Solido
86	123	107	Solido
170	236	236	Solido
101	155	158	Solido
136	195	195	Solido
165	230	214	Solido
174	244	222	Solido
177	248	240	Solido
135	198	198	Solido
162	229	225	Solido
121	179	163	Solido
156	221	219	Solido
123	182	171	Solido
135	187	167	Solido
113	164	147	Solido
119	170	155	Solido
160	222	218	Solido
137	202	160	Solido
74	124	126	Solido
143	205	205	Solido
124	170	153	Solido
150	212	197	Solido
162	224	226	Solido
168	234	234	Solido
155	219	217	Solido
175	243	232	Solido
167	242	235	Solido
173	242	239	Solido
158	229	223	Solido
82	132	101	Solido
169	242	236	Solido
114	165	142	Solido
163	230	220	Solido
179	251	245	Solido
164	233	226	Solido
101	163	167	Solido
156	217	219	Solido
76	112	106	Solido
153	218	218	Solido
169	239	230	Solido
159	224	218	Solido
122	188	167	Solido
158	221	218	Solido
175	245	238	Solido
161	227	224	Solido
157	220	218	Solido
131	185	157	Solido
173	241	230	Solido
167	235	227	Solido
129	187	163	Solido
144	192	170	Solido
73	110	104	Solido
171	241	233	Solido
166	230	222	Solido
159	230	225	Solido
175	245	241	Solido
164	231	214	Solido
173	244	239	Solido
166	235	232	Solido
158	220	211	Solido
156	217	221	Solido
171	242	238	Solido
159	223	229	Solido
167	240	233	Solido
76	114	111	Solido
113	162	147	Solido
171	243	241	Solido
174	244	232	Solido
169	235	228	Solido
148	214	200	Solido
61	95	92	Solido
171	240	232	Solido
169	238	235	Solido
119	173	159	Solido
155	219	215	Solido
175	244	225	Solido
165	233	223	Solido
179	252	236	Solido
153	214	217	Solido
151	217	203	Solido
169	237	238	Solido
170	236	220	Solido
162	226	227	Solido
141	197	210	Solido
149	212	205	Solido
53	82	50	Solido
165	230	226	Solido
55	90	86	Solido
143	205	209	Solido
95	140	136	Solido
166	234	224	Solido
170	241	236	Solido
128	189	161	Solido
123	184	153	Solido
126	190	166	Solido
147	210	208	Solido
177	245	231	Solido
163	227	223	Solido
164	232	223	Solido
41	68	55	Solido
101	165	175	Solido
118	179	150	Solido
54	87	97	Solido
123	168	150	Solido
136	204	171	Solido
140	206	202	Solido
82	132	98	Solido
155	218	215	Solido
136	200	200	Solido
130	186	197	Solido
160	226	228	Solido
134	198	179	Solido
164	228	222	Solido
165	232	230	Solido
154	217	199	Solido
156	222	214	Solido
168	238	232	Solido
108	156	167	Solido
143	204	209	Solido
169	241	236	Solido
163	231	228	Solido
94	143	128	Solido
63	99	108	Solido
149	211	207	Solido
158	222	218	Solido
167	233	227	Solido
139	199	194	Solido
149	208	215	Solido
109	163	176	Solido
114	164	168	Solido
69	105	112	Solido
159	230	226	Solido
64	109	113	Solido
157	221	211	Solido
118	182	175	Solido
162	238	233	Solido
80	120	122	Solido
135	189	183	Solido
72	88	52	Solido
151	214	203	Solido
174	241	237	Solido
161	231	222	Solido
153	212	202	Solido
147	205	202	Solido
147	213	198	Solido
148	208	202	Solido
54	86	64	Solido
169	239	234	Solido
165	232	226	Solido
114	171	162	Solido
171	241	231	Solido
161	230	225	Solido
162	226	216	Solido
135	187	183	Solido
179	248	239	Solido
67	116	118	Solido
173	244	242	Solido
88	133	124	Solido
151	215	217	Solido
50	83	66	Solido
172	241	235	Solido
177	247	238	Solido
167	234	234	Solido
164	233	230	Solido
81	119	103	Solido
113	165	146	Solido
160	229	222	Solido
122	179	179	Solido
145	211	206	Solido
165	232	216	Solido
135	196	199	Solido
174	245	243	Solido
165	234	229	Solido
157	223	221	Solido
157	223	203	Solido
84	126	106	Solido
169	244	237	Solido
129	189	171	Solido
153	218	214	Solido
114	171	171	Solido
141	204	174	Solido
122	178	160	Solido
170	242	237	Solido
139	201	196	Solido
134	193	201	Solido
118	178	152	Solido
118	169	142	Solido
163	230	226	Solido
168	242	237	Solido
129	191	185	Solido
164	228	225	Solido
35	79	88	Solido
150	213	201	Solido
176	251	242	Solido
114	162	161	Solido
175	247	241	Solido
54	80	58	Solido
103	151	126	Solido
155	215	203	Solido
69	115	112	Solido
163	232	228	Solido
113	167	164	Solido
108	162	155	Solido
145	210	206	Solido
154	216	209	Solido
124	177	175	Solido
80	124	145	Solido
164	235	229	Solido
156	222	201	Solido
172	244	234	Solido
160	226	222	Solido
158	224	222	Solido
174	242	238	Solido
86	129	120	Solido
175	244	240	Solido
162	227	224	Solido
175	244	240	Solido
116	169	144	Solido
169	238	231	Solido
168	237	230	Solido
160	226	216	Solido
116	178	166	Solido
173	241	234	Solido
129	183	155	Solido
169	234	219	Solido
174	246	240	Solido
169	241	236	Solido
112	162	150	Solido
150	212	211	Solido
170	240	234	Solido
121	175	177	Solido
165	230	223	Solido
132	191	187	Solido
176	248	235	Solido
112	165	163	Solido
171	242	236	Solido
162	228	220	Solido
164	232	232	Solido
172	239	233	Solido
140	200	214	Solido
129	183	177	Solido
71	104	102	Solido
159	226	218	Solido
163	236	230	Solido
170	233	226	Solido
113	171	155	Solido
95	141	137	Solido
117	166	137	Solido
122	175	177	Solido
164	236	231	Solido
156	223	212	Solido
162	228	228	Solido
148	214	201	Solido
110	164	141	Solido
152	215	215	Solido
74	114	115	Solido
164	232	217	Solido
150	217	208	Solido
161	230	221	Solido
125	183	161	Solido
168	240	235	Solido
152	211	206	Solido
123	173	158	Solido
165	234	229	Solido
165	234	227	Solido
167	239	238	Solido
170	241	234	Solido
166	235	233	Solido
94	144	141	Solido
132	194	166	Solido
109	159	131	Solido
66	104	103	Solido
159	228	219	Solido
147	208	196	Solido
164	227	230	Solido
145	197	193	Solido
116	173	177	Solido
164	230	231	Solido
173	243	239	Solido
158	220	221	Solido
163	224	216	Solido
127	181	171	Solido
170	240	237	Solido
169	236	225	Solido
131	190	190	Solido
147	210	206	Solido
161	225	203	Solido
130	185	193	Solido
31	74	81	Solido
134	194	185	Solido
176	245	237	Solido
141	197	172	Solido
165	232	225	Solido
108	173	168	Solido
173	246	240	Solido
41	62	42	Solido
176	246	244	Solido
166	232	234	Solido
104	160	156	Solido
175	248	237	Solido
127	188	190	Solido
159	228	223	Solido
75	93	59	Solido
181	249	232	Solido
116	175	150	Solido
153	215	207	Solido
152	219	214	Solido
53	91	74	Solido
162	231	229	Solido
179	249	239	Solido
167	237	231	Solido
140	205	190	Solido
157	219	227	Solido
59	91	96	Solido
164	229	221	Solido
166	231	226	Solido
173	242	237	Solido
170	243	239	Solido
121	176	173	Solido
155	220	203	Solido
87	140	150	Solido
156	222	223	Solido
167	235	234	Solido
155	217	212	Solido
79	130	124	Solido
169	238	227	Solido
163	231	228	Solido
174	244	233	Solido
177	249	239	Solido
168	237	227	Solido
162	228	223	Solido
174	239	232	Solido
155	219	205	Solido
148	212	200	Solido
157	225	223	Solido
145	199	191	Solido
175	242	238	Solido
156	221	221	Solido
145	208	206	Solido
175	245	240	Solido
168	236	237	Solido
111	169	153	Solido
153	215	213	Solido
67	95	60	Solido
120	179	190	Solido
76	117	108	Solido
168	235	216	Solido
178	252	243	Solido
106	155	133	Solido
159	222	217	Solido
159	223	218	Solido
126	182	177	Solido
126	184	165	Solido
175	246	241	Solido
175	241	239	Solido
164	234	232	Solido
164	235	233	Solido
153	218	212	Solido
165	232	231	Solido
155	217	213	Solido
119	178	149	Solido
132	193	165	Solido
73	120	124	Solido
167	236	232	Solido
157	221	218	Solido
169	239	238	Solido
156	224	215	Solido
126	187	160	Solido
131	193	180	Solido
159	219	225	Solido
155	227	222	Solido
128	185	162	Solido
134	194	161	Solido
153	221	218	Solido
148	215	212	Solido
171	237	232	Solido
172	243	238	Solido
180	249	236	Solido
33	60	41	Solido
171	240	230	Solido
150	214	203	Solido
120	182	161	Solido
131	189	179	Solido
163	231	223	Solido
179	250	239	Solido
176	248	243	Solido
167	235	225	Solido
166	239	234	Solido
170	239	227	Solido
158	227	211	Solido
106	152	139	Solido
161	231	223	Solido
169	242	235	Solido
174	244	235	Solido
174	249	241	Solido
158	225	226	Solido
134	193	196	Solido
157	227	223	Solido
163	234	223	Solido
113	164	151	Solido
161	227	226	Solido
142	196	177	Solido
158	224	215	Solido
166	233	230	Solido
129	189	190	Solido
25	57	78	Solido
161	225	220	Solido
58	99	81	Solido
146	204	180	Solido
180	252	242	Solido
170	235	224	Solido
148	207	184	Solido
56	97	98	Solido
165	232	229	Solido
160	224	220	Solido
111	164	177	Solido
77	117	90	Solido
105	148	141	Solido
109	181	186	Solido
171	237	230	Solido
99	148	137	Solido
101	158	156	Solido
159	229	221	Solido
165	236	232	Solido
132	186	195	Solido
168	244	237	Solido
133	191	192	Solido
174	240	233	Solido
132	187	172	Solido
169	239	237	Solido
156	224	222	Solido
171	237	235	Solido
159	224	219	Solido
118	167	150	Solido
172	241	242	Solido
123	177	155	Solido
130	189	195	Solido
151	213	200	Solido
164	230	230	Solido
157	225	209	Solido
171	239	238	Solido
156	217	215	Solido
155	223	214	Solido
41	66	58	Solido
137	188	174	Solido
161	229	229	Solido
150	215	208	Solido
107	155	148	Solido
143	209	198	Solido
177	247	245	Solido
173	243	243	Solido
181	251	246	Solido
77	120	109	Solido
141	207	208	Solido
57	85	59	Solido
39	80	92	Solido
43	86	108	Solido
157	227	224	Solido
164	229	207	Solido
155	215	208	Solido
155	222	215	Solido
169	243	236	Solido
93	129	118	Solido
165	228	229	Solido
174	240	240	Solido
117	165	153	Solido
125	175	157	Solido
76	142	149	Solido
96	141	126	Solido
162	229	210	Solido
125	192	184	Solido
159	225	221	Solido
169	239	237	Solido
159	229	222	Solido
145	211	210	Solido
165	228	233	Solido
165	230	230	Solido
174	241	237	Solido
167	234	231	Solido
125	185	156	Solido
139	191	173	Solido
154	219	217	Solido
165	227	230	Solido
157	225	212	Solido
130	194	190	Solido
164	232	232	Solido
99	142	115	Solido
148	207	200	Solido
172	246	237	Solido
157	224	225	Solido
72	115	99	Solido
58	99	108	Solido
167	241	235	Solido
169	235	224	Solido
169	237	231	Solido
157	223	223	Solido
149	210	213	Solido
125	182	158	Solido
95	157	161	Solido
167	242	235	Solido
160	230	223	Solido
164	228	226	Solido
159	226	224	Solido
122	180	183	Solido
169	242	236	Solido
119	175	168	Solido
38	75	85	Solido
40	73	53	Solido
166	240	234	Solido
70	95	61	Solido
162	224	221	Solido
155	221	203	Solido
167	241	238	Solido
176	248	243	Solido
172	244	232	Solido
149	205	183	Solido
104	162	165	Solido
167	237	234	Solido
135	196	172	Solido
92	140	110	Solido
121	178	173	Solido
174	247	242	Solido
174	241	234	Solido
168	239	233	Solido
117	177	150	Solido
135	192	185	Solido
165	232	222	Solido
179	250	243	Solido
151	206	191	Solido
177	245	237	Solido
139	199	171	Solido
155	220	217	Solido
162	228	219	Solido
123	180	150	Solido
149	222	205	Solido
169	239	221	Solido
160	224	222	Solido
162	227	226	Solido
150	214	212	Solido
162	233	228	Solido
165	232	231	Solido
161	228	221	Solido
128	181	163	Solido
181	250	242	Solido
159	222	216	Solido
119	166	149	Solido
121	185	159	Solido
173	243	239	Solido
163	233	220	Solido
120	175	155	Solido
166	239	235	Solido
111	180	185	Solido
139	194	191	Solido
105	161	155	Solido
135	188	169	Solido
65	90	59	Solido
142	202	206	Solido
60	74	40	Solido
180	246	234	Solido
158	220	203	Solido
163	229	218	Solido
121	174	157	Solido
169	240	226	Solido
163	226	209	Solido
163	232	231	Solido
131	187	172	Solido
156	222	222	Solido
178	248	240	Solido
135	195	173	Solido
159	224	219	Solido
140	202	199	Solido
164	234	232	Solido
174	244	240	Solido
115	173	167	Solido
143	204	204	Solido
164	229	231	Solido
177	246	234	Solido
163	229	221	Solido
177	243	235	Solido
167	235	233	Solido
160	228	220	Solido
160	223	215	Solido
70	129	138	Solido
174	245	236	Solido
171	238	237	Solido
168	234	228	Solido
171	239	236	Solido
157	223	219	Solido
126	178	161	Solido
151	217	218	Solido
164	233	228	Solido
80	115	104	Solido
167	233	231	Solido
172	247	240	Solido
89	127	117	Solido
165	232	227	Solido
143	210	194	Solido
175	245	237	Solido
171	238	235	Solido
173	238	222	Solido
158	227	220	Solido
158	224	211	Solido
185	253	228	Solido
118	168	152	Solido
158	227	219	Solido
118	173	133	Solido
158	226	218	Solido
169	238	237	Solido
148	213	208	Solido
120	181	190	Solido
175	243	230	Solido
151	217	207	Solido
157	230	226	Solido
113	170	175	Solido
172	244	244	Solido
123	171	160	Solido
169	235	232	Solido
175	243	237	Solido
166	235	231	Solido
131	188	169	Solido
168	233	229	Solido
104	156	138	Solido
86	128	99	Solido
158	223	215	Solido
143	210	212	Solido
131	189	195	Solido
133	198	170	Solido
173	242	238	Solido
135	194	180	Solido
169	238	233	Solido
167	241	235	Solido
171	242	236	Solido
151	216	218	Solido
160	221	225	Solido
163	230	221	Solido
159	222	210	Solido
155	225	225	Solido
92	139	162	Solido
169	237	234	Solido
111	159	129	Solido
157	222	217	Solido
70	119	121	Solido
79	116	102	Solido
165	231	233	Solido
119	169	154	Solido
160	221	219	Solido
122	186	183	Solido
140	205	202	Solido
169	236	226	Solido
175	243	239	Solido
168	238	222	Solido
154	222	218	Solido
70	87	55	Solido
52	93	94	Solido
164	234	231	Solido
170	240	232	Solido
174	244	238	Solido
108	164	139	Solido
168	236	222	Solido
167	236	235	Solido
49	74	60	Solido
106	165	166	Solido
146	209	199	Solido
173	242	227	Solido
173	244	239	Solido
133	183	168	Solido
179	247	232	Solido
164	230	228	Solido
173	243	235	Solido
153	219	213	Solido
157	217	220	Solido
169	240	238	Solido
139	202	163	Solido
133	194	167	Solido
167	232	223	Solido
165	232	233	Solido
165	235	227	Solido
133	189	174	Solido
107	159	151	Solido
173	245	238	Solido
161	230	230	Solido
132	189	169	Solido
161	222	222	Solido
67	101	113	Solido
175	244	240	Solido
160	232	225	Solido
128	186	165	Solido
173	243	231	Solido
149	212	210	Solido
126	178	165	Solido
157	219	219	Solido
167	235	228	Solido
110	178	179	Solido
104	163	147	Solido
62	110	113	Solido
63	107	122	Solido
143	195	172	Solido
173	240	237	Solido
91	131	118	Solido
162	227	220	Solido
164	229	226	Solido
162	228	222	Solido
116	173	148	Solido
173	243	237	Solido
96	161	163	Solido
143	206	206	Solido
143	197	202	Solido
128	189	183	Solido
143	203	204	Solido
163	230	227	Solido
153	212	214	Solido
170	239	226	Solido
153	215	209	Solido
110	157	144	Solido
131	190	168	Solido
165	230	233	Solido
131	186	167	Solido
162	229	223	Solido
112	161	138	Solido
170	236	228	Solido
157	222	216	Solido
103	158	148	Solido
173	241	240	Solido
136	195	176	Solido
170	238	231	Solido
155	216	220	Solido
95	145	133	Solido
110	168	136	Solido
157	224	223	Solido
124	179	162	Solido
129	189	187	Solido
130	182	168	Solido
137	194	191	Solido
129	189	160	Solido
123	179	184	Solido
120	171	157	Solido
49	85	83	Solido
64	105	107	Solido
115	165	147	Solido
90	137	114	Solido
166	236	232	Solido
164	230	224	Solido
96	145	131	Solido
174	242	238	Solido
164	233	229	Solido
177	244	240	Solido
156	221	211	Solido
157	222	218	Solido
133	195	159	Solido
110	160	133	Solido
167	237	235	Solido
165	229	223	Solido
145	210	195	Solido
175	247	240	Solido
124	184	178	Solido
170	239	232	Solido
162	232	219	Solido
103	157	157	Solido
154	210	191	Solido
173	247	239	Solido
76	120	118	Solido
165	233	231	Solido
157	220	217	Solido
134	181	162	Solido
162	225	219	Solido
85	131	111	Solido
167	233	218	Solido
106	161	144	Solido
122	174	150	Solido
169	240	235	Solido
164	231	232	Solido
115	166	151	Solido
179	249	235	Solido
161	228	219	Solido
0	48	57	Solido
149	207	201	Solido
125	183	191	Solido
55	98	103	Solido
126	180	164	Solido
155	216	205	Solido
72	111	113	Solido
133	183	184	Solido
109	158	138	Solido
162	225	220	Solido
163	233	233	Solido
66	81	51	Solido
165	227	228	Solido
77	124	137	Solido
175	243	237	Solido
140	200	200	Solido
64	85	48	Solido
170	238	237	Solido
132	185	161	Solido
162	230	222	Solido
167	236	223	Solido
120	170	158	Solido
124	176	171	Solido
99	146	127	Solido
149	209	196	Solido
147	212	203	Solido
126	179	162	Solido
123	177	157	Solido
172	241	239	Solido
173	244	236	Solido
160	229	223	Solido
162	222	213	Solido
157	217	218	Solido
180	249	237	Solido
160	226	223	Solido
175	246	238	Solido
120	177	154	Solido
163	228	223	Solido
119	172	154	Solido
179	249	244	Solido
167	239	235	Solido
167	230	226	Solido
154	218	215	Solido
177	249	239	Solido
128	180	169	Solido
135	187	170	Solido
88	141	150	Solido
123	176	157	Solido
164	232	220	Solido
166	231	220	Solido
158	222	208	Solido
171	239	237	Solido
151	210	209	Solido
167	233	225	Solido
162	226	218	Solido
172	239	227	Solido
124	183	175	Solido
75	114	120	Solido
10	43	67	Solido
167	236	232	Solido
130	190	183	Solido
165	232	223	Solido
128	179	171	Solido
168	241	239	Solido
158	222	223	Solido
110	174	177	Solido
147	212	200	Solido
67	135	159	Solido
160	221	208	Solido
169	236	239	Solido
174	241	239	Solido
164	231	222	Solido
72	110	106	Solido
114	165	148	Solido
160	225	228	Solido
163	230	220	Solido
132	190	157	Solido
110	160	140	Solido
146	208	199	Solido
180	248	232	Solido
174	244	240	Solido
108	156	144	Solido
118	178	152	Solido
150	212	209	Solido
174	244	231	Solido
167	239	232	Solido
155	217	219	Solido
102	158	157	Solido
92	144	144	Solido
158	221	216	Solido
153	221	216	Solido
94	141	126	Solido
61	92	63	Solido
171	238	236	Solido
109	157	138	Solido
174	240	228	Solido
122	180	173	Solido
157	222	220	Solido
167	233	234	Solido
161	229	231	Solido
164	221	221	Solido
97	145	120	Solido
173	241	238	Solido
90	129	122	Solido
168	235	233	Solido
67	119	118	Solido
168	237	230	Solido
87	122	113	Solido
165	237	231	Solido
164	232	228	Solido
63	94	73	Solido
0	48	57	Solido
183	251	246	Solido
86	136	141	Solido
167	235	226	Solido
175	243	241	Solido
185	254	242	Solido
100	144	130	Solido
151	213	209	Solido
176	245	233	Solido
160	226	230	Solido
158	222	221	Solido
170	241	237	Solido
135	198	196	Solido
137	189	189	Solido
164	234	232	Solido
155	219	202	Solido
178	249	242	Solido
120	171	154	Solido
163	231	230	Solido
170	241	229	Solido
62	96	70	Solido
104	158	135	Solido
159	224	226	Solido
111	159	149	Solido
79	93	60	Solido
154	225	222	Solido
154	225	215	Solido
145	197	164	Solido
101	152	137	Solido
176	244	224	Solido
107	169	174	Solido
172	243	235	Solido
156	224	219	Solido
131	188	172	Solido
158	223	212	Solido
105	149	138	Solido
173	245	238	Solido
135	195	196	Solido
169	241	234	Solido
132	187	166	Solido
52	81	62	Solido
157	227	229	Solido
167	235	229	Solido
151	217	209	Solido
108	172	175	Solido
154	223	218	Solido
157	217	209	Solido
163	229	226	Solido
167	238	234	Solido
143	197	190	Solido
104	152	164	Solido
113	166	133	Solido
132	188	178	Solido
133	202	202	Solido
135	199	201	Solido
142	211	202	Solido
156	219	221	Solido
119	178	152	Solido
152	215	212	Solido
42	75	86	Solido
125	177	158	Solido
89	128	117	Solido
149	210	207	Solido
128	185	155	Solido
167	236	234	Solido
168	238	233	Solido
175	243	239	Solido
29	53	53	Solido
175	244	237	Solido
138	200	187	Solido
125	188	167	Solido
165	234	227	Solido
165	239	234	Solido
161	228	222	Solido
123	180	153	Solido
161	228	219	Solido
167	234	226	Solido
145	205	177	Solido
151	216	218	Solido
122	177	159	Solido
148	213	196	Solido
172	243	231	Solido
167	231	233	Solido
168	240	235	Solido
178	250	237	Solido
70	83	45	Solido
163	227	227	Solido
103	153	144	Solido
163	231	228	Solido
96	145	129	Solido
149	209	206	Solido
153	220	209	Solido
146	207	187	Solido
175	242	239	Solido
171	239	230	Solido
135	199	169	Solido
96	145	130	Solido
169	235	237	Solido
123	181	147	Solido
113	162	151	Solido
179	246	234	Solido
161	227	218	Solido
105	163	122	Solido
158	225	219	Solido
125	184	169	Solido
158	226	220	Solido
76	88	54	Solido
159	218	206	Solido
145	208	180	Solido
152	218	217	Solido
113	169	139	Solido
90	140	106	Solido
175	245	239	Solido
156	218	213	Solido
91	141	133	Solido
157	218	215	Solido
101	147	135	Solido
118	171	161	Solido
165	232	218	Solido
104	155	164	Solido
163	230	229	Solido
166	229	228	Solido
156	219	218	Solido
106	156	132	Solido
53	81	59	Solido
158	222	212	Solido
172	243	232	Solido
157	221	227	Solido
125	183	147	Solido
151	213	213	Solido
36	73	88	Solido
124	183	152	Solido
127	190	203	Solido
132	197	205	Solido
148	209	203	Solido
161	227	226	Solido
155	218	208	Solido
128	185	193	Solido
172	242	236	Solido
172	237	224	Solido
154	219	217	Solido
140	202	184	Solido
158	219	204	Solido
167	233	211	Solido
162	228	229	Solido
116	178	173	Solido
159	230	225	Solido
162	229	223	Solido
0	48	57	Solido
125	185	142	Solido
121	163	125	Solido
93	142	138	Solido
114	170	154	Solido
57	88	101	Solido
170	241	232	Solido
80	128	132	Solido
175	242	234	Solido
173	242	238	Solido
168	235	234	Solido
107	160	147	Solido
167	238	218	Solido
155	219	219	Solido
145	205	206	Solido
108	168	142	Solido
112	168	145	Solido
176	246	236	Solido
174	245	237	Solido
142	209	208	Solido
91	140	122	Solido
133	189	166	Solido
172	238	228	Solido
157	215	207	Solido
146	205	193	Solido
135	192	148	Solido
161	226	226	Solido
128	185	181	Solido
165	236	235	Solido
156	218	204	Solido
159	224	223	Solido
71	126	129	Solido
163	234	212	Solido
145	201	183	Solido
165	235	225	Solido
173	236	227	Solido
179	246	245	Solido
162	230	228	Solido
171	247	241	Solido
167	238	235	Solido
170	240	237	Solido
150	211	204	Solido
142	197	176	Solido
155	216	209	Solido
161	229	228	Solido
75	120	94	Solido
96	144	137	Solido
184	252	239	Solido
137	203	192	Solido
93	149	145	Solido
162	229	225	Solido
142	208	199	Solido
134	190	195	Solido
153	223	220	Solido
165	231	213	Solido
73	87	51	Solido
151	216	189	Solido
131	189	175	Solido
135	194	191	Solido
171	239	237	Solido
70	84	53	Solido
153	217	220	Solido
148	208	193	Solido
158	227	224	Solido
166	235	224	Solido
38	61	53	Solido
114	178	175	Solido
114	165	143	Solido
159	232	225	Solido
177	249	237	Solido
169	241	241	Solido
167	233	217	Solido
168	239	233	Solido
125	187	139	Solido
162	227	225	Solido
161	227	222	Solido
171	237	235	Solido
40	83	78	Solido
30	51	43	Solido
129	187	156	Solido
120	177	142	Solido
59	75	44	Solido
178	249	244	Solido
126	184	181	Solido
154	217	222	Solido
138	197	192	Solido
112	165	125	Solido
156	218	192	Solido
112	164	174	Solido
165	234	231	Solido
135	194	181	Solido
177	244	236	Solido
130	178	169	Solido
78	122	122	Solido
160	228	227	Solido
172	239	233	Solido
170	241	234	Solido
173	238	238	Solido
170	239	238	Solido
158	224	221	Solido
160	223	226	Solido
144	211	205	Solido
26	81	107	Solido
174	240	231	Solido
60	105	108	Solido
171	238	236	Solido
161	229	222	Solido
149	212	216	Solido
169	237	232	Solido
165	231	222	Solido
162	230	214	Solido
112	171	180	Solido
168	238	237	Solido
170	242	233	Solido
169	241	237	Solido
168	233	217	Solido
71	112	89	Solido
122	182	156	Solido
144	202	208	Solido
73	117	153	Solido
159	224	227	Solido
58	97	88	Solido
176	244	235	Solido
148	209	203	Solido
82	130	115	Solido
112	161	154	Solido
154	215	214	Solido
159	229	227	Solido
151	212	206	Solido
113	169	170	Solido
158	224	213	Solido
171	243	239	Solido
151	215	212	Solido
145	206	180	Solido
160	224	216	Solido
108	155	150	Solido
86	124	121	Solido
134	197	198	Solido
167	238	230	Solido
116	171	147	Solido
119	171	155	Solido
115	171	173	Solido
129	190	163	Solido
79	133	130	Solido
152	216	211	Solido
104	153	144	Solido
157	221	223	Solido
142	206	192	Solido
24	56	70	Solido
137	202	197	Solido
157	226	222	Solido
65	90	57	Solido
119	176	151	Solido
171	241	231	Solido
170	238	231	Solido
172	242	230	Solido
155	223	206	Solido
167	235	228	Solido
150	215	218	Solido
166	237	230	Solido
155	216	206	Solido
141	200	184	Solido
158	231	230	Solido
173	248	238	Solido
171	244	240	Solido
110	160	165	Solido
151	211	209	Solido
53	85	66	Solido
157	222	219	Solido
174	246	236	Solido
165	236	229	Solido
167	237	232	Solido
162	230	225	Solido
171	243	239	Solido
169	240	230	Solido
156	221	202	Solido
155	215	201	Solido
173	243	237	Solido
159	228	226	Solido
164	233	231	Solido
139	199	171	Solido
159	218	218	Solido
169	237	229	Solido
173	243	235	Solido
168	241	237	Solido
104	150	146	Solido
169	236	229	Solido
177	248	239	Solido
125	176	159	Solido
98	146	139	Solido
115	172	148	Solido
184	253	239	Solido
134	193	186	Solido
169	241	233	Solido
168	240	236	Solido
159	226	226	Solido
139	206	204	Solido
112	173	149	Solido
141	203	202	Solido
132	186	171	Solido
125	185	153	Solido
119	170	155	Solido
162	230	228	Solido
158	223	219	Solido
157	226	216	Solido
98	147	132	Solido
172	241	239	Solido
159	228	227	Solido
135	199	172	Solido
73	130	134	Solido
164	231	227	Solido
141	207	174	Solido
160	229	226	Solido
162	229	228	Solido
162	230	208	Solido
156	220	204	Solido
165	232	228	Solido
177	246	239	Solido
165	231	232	Solido
137	190	184	Solido
68	95	64	Solido
159	229	229	Solido
147	212	210	Solido
176	241	242	Solido
157	222	226	Solido
158	225	223	Solido
153	216	220	Solido
153	216	219	Solido
167	228	227	Solido
137	196	203	Solido
169	232	233	Solido
159	225	223	Solido
149	213	217	Solido
161	226	216	Solido
123	182	150	Solido
64	81	48	Solido
173	242	221	Solido
101	160	165	Solido
18	40	28	Solido
159	226	218	Solido
149	220	207	Solido
142	203	179	Solido
32	88	111	Solido
160	227	209	Solido
149	215	212	Solido
170	239	239	Solido
166	233	231	Solido
171	247	242	Solido
123	184	139	Solido
178	246	240	Solido
170	237	233	Solido
112	168	155	Solido
156	220	216	Solido
87	127	122	Solido
164	232	231	Solido
79	99	61	Solido
160	227	216	Solido
164	231	228	Solido
157	220	215	Solido
131	185	163	Solido
135	187	162	Solido
126	177	160	Solido
116	169	152	Solido
97	153	143	Solido
172	242	229	Solido
173	243	237	Solido
101	150	139	Solido
160	227	221	Solido
176	248	244	Solido
73	87	51	Solido
174	250	244	Solido
126	185	152	Solido
138	195	153	Solido
163	227	225	Solido
162	231	211	Solido
154	222	219	Solido
98	162	169	Solido
167	242	239	Solido
0	48	57	Solido
145	208	210	Solido
113	171	150	Solido
170	240	235	Solido
147	207	196	Solido
166	238	236	Solido
161	226	222	Solido
173	245	242	Solido
160	229	222	Solido
134	187	169	Solido
141	206	173	Solido
129	182	163	Solido
173	242	239	Solido
167	234	234	Solido
156	222	216	Solido
177	247	237	Solido
157	226	222	Solido
174	246	234	Solido
133	187	172	Solido
147	204	206	Solido
157	225	227	Solido
169	238	232	Solido
113	177	186	Solido
140	198	186	Solido
169	243	232	Solido
173	243	239	Solido
161	227	228	Solido
134	194	197	Solido
163	228	219	Solido
154	218	219	Solido
154	223	214	Solido
103	156	121	Solido
168	236	228	Solido
150	207	204	Solido
164	234	223	Solido
159	232	225	Solido
155	219	215	Solido
157	219	212	Solido
54	92	85	Solido
137	199	172	Solido
54	86	100	Solido
144	206	194	Solido
131	182	162	Solido
167	235	230	Solido
142	208	208	Solido
174	242	225	Solido
89	138	117	Solido
161	227	217	Solido
31	52	38	Solido
165	229	230	Solido
76	115	121	Solido
56	89	93	Solido
179	247	246	Solido
166	237	235	Solido
158	225	209	Solido
94	135	131	Solido
161	226	224	Solido
129	193	196	Solido
159	226	225	Solido
100	141	136	Solido
137	198	171	Solido
164	228	219	Solido
172	242	239	Solido
134	191	168	Solido
146	212	203	Solido
153	218	212	Solido
167	236	233	Solido
142	208	204	Solido
174	241	220	Solido
163	231	226	Solido
143	209	194	Solido
0	48	57	Solido
119	176	169	Solido
161	230	219	Solido
151	218	215	Solido
167	233	227	Solido
100	151	127	Solido
173	245	240	Solido
163	231	228	Solido
146	204	204	Solido
95	150	136	Solido
138	200	198	Solido
46	88	82	Solido
166	226	211	Solido
163	225	217	Solido
175	246	241	Solido
93	156	170	Solido
171	242	239	Solido
63	90	53	Solido
160	229	222	Solido
164	231	231	Solido
158	226	221	Solido
154	226	220	Solido
157	224	221	Solido
113	161	143	Solido
123	173	159	Solido
159	229	229	Solido
172	243	236	Solido
165	234	234	Solido
124	184	156	Solido
170	241	237	Solido
121	189	173	Solido
132	193	194	Solido
140	201	181	Solido
133	186	168	Solido
129	189	165	Solido
80	130	124	Solido
156	219	219	Solido
94	154	170	Solido
159	229	225	Solido
148	212	203	Solido
96	141	139	Solido
157	222	220	Solido
160	227	214	Solido
156	215	205	Solido
170	239	228	Solido
152	215	206	Solido
144	205	194	Solido
169	242	238	Solido
127	174	159	Solido
163	233	232	Solido
141	199	195	Solido
159	227	210	Solido
148	203	179	Solido
175	249	241	Solido
175	241	221	Solido
177	245	231	Solido
155	224	213	Solido
151	217	203	Solido
114	174	175	Solido
164	227	217	Solido
127	189	186	Solido
178	246	235	Solido
70	87	49	Solido
170	235	240	Solido
171	241	235	Solido
164	237	230	Solido
44	67	43	Solido
170	235	235	Solido
144	200	197	Solido
173	242	238	Solido
151	219	208	Solido
116	170	138	Solido
91	150	152	Solido
174	245	242	Solido
172	240	233	Solido
171	240	233	Solido
177	250	240	Solido
170	239	233	Solido
157	222	217	Solido
83	152	173	Solido
156	222	222	Solido
122	175	153	Solido
125	177	160	Solido
120	169	161	Solido
167	231	229	Solido
138	188	167	Solido
167	236	233	Solido
151	223	218	Solido
169	236	234	Solido
167	235	235	Solido
67	90	57	Solido
58	77	64	Solido
131	183	176	Solido
163	225	225	Solido
160	225	204	Solido
169	242	237	Solido
149	218	214	Solido
174	243	239	Solido
165	238	239	Solido
165	233	232	Solido
179	247	225	Solido
156	223	212	Solido
151	217	213	Solido
129	184	163	Solido
155	218	200	Solido
173	239	230	Solido
134	196	193	Solido
165	235	228	Solido
157	221	220	Solido
167	230	232	Solido
171	236	233	Solido
169	235	237	Solido
170	236	221	Solido
73	110	111	Solido
169	238	233	Solido
87	144	151	Solido
13	30	25	Solido
169	235	236	Solido
155	222	221	Solido
82	127	127	Solido
147	206	195	Solido
168	241	237	Solido
162	228	219	Solido
161	224	221	Solido
132	188	188	Solido
139	202	179	Solido
169	240	234	Solido
161	227	222	Solido
153	217	213	Solido
125	181	138	Solido
167	237	237	Solido
124	183	151	Solido
123	175	162	Solido
130	192	181	Solido
179	249	242	Solido
157	223	215	Solido
126	195	179	Solido
169	237	227	Solido
154	215	208	Solido
163	227	220	Solido
57	102	105	Solido
161	227	218	Solido
122	185	174	Solido
138	187	173	Solido
173	241	243	Solido
173	244	235	Solido
100	154	151	Solido
146	203	179	Solido
178	248	239	Solido
63	107	110	Solido
163	230	230	Solido
128	188	189	Solido
66	80	47	Solido
177	245	238	Solido
129	183	161	Solido
168	241	233	Solido
163	233	231	Solido
68	82	47	Solido
167	238	233	Solido
56	84	58	Solido
132	190	153	Solido
166	232	232	Solido
136	200	205	Solido
109	156	143	Solido
175	247	243	Solido
169	241	237	Solido
101	157	135	Solido
171	245	242	Solido
97	150	150	Solido
170	244	235	Solido
162	230	225	Solido
40	62	49	Solido
177	248	240	Solido
107	165	141	Solido
179	249	242	Solido
163	231	225	Solido
163	234	231	Solido
109	163	153	Solido
165	234	223	Solido
159	223	226	Solido
164	234	233	Solido
160	229	228	Solido
123	184	187	Solido
119	176	150	Solido
170	241	237	Solido
162	229	222	Solido
95	148	137	Solido
150	214	212	Solido
172	242	237	Solido
167	232	229	Solido
173	243	224	Solido
158	229	220	Solido
172	238	240	Solido
150	208	216	Solido
146	208	169	Solido
84	128	125	Solido
157	223	222	Solido
168	236	232	Solido
136	197	186	Solido
124	181	167	Solido
152	211	198	Solido
142	197	178	Solido
169	238	232	Solido
160	223	210	Solido
173	246	241	Solido
104	163	169	Solido
118	179	151	Solido
134	193	201	Solido
172	238	234	Solido
112	165	149	Solido
145	203	191	Solido
137	200	176	Solido
160	227	220	Solido
157	223	220	Solido
50	97	103	Solido
78	92	58	Solido
147	209	192	Solido
169	238	233	Solido
155	223	215	Solido
142	210	198	Solido
159	224	214	Solido
150	214	209	Solido
170	239	236	Solido
158	224	217	Solido
163	228	223	Solido
90	138	128	Solido
125	185	189	Solido
122	175	157	Solido
149	211	209	Solido
158	222	216	Solido
174	242	223	Solido
76	100	77	Solido
93	165	175	Solido
170	232	216	Solido
156	212	195	Solido
83	126	127	Solido
167	230	233	Solido
28	52	45	Solido
167	230	230	Solido
157	223	221	Solido
173	241	240	Solido
164	225	226	Solido
169	242	237	Solido
67	88	53	Solido
172	242	234	Solido
128	185	193	Solido
135	196	170	Solido
61	129	150	Solido
112	158	142	Solido
135	198	159	Solido
166	236	230	Solido
107	162	174	Solido
173	242	240	Solido
171	242	239	Solido
125	181	164	Solido
164	235	231	Solido
131	189	177	Solido
169	238	231	Solido
163	226	224	Solido
170	242	239	Solido
170	243	236	Solido
178	248	239	Solido
163	228	227	Solido
122	183	153	Solido
163	229	219	Solido
167	237	231	Solido
124	176	196	Solido
163	232	225	Solido
44	73	61	Solido
41	80	70	Solido
136	189	183	Solido
168	241	238	Solido
103	159	166	Solido
103	152	137	Solido
169	239	228	Solido
164	234	232	Solido
163	229	231	Solido
60	90	63	Solido
177	247	243	Solido
162	227	228	Solido
167	233	224	Solido
167	236	230	Solido
86	124	115	Solido
121	173	157	Solido
163	229	221	Solido
162	229	219	Solido
111	168	130	Solido
171	241	233	Solido
161	229	228	Solido
158	222	209	Solido
145	204	188	Solido
165	231	223	Solido
135	193	197	Solido
177	245	230	Solido
157	222	225	Solido
168	235	231	Solido
164	230	219	Solido
157	223	208	Solido
161	223	203	Solido
119	181	176	Solido
140	202	188	Solido
111	158	141	Solido
69	107	109	Solido
125	184	159	Solido
108	160	155	Solido
92	147	143	Solido
124	180	163	Solido
160	229	229	Solido
174	242	237	Solido
66	78	42	Solido
172	240	234	Solido
57	91	102	Solido
122	183	158	Solido
169	237	231	Solido
159	226	218	Solido
158	221	219	Solido
133	191	179	Solido
164	228	215	Solido
133	187	167	Solido
162	226	222	Solido
170	232	229	Solido
160	230	223	Solido
172	240	238	Solido
160	220	215	Solido
135	195	185	Solido
161	231	225	Solido
144	202	189	Solido
137	195	178	Solido
159	225	223	Solido
87	142	148	Solido
95	152	146	Solido
163	229	231	Solido
170	235	239	Solido
142	200	180	Solido
115	174	141	Solido
120	185	183	Solido
161	221	200	Solido
169	236	234	Solido
159	228	216	Solido
87	146	152	Solido
152	211	209	Solido
166	235	226	Solido
171	237	225	Solido
73	120	112	Solido
169	240	231	Solido
146	205	189	Solido
162	228	231	Solido
171	242	240	Solido
115	189	181	Solido
74	116	111	Solido
80	135	136	Solido
98	147	178	Solido
125	175	155	Solido
159	227	218	Solido
130	181	179	Solido
159	223	224	Solido
33	55	53	Solido
163	232	229	Solido
173	238	233	Solido
129	187	193	Solido
50	74	49	Solido
177	249	233	Solido
155	220	216	Solido
164	229	230	Solido
175	247	241	Solido
175	244	234	Solido
169	237	228	Solido
109	159	142	Solido
172	239	232	Solido
152	223	221	Solido
161	229	230	Solido
166	235	233	Solido
160	221	197	Solido
175	247	240	Solido
143	206	205	Solido
169	241	228	Solido
177	247	237	Solido
129	194	159	Solido
97	162	156	Solido
91	145	142	Solido
173	245	241	Solido
167	237	234	Solido
175	242	231	Solido
157	222	217	Solido
35	56	41	Solido
163	229	219	Solido
105	160	161	Solido
119	175	173	Solido
151	213	216	Solido
154	214	216	Solido
114	167	149	Solido
67	110	83	Solido
131	189	171	Solido
175	245	238	Solido
170	236	229	Solido
150	215	204	Solido
161	224	226	Solido
144	212	205	Solido
169	240	234	Solido
155	220	216	Solido
167	236	224	Solido
151	218	203	Solido
129	195	167	Solido
166	232	231	Solido
160	224	219	Solido
167	238	232	Solido
101	155	164	Solido
163	232	226	Solido
143	207	201	Solido
169	238	240	Solido
94	146	141	Solido
91	146	131	Solido
72	118	104	Solido
68	87	49	Solido
153	219	216	Solido
127	189	181	Solido
147	213	204	Solido
59	87	62	Solido
155	219	207	Solido
167	235	234	Solido
157	225	214	Solido
130	189	177	Solido
164	232	224	Solido
125	187	187	Solido
148	217	217	Solido
135	194	167	Solido
159	227	213	Solido
98	147	143	Solido
156	216	225	Solido
85	133	131	Solido
116	175	149	Solido
163	232	227	Solido
140	198	181	Solido
39	68	55	Solido
97	154	165	Solido
61	83	51	Solido
165	234	230	Solido
68	89	53	Solido
173	240	231	Solido
179	251	246	Solido
175	244	243	Solido
149	214	193	Solido
141	201	200	Solido
122	180	171	Solido
165	228	228	Solido
0	48	57	Solido
79	124	118	Solido
165	234	228	Solido
161	230	218	Solido
160	228	226	Solido
163	230	230	Solido
161	229	226	Solido
127	179	183	Solido
157	220	210	Solido
151	223	205	Solido
62	116	118	Solido
107	156	141	Solido
44	72	55	Solido
134	197	171	Solido
162	226	208	Solido
163	232	225	Solido
177	248	232	Solido
97	144	110	Solido
170	230	204	Solido
163	229	230	Solido
165	227	223	Solido
167	234	216	Solido
113	171	138	Solido
151	214	211	Solido
163	238	235	Solido
35	68	77	Solido
162	230	231	Solido
30	63	75	Solido
168	236	230	Solido
169	238	233	Solido
54	115	129	Solido
92	144	135	Solido
159	223	209	Solido
107	148	141	Solido
156	225	217	Solido
162	232	222	Solido
122	179	184	Solido
144	205	191	Solido
177	248	241	Solido
159	223	212	Solido
175	242	232	Solido
78	115	105	Solido
141	199	186	Solido
169	235	237	Solido
21	66	80	Solido
120	181	162	Solido
171	239	235	Solido
178	246	242	Solido
169	241	233	Solido
153	217	214	Solido
183	249	232	Solido
165	230	227	Solido
112	157	154	Solido
112	172	148	Solido
120	178	152	Solido
147	210	215	Solido
167	236	229	Solido
117	165	151	Solido
97	154	164	Solido
167	235	226	Solido
171	242	239	Solido
111	168	149	Solido
136	195	181	Solido
134	194	155	Solido
132	195	169	Solido
61	80	66	Solido
139	201	177	Solido
169	235	218	Solido
149	219	208	Solido
177	245	222	Solido
55	88	61	Solido
169	245	236	Solido
170	239	226	Solido
166	229	230	Solido
171	237	239	Solido
112	163	148	Solido
170	232	230	Solido
163	224	224	Solido
129	187	190	Solido
167	234	223	Solido
131	193	187	Solido
127	180	170	Solido
128	187	146	Solido
141	205	193	Solido
149	212	208	Solido
157	217	192	Solido
168	236	227	Solido
84	124	122	Solido
172	241	230	Solido
175	239	227	Solido
129	187	173	Solido
181	248	247	Solido
133	195	187	Solido
151	221	206	Solido
111	169	145	Solido
175	249	242	Solido
157	224	213	Solido
151	205	196	Solido
102	151	144	Solido
165	233	226	Solido
168	235	230	Solido
127	183	147	Solido
0	48	57	Solido
171	237	237	Solido
155	220	225	Solido
127	182	179	Solido
71	117	119	Solido
175	244	235	Solido
114	169	152	Solido
151	216	213	Solido
69	108	113	Solido
144	202	199	Solido
173	243	236	Solido
169	243	238	Solido
183	253	246	Solido
165	235	231	Solido
70	88	52	Solido
130	191	168	Solido
131	182	161	Solido
60	94	87	Solido
159	223	214	Solido
177	248	236	Solido
145	203	189	Solido
159	224	211	Solido
129	188	176	Solido
150	216	213	Solido
163	228	227	Solido
91	140	141	Solido
170	240	235	Solido
156	221	223	Solido
171	242	237	Solido
179	247	241	Solido
153	215	213	Solido
168	234	220	Solido
100	151	136	Solido
155	220	222	Solido
158	223	223	Solido
133	199	189	Solido
161	232	225	Solido
157	218	207	Solido
154	220	215	Solido
143	203	207	Solido
95	137	123	Solido
159	231	226	Solido
167	230	226	Solido
53	88	96	Solido
91	136	127	Solido
137	190	170	Solido
51	114	132	Solido
163	228	221	Solido
133	194	169	Solido
145	209	182	Solido
174	246	238	Solido
158	223	207	Solido
161	222	225	Solido
124	180	174	Solido
159	220	217	Solido
159	226	230	Solido
171	239	238	Solido
168	245	239	Solido
99	163	171	Solido
169	238	231	Solido
163	228	210	Solido
129	190	163	Solido
175	244	234	Solido
161	230	229	Solido
169	238	224	Solido
166	236	235	Solido
133	199	198	Solido
167	234	225	Solido
159	224	223	Solido
158	223	216	Solido
72	115	119	Solido
104	153	143	Solido
165	236	228	Solido
171	238	237	Solido
122	181	177	Solido
134	196	201	Solido
41	86	97	Solido
128	177	157	Solido
121	178	150	Solido
104	167	172	Solido
160	226	222	Solido
129	183	164	Solido
112	167	155	Solido
60	82	52	Solido
172	239	236	Solido
166	236	228	Solido
176	248	239	Solido
137	192	185	Solido
164	231	218	Solido
171	247	239	Solido
171	244	240	Solido
171	242	232	Solido
167	241	232	Solido
163	226	222	Solido
158	225	226	Solido
168	238	234	Solido
174	239	234	Solido
155	224	211	Solido
167	235	229	Solido
161	227	220	Solido
143	205	192	Solido
163	231	224	Solido
163	232	225	Solido
163	224	204	Solido
165	230	219	Solido
134	184	170	Solido
174	246	236	Solido
116	175	142	Solido
171	241	240	Solido
165	231	230	Solido
153	214	207	Solido
175	244	234	Solido
166	238	233	Solido
153	214	192	Solido
104	161	139	Solido
158	224	226	Solido
148	215	203	Solido
161	222	215	Solido
49	83	71	Solido
139	202	190	Solido
144	203	183	Solido
45	69	48	Solido
170	239	235	Solido
139	191	202	Solido
128	174	153	Solido
178	243	218	Solido
163	229	227	Solido
171	241	234	Solido
76	112	106	Solido
35	59	49	Solido
175	247	239	Solido
143	204	198	Solido
128	186	183	Solido
173	243	234	Solido
162	227	215	Solido
137	189	180	Solido
165	232	232	Solido
119	167	158	Solido
163	226	228	Solido
143	202	187	Solido
85	128	116	Solido
164	232	231	Solido
63	80	57	Solido
157	230	225	Solido
180	248	239	Solido
162	227	228	Solido
100	149	137	Solido
115	172	146	Solido
159	228	215	Solido
51	70	43	Solido
61	100	92	Solido
131	190	169	Solido
85	126	115	Solido
118	178	167	Solido
143	204	207	Solido
158	225	217	Solido
150	212	204	Solido
167	235	227	Solido
143	205	200	Solido
120	179	172	Solido
134	187	168	Solido
174	243	230	Solido
165	235	233	Solido
173	244	240	Solido
121	171	153	Solido
174	244	235	Solido
169	234	223	Solido
149	212	214	Solido
140	203	166	Solido
161	224	207	Solido
111	173	172	Solido
156	228	220	Solido
154	213	203	Solido
167	233	226	Solido
107	171	178	Solido
122	178	161	Solido
172	238	225	Solido
158	228	226	Solido
179	250	245	Solido
153	208	203	Solido
121	179	157	Solido
164	232	224	Solido
141	199	177	Solido
158	226	226	Solido
55	97	94	Solido
156	217	211	Solido
157	224	212	Solido
155	217	210	Solido
153	218	214	Solido
147	208	213	Solido
167	232	220	Solido
112	163	125	Solido
99	153	129	Solido
142	202	180	Solido
125	173	171	Solido
29	87	110	Solido
105	149	139	Solido
170	237	229	Solido
139	203	156	Solido
92	147	127	Solido
156	224	221	Solido
101	156	126	Solido
165	234	222	Solido
157	227	213	Solido
132	194	169	Solido
157	223	226	Solido
98	151	158	Solido
169	237	229	Solido
132	188	165	Solido
165	230	218	Solido
0	48	57	Solido
169	235	226	Solido
173	241	239	Solido
137	192	170	Solido
80	141	145	Solido
170	241	238	Solido
167	237	235	Solido
160	227	221	Solido
125	181	162	Solido
41	76	59	Solido
116	174	154	Solido
166	235	234	Solido
92	139	129	Solido
124	178	157	Solido
163	225	221	Solido
151	213	198	Solido
103	167	163	Solido
132	192	165	Solido
107	155	136	Solido
171	240	240	Solido
165	234	230	Solido
76	113	101	Solido
44	70	55	Solido
171	239	241	Solido
159	227	224	Solido
164	230	216	Solido
164	231	226	Solido
163	232	221	Solido
58	75	46	Solido
49	99	120	Solido
153	215	216	Solido
119	182	176	Solido
175	245	244	Solido
170	241	230	Solido
162	231	215	Solido
172	240	236	Solido
134	192	207	Solido
149	214	202	Solido
69	116	108	Solido
84	147	151	Solido
158	226	220	Solido
104	165	161	Solido
163	227	228	Solido
159	220	212	Solido
157	220	222	Solido
74	118	127	Solido
59	80	68	Solido
161	222	205	Solido
112	177	182	Solido
165	232	227	Solido
156	220	224	Solido
163	232	221	Solido
126	183	172	Solido
173	242	232	Solido
149	213	216	Solido
182	249	236	Solido
149	213	207	Solido
159	227	226	Solido
166	233	236	Solido
162	232	227	Solido
171	238	239	Solido
155	221	210	Solido
172	240	240	Solido
19	64	83	Solido
87	149	148	Solido
157	225	217	Solido
155	219	217	Solido
84	132	125	Solido
156	223	222	Solido
162	228	219	Solido
137	200	172	Solido
135	195	162	Solido
125	182	151	Solido
167	236	235	Solido
156	221	219	Solido
165	233	221	Solido
168	236	224	Solido
97	143	133	Solido
171	242	238	Solido
124	178	183	Solido
145	210	202	Solido
172	242	226	Solido
143	203	179	Solido
167	233	232	Solido
162	228	222	Solido
67	89	72	Solido
112	169	173	Solido
175	248	239	Solido
117	169	155	Solido
52	88	93	Solido
165	234	231	Solido
111	165	125	Solido
133	190	159	Solido
156	218	211	Solido
173	239	239	Solido
147	203	186	Solido
150	206	207	Solido
167	234	231	Solido
165	231	225	Solido
159	221	218	Solido
165	229	218	Solido
135	202	199	Solido
171	244	241	Solido
61	82	48	Solido
97	148	157	Solido
164	234	231	Solido
149	211	202	Solido
132	195	206	Solido
89	130	117	Solido
163	233	222	Solido
166	233	224	Solido
95	139	131	Solido
152	222	214	Solido
140	202	196	Solido
110	167	143	Solido
112	170	125	Solido
164	234	232	Solido
82	120	114	Solido
127	189	163	Solido
115	172	162	Solido
177	245	239	Solido
157	220	210	Solido
67	85	65	Solido
127	181	169	Solido
150	206	195	Solido
137	200	197	Solido
65	107	107	Solido
162	229	213	Solido
71	86	47	Solido
171	241	231	Solido
130	196	197	Solido
171	241	237	Solido
155	223	222	Solido
170	240	237	Solido
166	235	227	Solido
169	241	235	Solido
130	189	169	Solido
140	198	183	Solido
163	230	225	Solido
151	215	213	Solido
91	155	153	Solido
142	205	205	Solido
130	191	185	Solido
136	200	171	Solido
166	234	226	Solido
52	80	57	Solido
166	239	232	Solido
181	253	245	Solido
166	234	219	Solido
154	222	215	Solido
146	204	192	Solido
103	168	159	Solido
87	129	124	Solido
105	156	141	Solido
135	204	202	Solido
151	217	205	Solido
180	249	238	Solido
156	214	205	Solido
127	185	159	Solido
177	248	239	Solido
105	155	141	Solido
152	212	203	Solido
178	248	237	Solido
126	188	171	Solido
166	238	229	Solido
172	245	235	Solido
152	212	191	Solido
147	211	201	Solido
150	209	195	Solido
167	233	214	Solido
107	174	183	Solido
160	227	225	Solido
102	163	179	Solido
121	169	158	Solido
154	220	212	Solido
151	218	206	Solido
148	211	215	Solido
151	212	205	Solido
155	218	210	Solido
111	168	137	Solido
166	237	234	Solido
175	246	236	Solido
156	219	216	Solido
164	235	236	Solido
171	231	212	Solido
41	76	85	Solido
164	229	226	Solido
172	244	240	Solido
153	218	211	Solido
116	170	144	Solido
158	221	225	Solido
49	87	95	Solido
147	209	189	Solido
177	245	242	Solido
132	192	170	Solido
89	160	179	Solido
161	229	217	Solido
162	228	216	Solido
172	242	234	Solido
170	244	235	Solido
155	216	208	Solido
169	235	233	Solido
163	232	212	Solido
172	242	237	Solido
176	245	243	Solido
37	56	46	Solido
110	159	140	Solido
172	239	238	Solido
142	204	198	Solido
178	244	235	Solido
165	234	220	Solido
163	229	211	Solido
158	229	225	Solido
27	62	79	Solido
171	243	238	Solido
118	169	153	Solido
124	187	161	Solido
82	138	143	Solido
163	234	227	Solido
172	244	237	Solido
164	234	225	Solido
150	217	209	Solido
131	191	196	Solido
