32	93	154	Poro
29	83	150	Poro
19	51	108	Poro
16	45	63	Poro
38	124	198	Poro
29	93	148	Poro
32	112	203	Poro
31	87	134	Poro
47	124	192	Poro
26	59	120	Poro
25	93	183	Poro
81	174	226	Poro
20	81	156	Poro
36	109	164	Poro
27	104	194	Poro
19	54	95	Poro
47	117	177	Poro
20	73	131	Poro
21	69	131	Poro
16	66	126	Poro
27	98	153	Poro
8	75	165	Poro
19	70	141	Poro
33	95	140	Poro
27	100	189	Poro
30	108	203	Poro
33	88	121	Poro
179	254	246	Poro
22	80	146	Poro
29	81	118	Poro
18	85	173	Poro
15	72	162	Poro
28	99	182	Poro
18	78	135	Poro
44	126	194	Poro
29	81	121	Poro
64	125	174	Poro
30	55	53	Poro
9	64	120	Poro
95	147	155	Poro
7	29	77	Poro
61	142	200	Poro
35	108	181	Poro
24	96	181	Poro
14	63	132	Poro
35	115	204	Poro
39	113	163	Poro
33	98	171	Poro
19	85	160	Poro
23	75	119	Poro
24	91	154	Poro
17	51	99	Poro
32	114	196	Poro
27	100	191	Poro
34	113	202	Poro
21	46	79	Poro
38	121	196	Poro
26	93	169	Poro
31	106	182	Poro
18	67	126	Poro
72	158	222	Poro
10	43	77	Poro
0	48	57	Poro
37	104	149	Poro
27	105	199	Poro
27	105	183	Poro
40	117	172	Poro
17	45	62	Poro
32	109	183	Poro
50	104	149	Poro
34	109	167	Poro
25	64	103	Poro
28	90	133	Poro
30	91	161	Poro
146	214	217	Poro
31	96	158	Poro
18	88	170	Poro
34	109	169	Poro
28	99	188	Poro
95	153	158	Poro
43	109	180	Poro
26	94	175	Poro
7	49	87	Poro
41	107	164	Poro
51	107	150	Poro
22	82	124	Poro
55	129	194	Poro
29	98	182	Poro
23	92	183	Poro
33	92	151	Poro
151	207	207	Poro
46	129	191	Poro
29	93	145	Poro
6	31	77	Poro
87	177	225	Poro
38	116	189	Poro
0	48	57	Poro
33	113	179	Poro
32	94	135	Poro
15	50	81	Poro
29	101	187	Poro
20	67	98	Poro
39	112	190	Poro
31	106	185	Poro
90	150	183	Poro
34	76	94	Poro
30	111	200	Poro
20	81	163	Poro
35	110	174	Poro
41	111	169	Poro
34	105	173	Poro
53	117	164	Poro
20	53	84	Poro
34	89	129	Poro
27	69	119	Poro
18	80	155	Poro
142	199	206	Poro
33	118	191	Poro
54	104	129	Poro
31	108	182	Poro
22	88	167	Poro
32	101	151	Poro
51	109	132	Poro
24	86	135	Poro
24	98	192	Poro
18	64	144	Poro
29	109	203	Poro
25	73	118	Poro
21	90	173	Poro
13	76	170	Poro
34	101	156	Poro
30	91	137	Poro
27	85	132	Poro
25	93	173	Poro
26	91	161	Poro
16	38	68	Poro
32	103	177	Poro
33	107	199	Poro
22	61	112	Poro
8	36	97	Poro
32	106	176	Poro
28	99	182	Poro
22	69	111	Poro
25	86	159	Poro
35	95	159	Poro
20	73	153	Poro
34	89	133	Poro
32	101	168	Poro
94	169	196	Poro
22	83	146	Poro
42	114	167	Poro
25	84	116	Poro
19	70	122	Poro
21	81	131	Poro
26	71	102	Poro
28	96	180	Poro
16	50	94	Poro
28	98	178	Poro
38	110	196	Poro
34	102	163	Poro
16	42	83	Poro
39	116	188	Poro
28	96	180	Poro
37	105	166	Poro
34	103	151	Poro
41	115	164	Poro
31	99	183	Poro
12	64	151	Poro
14	44	80	Poro
26	79	149	Poro
33	111	206	Poro
29	94	163	Poro
61	138	171	Poro
14	57	110	Poro
30	87	134	Poro
49	138	208	Poro
21	91	166	Poro
28	90	163	Poro
25	72	112	Poro
26	105	198	Poro
29	106	196	Poro
39	85	107	Poro
0	48	57	Poro
30	108	191	Poro
19	69	120	Poro
31	101	165	Poro
28	85	125	Poro
41	92	149	Poro
36	109	168	Poro
35	104	178	Poro
20	75	116	Poro
27	75	124	Poro
15	44	87	Poro
28	101	202	Poro
22	83	159	Poro
30	104	174	Poro
30	109	184	Poro
13	38	79	Poro
42	114	181	Poro
29	102	179	Poro
7	48	103	Poro
43	100	153	Poro
15	66	129	Poro
17	83	156	Poro
24	75	134	Poro
35	114	189	Poro
33	111	208	Poro
15	58	150	Poro
53	119	170	Poro
33	104	171	Poro
56	140	202	Poro
33	99	151	Poro
30	104	174	Poro
18	50	83	Poro
24	91	183	Poro
36	105	161	Poro
36	93	154	Poro
20	72	129	Poro
12	58	104	Poro
35	101	165	Poro
25	90	155	Poro
16	48	93	Poro
37	105	164	Poro
18	67	143	Poro
22	93	169	Poro
29	89	136	Poro
22	80	130	Poro
23	91	173	Poro
46	98	139	Poro
27	94	179	Poro
84	151	185	Poro
17	56	110	Poro
11	26	41	Poro
29	109	199	Poro
35	84	118	Poro
25	84	145	Poro
17	71	149	Poro
29	95	169	Poro
29	99	179	Poro
30	112	197	Poro
21	94	184	Poro
47	97	118	Poro
23	85	149	Poro
25	91	153	Poro
0	48	57	Poro
39	72	88	Poro
20	81	139	Poro
66	139	175	Poro
33	99	160	Poro
25	95	184	Poro
28	86	153	Poro
31	86	143	Poro
1	35	95	Poro
22	89	168	Poro
26	75	127	Poro
20	73	165	Poro
23	81	155	Poro
28	85	145	Poro
35	117	203	Poro
33	80	110	Poro
20	90	171	Poro
56	109	144	Poro
24	76	118	Poro
21	77	152	Poro
27	80	123	Poro
36	112	180	Poro
35	103	151	Poro
31	102	189	Poro
67	145	190	Poro
39	120	210	Poro
24	98	189	Poro
29	105	197	Poro
1	1	1	Poro
23	82	171	Poro
15	79	153	Poro
70	123	142	Poro
28	86	158	Poro
26	86	133	Poro
8	45	107	Poro
16	64	122	Poro
18	83	164	Poro
32	91	147	Poro
39	118	175	Poro
19	62	109	Poro
154	217	188	Poro
87	157	187	Poro
32	83	114	Poro
18	73	129	Poro
30	98	168	Poro
1	29	74	Poro
31	112	199	Poro
31	73	113	Poro
31	108	201	Poro
20	73	120	Poro
38	112	177	Poro
27	98	186	Poro
41	108	178	Poro
9	46	106	Poro
29	98	187	Poro
24	94	174	Poro
48	112	167	Poro
23	69	120	Poro
23	70	113	Poro
38	111	180	Poro
22	82	140	Poro
78	163	208	Poro
31	107	183	Poro
25	93	167	Poro
18	42	70	Poro
41	117	191	Poro
26	81	153	Poro
31	103	171	Poro
62	115	148	Poro
36	106	177	Poro
24	73	145	Poro
55	127	171	Poro
29	85	143	Poro
30	100	175	Poro
13	50	97	Poro
9	41	92	Poro
0	48	57	Poro
13	58	141	Poro
43	127	195	Poro
41	99	139	Poro
29	100	184	Poro
29	109	177	Poro
21	82	152	Poro
30	103	186	Poro
35	94	140	Poro
25	69	107	Poro
20	41	49	Poro
18	75	145	Poro
17	84	154	Poro
27	74	101	Poro
36	95	159	Poro
23	89	156	Poro
11	39	97	Poro
15	66	135	Poro
23	76	175	Poro
37	93	147	Poro
6	51	108	Poro
49	111	165	Poro
35	91	144	Poro
31	93	147	Poro
26	81	125	Poro
14	57	114	Poro
29	93	153	Poro
19	69	125	Poro
28	105	195	Poro
34	100	174	Poro
63	116	155	Poro
37	106	179	Poro
27	101	181	Poro
9	51	94	Poro
3	39	99	Poro
30	102	186	Poro
96	156	181	Poro
10	39	94	Poro
30	89	140	Poro
107	169	188	Poro
37	111	205	Poro
17	66	133	Poro
11	43	75	Poro
20	76	147	Poro
28	97	148	Poro
42	125	209	Poro
25	64	106	Poro
12	42	79	Poro
97	158	179	Poro
39	105	163	Poro
33	88	135	Poro
31	99	171	Poro
39	117	197	Poro
19	80	165	Poro
25	96	178	Poro
25	86	154	Poro
20	75	143	Poro
33	94	141	Poro
22	73	116	Poro
19	69	130	Poro
36	117	193	Poro
30	90	149	Poro
28	94	152	Poro
27	99	172	Poro
43	115	151	Poro
15	58	87	Poro
25	83	163	Poro
23	64	107	Poro
16	69	115	Poro
25	90	158	Poro
36	108	179	Poro
116	178	191	Poro
49	120	168	Poro
20	89	174	Poro
33	103	176	Poro
19	50	80	Poro
18	79	162	Poro
32	105	167	Poro
1	1	1	Poro
113	170	187	Poro
28	97	155	Poro
26	94	169	Poro
14	54	101	Poro
26	84	154	Poro
32	113	191	Poro
23	75	116	Poro
39	117	176	Poro
14	58	114	Poro
34	103	183	Poro
17	52	94	Poro
58	138	185	Poro
8	41	101	Poro
16	35	65	Poro
35	105	168	Poro
26	93	163	Poro
24	78	150	Poro
34	112	182	Poro
31	104	185	Poro
9	31	69	Poro
32	99	168	Poro
35	79	111	Poro
28	105	197	Poro
29	76	111	Poro
35	118	203	Poro
23	84	155	Poro
42	122	185	Poro
19	77	139	Poro
34	97	140	Poro
34	101	159	Poro
24	76	136	Poro
33	70	104	Poro
27	63	124	Poro
35	108	148	Poro
37	109	170	Poro
14	55	114	Poro
45	92	119	Poro
43	119	172	Poro
69	146	193	Poro
20	82	151	Poro
12	64	119	Poro
89	176	220	Poro
31	102	186	Poro
19	82	139	Poro
31	92	147	Poro
26	67	125	Poro
13	49	103	Poro
9	52	101	Poro
67	119	137	Poro
31	112	193	Poro
34	114	204	Poro
25	94	177	Poro
54	116	151	Poro
18	85	164	Poro
36	81	133	Poro
32	114	197	Poro
19	49	68	Poro
31	95	161	Poro
38	105	155	Poro
174	234	213	Poro
21	66	114	Poro
40	105	169	Poro
50	106	143	Poro
42	116	151	Poro
35	105	179	Poro
26	81	146	Poro
39	109	176	Poro
36	101	146	Poro
12	62	123	Poro
45	119	172	Poro
23	94	179	Poro
24	73	128	Poro
29	88	160	Poro
32	93	148	Poro
13	67	130	Poro
34	113	199	Poro
40	125	203	Poro
44	117	163	Poro
7	23	38	Poro
150	209	194	Poro
29	88	142	Poro
98	164	186	Poro
18	46	93	Poro
9	42	90	Poro
19	56	94	Poro
29	77	157	Poro
55	107	146	Poro
17	62	117	Poro
74	136	171	Poro
16	56	133	Poro
35	109	188	Poro
22	56	82	Poro
40	117	176	Poro
15	95	177	Poro
38	98	167	Poro
35	95	147	Poro
17	69	147	Poro
17	69	150	Poro
61	129	156	Poro
25	106	201	Poro
9	59	97	Poro
20	71	127	Poro
24	90	159	Poro
26	98	198	Poro
42	117	179	Poro
5	37	90	Poro
30	107	200	Poro
17	60	129	Poro
28	108	195	Poro
92	176	197	Poro
31	110	185	Poro
17	54	109	Poro
15	56	145	Poro
33	105	167	Poro
56	138	194	Poro
34	97	146	Poro
31	90	131	Poro
17	71	123	Poro
24	82	141	Poro
29	111	200	Poro
7	30	64	Poro
9	52	102	Poro
37	114	180	Poro
28	97	188	Poro
23	86	167	Poro
16	82	150	Poro
25	99	190	Poro
107	189	205	Poro
36	113	200	Poro
28	81	152	Poro
36	105	173	Poro
27	90	151	Poro
13	69	124	Poro
27	92	161	Poro
26	81	136	Poro
39	97	127	Poro
64	147	189	Poro
21	51	69	Poro
8	38	87	Poro
31	85	131	Poro
0	48	57	Poro
27	106	203	Poro
36	110	189	Poro
107	192	225	Poro
11	58	113	Poro
26	101	183	Poro
17	64	141	Poro
31	98	178	Poro
24	63	100	Poro
25	69	117	Poro
12	60	145	Poro
14	57	116	Poro
15	67	139	Poro
10	27	47	Poro
82	170	227	Poro
32	98	169	Poro
16	71	150	Poro
10	42	104	Poro
21	74	136	Poro
37	95	127	Poro
18	59	112	Poro
61	134	161	Poro
23	83	137	Poro
22	74	112	Poro
70	123	150	Poro
21	62	108	Poro
8	31	82	Poro
25	92	176	Poro
24	77	151	Poro
48	131	186	Poro
34	79	115	Poro
73	134	151	Poro
27	97	178	Poro
37	104	155	Poro
29	103	176	Poro
22	63	119	Poro
0	48	57	Poro
28	86	170	Poro
23	70	110	Poro
15	30	50	Poro
23	64	89	Poro
24	90	175	Poro
28	84	109	Poro
47	130	200	Poro
33	112	202	Poro
35	118	198	Poro
31	101	161	Poro
13	65	151	Poro
16	44	60	Poro
27	99	188	Poro
39	117	199	Poro
31	99	153	Poro
19	89	162	Poro
0	48	57	Poro
17	69	129	Poro
20	83	178	Poro
22	74	124	Poro
47	120	145	Poro
46	125	171	Poro
33	114	194	Poro
29	103	194	Poro
41	130	201	Poro
17	60	102	Poro
32	107	200	Poro
27	86	140	Poro
35	86	122	Poro
23	89	164	Poro
34	105	163	Poro
15	39	67	Poro
23	90	153	Poro
29	86	128	Poro
20	76	122	Poro
43	102	165	Poro
94	175	202	Poro
8	50	135	Poro
19	60	103	Poro
107	166	174	Poro
28	75	139	Poro
29	90	144	Poro
23	84	133	Poro
25	62	103	Poro
23	85	150	Poro
36	80	110	Poro
13	53	114	Poro
21	60	95	Poro
35	107	155	Poro
38	117	173	Poro
4	24	70	Poro
22	77	127	Poro
28	96	177	Poro
17	53	94	Poro
5	44	128	Poro
29	71	103	Poro
11	50	105	Poro
9	27	41	Poro
31	102	187	Poro
13	50	87	Poro
36	88	121	Poro
57	124	175	Poro
31	102	169	Poro
39	104	160	Poro
29	87	144	Poro
41	105	162	Poro
59	143	209	Poro
26	97	183	Poro
22	66	135	Poro
1	1	1	Poro
22	65	107	Poro
33	97	148	Poro
21	85	136	Poro
21	53	90	Poro
24	93	183	Poro
15	50	100	Poro
21	83	166	Poro
48	105	133	Poro
33	112	198	Poro
12	72	105	Poro
15	66	115	Poro
24	88	153	Poro
40	123	189	Poro
52	138	202	Poro
63	131	151	Poro
32	107	178	Poro
33	117	197	Poro
13	44	96	Poro
25	92	161	Poro
21	65	117	Poro
37	100	155	Poro
63	136	170	Poro
21	84	152	Poro
33	101	175	Poro
17	85	164	Poro
15	43	81	Poro
32	105	171	Poro
18	62	112	Poro
38	113	169	Poro
12	62	113	Poro
37	118	192	Poro
23	88	182	Poro
24	81	145	Poro
36	116	200	Poro
29	103	189	Poro
43	122	197	Poro
9	54	107	Poro
29	103	181	Poro
32	111	203	Poro
29	102	192	Poro
143	207	199	Poro
38	107	174	Poro
108	161	187	Poro
22	97	191	Poro
43	102	141	Poro
12	76	151	Poro
27	94	183	Poro
37	113	207	Poro
26	88	139	Poro
17	63	115	Poro
10	63	154	Poro
16	98	183	Poro
117	169	165	Poro
38	106	183	Poro
39	109	175	Poro
58	101	142	Poro
19	66	123	Poro
21	93	181	Poro
37	86	117	Poro
27	99	181	Poro
51	117	171	Poro
30	104	195	Poro
24	71	130	Poro
19	70	136	Poro
23	78	135	Poro
43	109	153	Poro
44	132	199	Poro
22	76	139	Poro
26	80	158	Poro
30	89	155	Poro
21	77	141	Poro
59	110	133	Poro
31	95	164	Poro
34	99	159	Poro
29	91	141	Poro
27	93	163	Poro
50	139	207	Poro
19	69	107	Poro
28	80	139	Poro
32	106	188	Poro
19	77	143	Poro
13	53	136	Poro
26	82	141	Poro
25	95	164	Poro
0	48	57	Poro
32	90	157	Poro
24	52	69	Poro
29	103	167	Poro
19	62	108	Poro
29	84	122	Poro
34	116	195	Poro
42	114	165	Poro
41	97	152	Poro
52	119	174	Poro
24	99	187	Poro
28	100	186	Poro
16	51	86	Poro
50	136	210	Poro
24	93	181	Poro
29	108	196	Poro
16	76	115	Poro
33	112	201	Poro
33	94	142	Poro
39	122	189	Poro
32	92	127	Poro
24	89	157	Poro
34	88	160	Poro
26	77	131	Poro
42	94	117	Poro
21	68	112	Poro
33	104	153	Poro
23	64	107	Poro
22	39	65	Poro
6	37	75	Poro
2	34	91	Poro
22	81	138	Poro
35	114	206	Poro
22	79	132	Poro
20	47	50	Poro
4	20	64	Poro
15	54	96	Poro
20	75	147	Poro
38	104	157	Poro
22	81	147	Poro
34	101	157	Poro
27	96	152	Poro
76	153	197	Poro
28	71	103	Poro
1	1	1	Poro
21	72	141	Poro
28	106	179	Poro
27	101	181	Poro
94	154	169	Poro
0	48	57	Poro
27	94	163	Poro
23	63	112	Poro
49	138	206	Poro
32	114	200	Poro
26	94	185	Poro
28	83	139	Poro
24	94	168	Poro
37	109	189	Poro
45	103	148	Poro
28	86	126	Poro
7	31	68	Poro
31	90	163	Poro
17	62	107	Poro
26	81	138	Poro
28	83	131	Poro
13	42	84	Poro
34	92	168	Poro
38	111	177	Poro
19	75	143	Poro
17	66	123	Poro
26	96	181	Poro
31	102	166	Poro
32	110	189	Poro
34	105	166	Poro
27	91	182	Poro
39	85	113	Poro
43	84	107	Poro
26	95	172	Poro
109	169	189	Poro
1	1	1	Poro
27	94	175	Poro
6	30	75	Poro
71	147	194	Poro
0	48	57	Poro
22	75	140	Poro
97	172	182	Poro
18	66	118	Poro
28	87	158	Poro
20	92	165	Poro
33	90	118	Poro
16	55	107	Poro
26	95	173	Poro
15	51	108	Poro
31	95	159	Poro
12	73	145	Poro
92	180	229	Poro
24	98	187	Poro
37	120	200	Poro
28	89	149	Poro
2	44	106	Poro
24	86	159	Poro
14	66	137	Poro
13	48	72	Poro
27	105	182	Poro
40	76	87	Poro
25	96	187	Poro
20	84	157	Poro
16	68	124	Poro
26	100	183	Poro
29	101	196	Poro
27	99	190	Poro
29	101	171	Poro
31	107	186	Poro
26	98	189	Poro
29	97	155	Poro
36	96	167	Poro
26	99	183	Poro
31	109	199	Poro
26	99	182	Poro
43	114	157	Poro
25	78	120	Poro
66	156	211	Poro
33	117	193	Poro
25	65	102	Poro
16	76	145	Poro
13	26	60	Poro
37	101	170	Poro
26	98	183	Poro
28	98	181	Poro
33	96	143	Poro
30	90	150	Poro
9	32	71	Poro
190	253	219	Poro
177	244	233	Poro
18	49	76	Poro
28	101	189	Poro
28	89	149	Poro
22	90	181	Poro
23	71	126	Poro
19	54	87	Poro
24	85	143	Poro
25	101	193	Poro
166	222	206	Poro
30	79	129	Poro
27	108	203	Poro
32	99	175	Poro
31	110	206	Poro
22	70	108	Poro
22	84	152	Poro
19	78	143	Poro
67	158	221	Poro
20	93	181	Poro
30	108	192	Poro
37	117	191	Poro
28	106	189	Poro
38	87	114	Poro
26	84	134	Poro
1	32	82	Poro
20	83	151	Poro
29	101	189	Poro
16	61	135	Poro
34	91	168	Poro
33	116	188	Poro
93	177	215	Poro
10	67	149	Poro
20	81	136	Poro
36	111	185	Poro
56	129	175	Poro
33	110	182	Poro
20	68	120	Poro
21	73	133	Poro
26	81	150	Poro
28	76	121	Poro
50	129	187	Poro
25	103	177	Poro
27	106	181	Poro
29	78	117	Poro
28	82	141	Poro
9	51	137	Poro
32	77	123	Poro
17	75	144	Poro
1	21	75	Poro
33	96	173	Poro
28	96	182	Poro
8	47	99	Poro
7	28	69	Poro
34	110	188	Poro
21	70	102	Poro
26	85	150	Poro
36	103	165	Poro
15	56	136	Poro
29	68	107	Poro
14	47	100	Poro
69	154	194	Poro
21	60	95	Poro
32	78	103	Poro
18	80	161	Poro
33	92	144	Poro
25	87	155	Poro
29	107	185	Poro
18	69	102	Poro
0	48	57	Poro
54	112	160	Poro
85	147	183	Poro
23	93	181	Poro
26	85	144	Poro
1	1	1	Poro
37	101	171	Poro
19	69	119	Poro
31	112	199	Poro
97	175	201	Poro
21	66	100	Poro
28	96	182	Poro
34	113	203	Poro
21	72	119	Poro
20	92	187	Poro
40	107	172	Poro
59	127	158	Poro
40	113	186	Poro
20	79	143	Poro
25	93	159	Poro
31	85	145	Poro
40	82	90	Poro
16	65	115	Poro
38	106	172	Poro
21	65	135	Poro
22	76	148	Poro
36	112	186	Poro
25	106	190	Poro
13	53	143	Poro
23	79	143	Poro
7	30	67	Poro
27	89	155	Poro
63	140	191	Poro
23	101	194	Poro
34	107	176	Poro
26	87	137	Poro
18	70	128	Poro
34	102	171	Poro
17	50	82	Poro
27	104	191	Poro
22	90	167	Poro
25	94	171	Poro
25	80	157	Poro
0	48	57	Poro
46	104	152	Poro
22	81	161	Poro
15	39	70	Poro
35	104	151	Poro
29	87	144	Poro
44	118	156	Poro
11	66	155	Poro
22	83	149	Poro
4	20	55	Poro
28	109	199	Poro
30	110	201	Poro
23	87	164	Poro
39	116	201	Poro
32	107	197	Poro
37	106	164	Poro
41	89	131	Poro
27	91	165	Poro
44	91	105	Poro
94	171	198	Poro
40	109	189	Poro
107	163	182	Poro
25	93	152	Poro
22	79	148	Poro
24	77	131	Poro
48	107	150	Poro
18	80	177	Poro
32	111	198	Poro
56	136	181	Poro
26	85	149	Poro
24	73	115	Poro
51	128	183	Poro
34	78	101	Poro
18	84	159	Poro
24	101	185	Poro
18	82	163	Poro
32	81	108	Poro
36	112	172	Poro
97	178	209	Poro
27	76	115	Poro
36	107	201	Poro
22	66	110	Poro
29	103	163	Poro
9	37	66	Poro
43	108	152	Poro
26	97	187	Poro
29	108	201	Poro
21	91	167	Poro
5	42	96	Poro
35	98	143	Poro
26	100	174	Poro
29	82	130	Poro
33	103	183	Poro
26	59	81	Poro
39	116	191	Poro
39	109	151	Poro
36	100	159	Poro
35	106	155	Poro
38	103	169	Poro
28	107	203	Poro
19	84	162	Poro
60	121	150	Poro
26	97	175	Poro
19	66	122	Poro
32	112	198	Poro
26	60	93	Poro
40	115	178	Poro
10	37	80	Poro
23	77	124	Poro
27	87	145	Poro
10	48	103	Poro
11	72	150	Poro
30	93	164	Poro
22	90	168	Poro
24	51	58	Poro
159	217	214	Poro
45	117	171	Poro
31	90	127	Poro
17	79	144	Poro
17	54	92	Poro
37	116	182	Poro
27	97	178	Poro
32	110	187	Poro
25	69	106	Poro
51	92	117	Poro
28	97	179	Poro
20	71	135	Poro
23	72	125	Poro
18	83	156	Poro
31	99	167	Poro
24	98	175	Poro
39	81	105	Poro
34	114	201	Poro
25	88	152	Poro
79	150	170	Poro
30	81	115	Poro
16	69	149	Poro
25	93	176	Poro
22	79	127	Poro
37	108	156	Poro
35	109	199	Poro
21	81	146	Poro
87	143	179	Poro
33	106	155	Poro
31	102	187	Poro
32	107	181	Poro
14	46	94	Poro
31	94	155	Poro
41	123	200	Poro
28	80	139	Poro
15	53	76	Poro
26	75	122	Poro
25	88	149	Poro
32	89	147	Poro
94	143	173	Poro
26	97	186	Poro
19	74	132	Poro
18	79	176	Poro
25	90	158	Poro
24	85	145	Poro
19	77	159	Poro
19	64	123	Poro
33	106	191	Poro
24	92	173	Poro
7	54	120	Poro
13	52	83	Poro
14	40	77	Poro
67	150	195	Poro
8	23	53	Poro
51	125	185	Poro
29	105	200	Poro
17	72	132	Poro
18	72	152	Poro
30	101	174	Poro
39	120	199	Poro
41	113	174	Poro
19	60	117	Poro
17	67	118	Poro
0	48	57	Poro
60	125	166	Poro
15	75	176	Poro
53	120	167	Poro
17	73	144	Poro
20	48	58	Poro
43	100	148	Poro
29	104	188	Poro
29	87	110	Poro
68	137	150	Poro
36	107	170	Poro
23	84	140	Poro
25	76	140	Poro
5	44	95	Poro
38	103	153	Poro
38	114	179	Poro
99	186	226	Poro
8	45	111	Poro
33	97	142	Poro
18	53	94	Poro
29	82	167	Poro
26	89	147	Poro
18	63	120	Poro
34	112	189	Poro
28	85	159	Poro
26	90	147	Poro
25	102	192	Poro
23	82	143	Poro
31	106	200	Poro
62	136	175	Poro
24	74	150	Poro
24	93	174	Poro
17	71	140	Poro
36	113	174	Poro
25	61	106	Poro
4	21	69	Poro
35	89	144	Poro
19	53	88	Poro
19	79	154	Poro
0	48	57	Poro
66	145	183	Poro
39	116	180	Poro
21	61	97	Poro
31	109	194	Poro
26	77	122	Poro
23	71	126	Poro
40	113	189	Poro
29	103	202	Poro
18	68	121	Poro
5	21	57	Poro
47	109	138	Poro
109	194	224	Poro
7	46	99	Poro
15	88	173	Poro
26	79	145	Poro
45	114	152	Poro
76	144	165	Poro
29	98	139	Poro
32	113	191	Poro
15	79	164	Poro
32	107	200	Poro
21	61	100	Poro
22	75	110	Poro
26	96	181	Poro
37	106	186	Poro
57	132	175	Poro
36	114	188	Poro
36	88	121	Poro
10	39	94	Poro
21	77	142	Poro
37	102	178	Poro
18	72	148	Poro
30	91	139	Poro
35	101	155	Poro
26	73	98	Poro
51	123	187	Poro
37	109	180	Poro
10	51	113	Poro
43	109	155	Poro
19	69	124	Poro
0	48	57	Poro
33	109	198	Poro
51	125	170	Poro
39	112	169	Poro
12	46	79	Poro
16	53	87	Poro
22	76	123	Poro
26	97	187	Poro
15	56	111	Poro
23	68	110	Poro
1	16	62	Poro
33	115	200	Poro
48	116	178	Poro
24	65	97	Poro
21	74	125	Poro
36	105	162	Poro
10	51	109	Poro
41	110	172	Poro
21	56	80	Poro
64	142	196	Poro
33	117	187	Poro
32	109	198	Poro
18	52	89	Poro
31	92	161	Poro
33	106	166	Poro
17	74	118	Poro
30	87	139	Poro
31	104	180	Poro
23	89	157	Poro
29	68	98	Poro
54	118	180	Poro
0	48	57	Poro
27	90	151	Poro
14	61	119	Poro
25	76	127	Poro
32	97	152	Poro
26	86	154	Poro
28	91	140	Poro
63	139	191	Poro
33	110	183	Poro
55	122	175	Poro
28	86	152	Poro
41	121	191	Poro
24	103	196	Poro
39	109	188	Poro
34	114	191	Poro
26	100	178	Poro
28	99	181	Poro
19	53	105	Poro
16	53	82	Poro
16	71	144	Poro
12	35	50	Poro
33	100	161	Poro
21	57	90	Poro
58	120	146	Poro
14	59	134	Poro
30	93	142	Poro
41	100	171	Poro
56	133	195	Poro
32	97	169	Poro
27	95	184	Poro
31	85	153	Poro
38	108	179	Poro
36	78	112	Poro
25	65	131	Poro
16	47	96	Poro
28	103	186	Poro
37	104	155	Poro
32	99	188	Poro
24	70	129	Poro
26	91	165	Poro
19	72	121	Poro
19	71	122	Poro
5	28	64	Poro
14	62	133	Poro
29	72	90	Poro
25	100	185	Poro
14	69	147	Poro
91	176	222	Poro
28	99	177	Poro
36	108	168	Poro
37	113	184	Poro
36	109	167	Poro
41	107	157	Poro
34	109	171	Poro
26	97	173	Poro
15	67	137	Poro
18	41	57	Poro
26	98	185	Poro
22	82	136	Poro
33	98	145	Poro
8	39	84	Poro
37	111	171	Poro
31	92	152	Poro
30	83	126	Poro
46	115	164	Poro
21	87	167	Poro
15	54	96	Poro
16	43	74	Poro
27	76	113	Poro
22	77	137	Poro
26	91	177	Poro
32	101	182	Poro
63	110	144	Poro
26	91	157	Poro
19	71	136	Poro
30	89	146	Poro
16	61	110	Poro
31	108	187	Poro
39	115	182	Poro
6	39	67	Poro
1	34	79	Poro
29	97	162	Poro
38	115	207	Poro
23	75	136	Poro
37	102	161	Poro
17	51	85	Poro
23	62	120	Poro
31	97	144	Poro
20	80	133	Poro
18	72	134	Poro
30	90	145	Poro
53	127	173	Poro
31	82	119	Poro
36	112	202	Poro
14	69	134	Poro
24	69	112	Poro
94	147	170	Poro
25	94	180	Poro
16	56	104	Poro
16	73	145	Poro
40	121	192	Poro
54	120	164	Poro
25	75	120	Poro
23	72	118	Poro
22	66	113	Poro
17	68	98	Poro
34	111	179	Poro
32	105	196	Poro
30	83	144	Poro
80	140	162	Poro
47	126	181	Poro
10	34	79	Poro
26	95	185	Poro
15	87	159	Poro
20	62	113	Poro
30	83	133	Poro
19	75	138	Poro
15	83	159	Poro
25	89	163	Poro
22	74	129	Poro
27	85	125	Poro
22	85	138	Poro
27	97	149	Poro
31	92	143	Poro
31	75	103	Poro
68	140	166	Poro
38	114	202	Poro
22	94	181	Poro
30	111	192	Poro
24	72	127	Poro
29	101	183	Poro
43	120	194	Poro
79	169	213	Poro
19	71	130	Poro
45	123	169	Poro
30	109	203	Poro
18	71	129	Poro
25	94	176	Poro
13	59	125	Poro
8	45	93	Poro
26	95	165	Poro
22	79	133	Poro
10	62	124	Poro
35	104	158	Poro
43	119	187	Poro
33	96	157	Poro
72	127	152	Poro
137	196	201	Poro
43	121	195	Poro
32	103	143	Poro
26	84	164	Poro
45	102	149	Poro
16	59	125	Poro
36	103	166	Poro
17	58	114	Poro
21	78	151	Poro
136	213	220	Poro
5	34	85	Poro
40	90	124	Poro
24	91	173	Poro
33	94	160	Poro
58	114	157	Poro
22	85	141	Poro
20	74	136	Poro
32	98	144	Poro
27	98	173	Poro
28	84	121	Poro
19	62	134	Poro
24	76	131	Poro
30	111	201	Poro
44	114	144	Poro
110	171	176	Poro
33	112	195	Poro
29	97	166	Poro
16	76	146	Poro
22	66	110	Poro
8	42	128	Poro
51	107	156	Poro
17	69	136	Poro
37	115	181	Poro
11	52	118	Poro
31	114	189	Poro
26	96	187	Poro
1	1	1	Poro
1	26	72	Poro
4	31	64	Poro
15	66	139	Poro
26	97	185	Poro
27	97	171	Poro
29	107	200	Poro
28	88	133	Poro
23	79	135	Poro
28	109	200	Poro
16	40	70	Poro
29	110	205	Poro
26	81	174	Poro
23	81	148	Poro
41	94	117	Poro
34	110	197	Poro
12	28	49	Poro
36	114	196	Poro
38	100	153	Poro
25	99	184	Poro
9	42	111	Poro
76	138	174	Poro
24	99	178	Poro
33	92	180	Poro
15	50	87	Poro
18	55	93	Poro
24	93	169	Poro
41	108	152	Poro
33	79	103	Poro
28	99	167	Poro
32	93	148	Poro
39	111	160	Poro
24	87	172	Poro
42	122	185	Poro
43	126	195	Poro
17	62	110	Poro
16	82	172	Poro
31	97	188	Poro
33	111	203	Poro
8	40	84	Poro
29	100	173	Poro
23	86	145	Poro
25	92	163	Poro
44	122	178	Poro
42	106	162	Poro
51	129	184	Poro
24	80	144	Poro
19	85	171	Poro
14	51	108	Poro
42	120	181	Poro
56	106	139	Poro
26	95	182	Poro
34	109	181	Poro
13	78	163	Poro
27	103	195	Poro
27	90	146	Poro
37	111	171	Poro
36	106	180	Poro
14	37	73	Poro
31	105	180	Poro
17	49	83	Poro
30	89	161	Poro
27	103	198	Poro
23	91	159	Poro
30	93	150	Poro
13	49	105	Poro
0	48	57	Poro
20	69	116	Poro
27	98	187	Poro
22	68	115	Poro
77	170	227	Poro
24	91	161	Poro
25	63	107	Poro
27	75	119	Poro
31	88	161	Poro
13	88	167	Poro
41	96	144	Poro
26	86	132	Poro
31	83	131	Poro
26	81	146	Poro
13	57	140	Poro
22	76	157	Poro
15	55	112	Poro
25	94	168	Poro
20	88	175	Poro
39	91	121	Poro
25	103	193	Poro
32	95	134	Poro
4	60	134	Poro
32	81	117	Poro
51	140	208	Poro
20	77	135	Poro
23	79	161	Poro
0	48	57	Poro
14	33	53	Poro
42	100	128	Poro
36	107	176	Poro
20	60	121	Poro
38	103	161	Poro
17	54	119	Poro
1	1	1	Poro
20	76	147	Poro
84	163	200	Poro
0	48	57	Poro
36	99	158	Poro
28	101	179	Poro
29	103	171	Poro
33	97	165	Poro
27	76	150	Poro
30	98	182	Poro
32	90	142	Poro
33	102	167	Poro
22	62	120	Poro
28	85	121	Poro
35	94	165	Poro
16	50	97	Poro
14	60	137	Poro
15	44	79	Poro
31	96	174	Poro
33	102	160	Poro
43	127	198	Poro
41	117	147	Poro
34	98	169	Poro
17	60	106	Poro
22	74	143	Poro
32	109	202	Poro
34	102	161	Poro
25	96	184	Poro
13	60	138	Poro
32	96	158	Poro
31	99	156	Poro
27	98	159	Poro
11	30	56	Poro
15	48	93	Poro
26	104	187	Poro
28	104	195	Poro
27	90	131	Poro
12	54	121	Poro
31	107	187	Poro
74	126	167	Poro
30	79	117	Poro
27	87	132	Poro
0	48	57	Poro
31	103	182	Poro
40	83	103	Poro
9	32	71	Poro
54	104	143	Poro
25	98	185	Poro
13	59	136	Poro
29	103	194	Poro
26	90	163	Poro
33	110	160	Poro
10	32	89	Poro
14	49	89	Poro
18	51	72	Poro
18	40	68	Poro
32	101	179	Poro
49	101	128	Poro
21	72	121	Poro
30	103	179	Poro
40	105	166	Poro
29	96	161	Poro
58	134	185	Poro
12	53	112	Poro
24	63	99	Poro
15	42	64	Poro
16	66	120	Poro
45	103	135	Poro
29	76	115	Poro
55	115	150	Poro
23	54	87	Poro
16	56	78	Poro
31	101	158	Poro
40	115	174	Poro
7	41	73	Poro
18	66	80	Poro
42	98	107	Poro
4	42	86	Poro
35	109	163	Poro
29	87	170	Poro
14	45	71	Poro
46	88	112	Poro
21	71	137	Poro
39	101	142	Poro
66	142	191	Poro
30	87	119	Poro
15	53	87	Poro
26	76	114	Poro
22	79	143	Poro
13	61	125	Poro
13	38	71	Poro
27	95	148	Poro
15	53	76	Poro
25	56	65	Poro
27	80	127	Poro
33	110	167	Poro
7	35	85	Poro
81	141	153	Poro
35	80	105	Poro
41	115	192	Poro
42	110	176	Poro
20	47	78	Poro
24	87	124	Poro
27	86	131	Poro
22	59	96	Poro
17	56	88	Poro
71	141	192	Poro
24	84	137	Poro
60	138	184	Poro
41	111	159	Poro
52	107	165	Poro
48	95	137	Poro
88	165	191	Poro
39	116	175	Poro
41	87	150	Poro
48	135	197	Poro
77	142	168	Poro
52	60	52	Poro
37	104	179	Poro
37	46	53	Poro
49	120	168	Poro
33	78	97	Poro
36	108	168	Poro
41	106	158	Poro
12	35	58	Poro
27	92	146	Poro
121	189	194	Poro
39	112	183	Poro
19	80	165	Poro
33	96	162	Poro
29	78	106	Poro
98	161	165	Poro
16	48	83	Poro
15	64	111	Poro
36	109	177	Poro
70	145	188	Poro
17	54	82	Poro
41	109	169	Poro
19	47	70	Poro
28	72	90	Poro
63	141	207	Poro
20	72	155	Poro
173	241	221	Poro
47	110	160	Poro
34	85	158	Poro
18	64	108	Poro
24	60	89	Poro
43	109	166	Poro
14	45	61	Poro
23	66	116	Poro
29	81	143	Poro
31	98	154	Poro
63	125	156	Poro
36	105	170	Poro
10	63	113	Poro
25	64	92	Poro
21	75	119	Poro
31	102	169	Poro
37	95	164	Poro
23	60	90	Poro
16	50	87	Poro
33	72	96	Poro
31	99	147	Poro
26	82	112	Poro
31	111	179	Poro
46	85	144	Poro
58	129	178	Poro
30	90	128	Poro
19	66	129	Poro
27	92	152	Poro
34	97	178	Poro
36	105	186	Poro
56	133	187	Poro
78	156	191	Poro
50	105	138	Poro
1	27	55	Poro
40	98	155	Poro
47	120	187	Poro
50	118	185	Poro
32	98	159	Poro
51	110	167	Poro
188	254	233	Poro
54	103	127	Poro
39	97	115	Poro
11	42	70	Poro
49	92	115	Poro
27	93	177	Poro
31	109	166	Poro
18	41	63	Poro
30	111	191	Poro
24	68	122	Poro
46	101	131	Poro
30	75	112	Poro
8	46	80	Poro
26	91	144	Poro
45	101	159	Poro
40	108	187	Poro
20	43	74	Poro
30	103	171	Poro
52	110	154	Poro
32	90	137	Poro
38	115	175	Poro
34	114	189	Poro
42	111	178	Poro
39	100	146	Poro
162	227	207	Poro
16	68	120	Poro
57	124	177	Poro
28	75	116	Poro
1	23	79	Poro
30	99	181	Poro
70	149	193	Poro
27	89	156	Poro
128	197	198	Poro
19	49	76	Poro
38	112	175	Poro
15	49	97	Poro
31	86	145	Poro
34	101	169	Poro
35	106	183	Poro
34	96	162	Poro
60	109	124	Poro
81	138	149	Poro
37	111	152	Poro
76	154	188	Poro
73	160	211	Poro
42	111	157	Poro
41	52	64	Poro
23	76	136	Poro
16	55	109	Poro
51	110	170	Poro
63	130	187	Poro
12	58	121	Poro
30	76	81	Poro
147	215	193	Poro
31	81	125	Poro
37	85	114	Poro
14	39	57	Poro
48	107	159	Poro
49	117	166	Poro
28	93	130	Poro
23	48	70	Poro
115	185	198	Poro
18	83	158	Poro
36	114	184	Poro
25	86	145	Poro
4	26	71	Poro
43	107	165	Poro
14	57	121	Poro
41	103	152	Poro
36	101	152	Poro
30	66	79	Poro
48	105	168	Poro
21	57	85	Poro
18	45	77	Poro
16	48	65	Poro
32	83	128	Poro
28	79	89	Poro
39	117	180	Poro
190	254	232	Poro
31	101	182	Poro
36	111	183	Poro
34	81	118	Poro
48	109	164	Poro
20	48	80	Poro
63	136	185	Poro
38	110	174	Poro
35	116	186	Poro
40	120	191	Poro
53	103	110	Poro
51	99	112	Poro
43	119	180	Poro
21	59	122	Poro
75	109	128	Poro
32	99	175	Poro
21	55	72	Poro
20	83	132	Poro
19	51	124	Poro
28	98	154	Poro
49	118	162	Poro
28	103	162	Poro
47	55	54	Poro
34	109	168	Poro
63	80	93	Poro
34	106	164	Poro
11	36	69	Poro
20	44	79	Poro
45	102	157	Poro
59	130	184	Poro
47	62	57	Poro
6	36	100	Poro
17	44	62	Poro
30	110	183	Poro
45	100	149	Poro
35	110	190	Poro
28	82	145	Poro
29	78	131	Poro
56	136	184	Poro
32	92	160	Poro
36	110	175	Poro
22	70	118	Poro
46	104	135	Poro
9	39	78	Poro
31	80	100	Poro
10	43	87	Poro
18	48	62	Poro
31	88	133	Poro
24	58	96	Poro
58	65	52	Poro
65	139	181	Poro
23	76	148	Poro
13	45	86	Poro
54	122	160	Poro
41	98	158	Poro
20	57	76	Poro
49	120	173	Poro
32	88	141	Poro
34	112	169	Poro
21	44	69	Poro
26	101	176	Poro
43	80	111	Poro
10	41	103	Poro
10	34	73	Poro
56	84	124	Poro
35	104	180	Poro
36	110	183	Poro
46	129	198	Poro
37	113	186	Poro
37	111	171	Poro
37	90	133	Poro
36	108	176	Poro
38	114	169	Poro
29	110	190	Poro
68	116	160	Poro
86	166	212	Poro
44	107	168	Poro
37	108	187	Poro
29	101	170	Poro
26	76	139	Poro
16	43	67	Poro
19	49	78	Poro
26	69	123	Poro
14	47	111	Poro
34	91	159	Poro
37	106	187	Poro
90	165	195	Poro
39	118	193	Poro
16	59	139	Poro
68	148	194	Poro
20	62	120	Poro
49	117	163	Poro
143	215	201	Poro
31	79	115	Poro
26	71	144	Poro
36	116	179	Poro
106	170	171	Poro
16	52	118	Poro
55	98	126	Poro
41	103	172	Poro
19	44	69	Poro
38	99	137	Poro
44	104	158	Poro
11	38	75	Poro
33	58	69	Poro
21	52	82	Poro
33	106	171	Poro
18	68	131	Poro
34	106	158	Poro
32	81	116	Poro
35	95	165	Poro
15	37	73	Poro
17	55	91	Poro
25	74	102	Poro
45	113	181	Poro
32	81	140	Poro
30	112	185	Poro
81	147	196	Poro
40	104	153	Poro
39	111	161	Poro
21	51	66	Poro
26	89	158	Poro
32	108	163	Poro
74	112	144	Poro
50	64	57	Poro
13	63	106	Poro
40	115	190	Poro
19	75	143	Poro
31	77	118	Poro
15	50	82	Poro
59	80	103	Poro
33	106	177	Poro
61	131	174	Poro
17	40	71	Poro
32	86	143	Poro
15	42	84	Poro
28	92	144	Poro
30	83	145	Poro
53	115	169	Poro
25	73	135	Poro
58	110	121	Poro
199	254	237	Solido
173	243	239	Solido
182	253	245	Solido
160	217	207	Solido
173	244	240	Solido
183	254	254	Solido
183	254	252	Solido
69	122	121	Solido
180	253	241	Solido
178	252	235	Solido
174	244	234	Solido
159	223	214	Solido
181	252	250	Solido
182	254	251	Solido
180	254	251	Solido
181	254	242	Solido
166	232	221	Solido
154	209	179	Solido
188	254	254	Solido
88	141	139	Solido
130	189	174	Solido
133	191	183	Solido
150	209	207	Solido
171	239	223	Solido
69	110	138	Solido
143	198	182	Solido
141	203	197	Solido
185	254	247	Solido
180	251	238	Solido
129	186	173	Solido
147	209	210	Solido
144	206	209	Solido
176	244	227	Solido
178	248	248	Solido
169	237	234	Solido
181	254	249	Solido
159	221	222	Solido
185	254	251	Solido
156	219	213	Solido
170	244	240	Solido
178	254	250	Solido
132	192	170	Solido
137	191	185	Solido
181	254	251	Solido
140	200	203	Solido
119	168	131	Solido
132	196	178	Solido
197	254	235	Solido
114	181	179	Solido
167	238	233	Solido
143	212	209	Solido
135	193	192	Solido
154	217	204	Solido
117	169	165	Solido
174	249	245	Solido
132	184	175	Solido
173	242	212	Solido
185	254	254	Solido
175	247	239	Solido
174	243	241	Solido
186	254	254	Solido
110	164	171	Solido
173	243	240	Solido
173	241	240	Solido
129	183	154	Solido
165	228	224	Solido
165	226	195	Solido
175	246	240	Solido
174	243	230	Solido
175	248	243	Solido
128	178	172	Solido
147	206	194	Solido
97	140	141	Solido
155	218	208	Solido
182	254	247	Solido
189	254	254	Solido
151	215	210	Solido
168	234	231	Solido
163	226	216	Solido
119	169	170	Solido
148	206	200	Solido
167	231	206	Solido
179	248	243	Solido
180	252	243	Solido
173	246	240	Solido
88	125	112	Solido
145	202	191	Solido
157	223	215	Solido
175	246	243	Solido
169	236	234	Solido
159	228	223	Solido
110	152	161	Solido
89	125	142	Solido
172	241	234	Solido
57	110	126	Solido
184	254	225	Solido
185	253	247	Solido
172	241	238	Solido
179	249	242	Solido
147	223	219	Solido
134	188	185	Solido
170	232	204	Solido
153	215	211	Solido
188	254	253	Solido
139	195	170	Solido
172	239	233	Solido
167	237	228	Solido
176	242	225	Solido
115	167	158	Solido
173	242	237	Solido
173	241	240	Solido
76	133	152	Solido
168	244	234	Solido
194	254	232	Solido
174	249	234	Solido
171	239	233	Solido
176	245	232	Solido
161	229	227	Solido
179	242	220	Solido
165	226	210	Solido
158	213	184	Solido
100	150	146	Solido
175	250	243	Solido
189	254	254	Solido
173	247	232	Solido
128	179	174	Solido
174	246	242	Solido
176	251	245	Solido
137	194	187	Solido
175	241	239	Solido
183	253	246	Solido
176	244	236	Solido
188	254	246	Solido
96	146	163	Solido
50	79	93	Solido
175	249	237	Solido
163	227	217	Solido
147	201	195	Solido
131	178	151	Solido
106	145	158	Solido
143	205	203	Solido
123	176	165	Solido
174	242	231	Solido
149	206	202	Solido
149	210	208	Solido
159	226	219	Solido
180	254	250	Solido
174	245	240	Solido
34	80	88	Solido
188	254	254	Solido
187	254	254	Solido
150	208	195	Solido
30	64	83	Solido
160	224	217	Solido
116	160	139	Solido
138	193	191	Solido
182	254	242	Solido
180	254	241	Solido
145	206	198	Solido
179	249	237	Solido
169	235	224	Solido
169	232	230	Solido
142	199	192	Solido
170	237	231	Solido
188	254	248	Solido
187	254	254	Solido
169	237	228	Solido
150	209	195	Solido
68	106	118	Solido
64	108	103	Solido
173	241	234	Solido
171	239	235	Solido
182	252	249	Solido
112	162	162	Solido
183	254	254	Solido
87	137	107	Solido
174	245	239	Solido
179	254	247	Solido
126	177	173	Solido
181	253	246	Solido
173	241	235	Solido
180	250	249	Solido
159	222	221	Solido
156	215	202	Solido
116	165	156	Solido
150	211	199	Solido
184	254	254	Solido
165	229	223	Solido
201	254	239	Solido
141	195	172	Solido
200	254	209	Solido
182	254	234	Solido
179	249	249	Solido
182	251	245	Solido
143	200	194	Solido
163	231	228	Solido
142	195	189	Solido
145	210	213	Solido
187	254	254	Solido
167	231	219	Solido
159	225	225	Solido
135	193	187	Solido
147	202	198	Solido
161	218	208	Solido
151	208	197	Solido
177	239	206	Solido
141	201	176	Solido
162	227	211	Solido
178	253	226	Solido
184	254	251	Solido
187	254	254	Solido
172	242	234	Solido
170	239	236	Solido
181	254	249	Solido
173	242	220	Solido
191	254	240	Solido
185	254	244	Solido
177	252	247	Solido
154	210	199	Solido
174	246	238	Solido
156	217	202	Solido
118	172	158	Solido
160	225	218	Solido
179	250	242	Solido
175	250	246	Solido
170	227	197	Solido
171	239	226	Solido
177	249	242	Solido
177	250	246	Solido
125	170	167	Solido
141	191	185	Solido
143	207	208	Solido
126	183	187	Solido
146	214	211	Solido
132	186	169	Solido
140	202	199	Solido
172	241	230	Solido
182	254	231	Solido
180	254	251	Solido
156	203	161	Solido
174	248	243	Solido
133	188	191	Solido
143	195	184	Solido
170	238	236	Solido
132	185	181	Solido
171	241	239	Solido
181	252	238	Solido
167	232	223	Solido
172	239	236	Solido
182	254	251	Solido
145	204	189	Solido
155	211	203	Solido
173	246	240	Solido
142	194	189	Solido
177	247	240	Solido
100	145	143	Solido
104	151	148	Solido
173	242	237	Solido
141	208	187	Solido
183	254	236	Solido
181	249	239	Solido
118	165	169	Solido
188	254	254	Solido
151	211	217	Solido
190	254	252	Solido
164	230	222	Solido
169	239	231	Solido
155	222	219	Solido
182	254	254	Solido
180	253	245	Solido
173	244	239	Solido
173	245	238	Solido
171	238	234	Solido
181	254	248	Solido
173	244	239	Solido
167	238	226	Solido
190	254	254	Solido
162	231	229	Solido
173	246	234	Solido
128	181	179	Solido
178	252	217	Solido
181	250	238	Solido
154	217	216	Solido
180	254	249	Solido
146	205	206	Solido
168	230	226	Solido
191	254	254	Solido
134	196	195	Solido
182	251	243	Solido
183	254	252	Solido
159	219	205	Solido
107	146	157	Solido
151	213	200	Solido
177	254	249	Solido
157	217	213	Solido
182	252	215	Solido
97	142	152	Solido
149	204	187	Solido
179	254	249	Solido
157	222	218	Solido
151	205	197	Solido
150	205	197	Solido
75	115	133	Solido
145	205	198	Solido
149	207	191	Solido
179	251	240	Solido
34	81	119	Solido
164	229	221	Solido
101	146	140	Solido
183	254	233	Solido
190	254	254	Solido
188	254	254	Solido
181	254	251	Solido
185	254	254	Solido
186	254	238	Solido
157	218	214	Solido
158	220	218	Solido
169	238	224	Solido
176	245	239	Solido
159	223	222	Solido
188	254	254	Solido
81	132	132	Solido
115	160	164	Solido
186	254	253	Solido
155	220	207	Solido
178	245	206	Solido
175	243	238	Solido
173	243	240	Solido
177	251	236	Solido
177	251	242	Solido
165	230	214	Solido
160	227	229	Solido
161	234	233	Solido
180	254	253	Solido
142	192	190	Solido
181	254	253	Solido
170	237	236	Solido
130	185	181	Solido
153	212	209	Solido
168	233	225	Solido
175	247	242	Solido
151	212	211	Solido
110	158	145	Solido
178	251	248	Solido
102	146	135	Solido
153	213	210	Solido
143	201	202	Solido
145	201	189	Solido
168	240	237	Solido
161	227	218	Solido
145	202	196	Solido
172	244	237	Solido
161	224	224	Solido
171	241	238	Solido
181	253	232	Solido
135	189	186	Solido
185	254	250	Solido
183	254	248	Solido
172	243	233	Solido
146	204	204	Solido
139	207	208	Solido
161	225	219	Solido
172	238	232	Solido
171	237	226	Solido
183	254	235	Solido
193	254	254	Solido
175	248	239	Solido
102	147	167	Solido
124	174	164	Solido
176	247	237	Solido
192	254	254	Solido
112	168	167	Solido
45	79	95	Solido
177	245	233	Solido
205	254	254	Solido
98	141	147	Solido
180	254	252	Solido
155	217	208	Solido
186	254	254	Solido
151	205	195	Solido
151	210	204	Solido
105	145	155	Solido
159	231	225	Solido
177	250	237	Solido
133	190	185	Solido
156	210	200	Solido
182	252	241	Solido
126	175	173	Solido
159	224	219	Solido
179	254	250	Solido
129	185	170	Solido
195	254	223	Solido
178	247	244	Solido
189	254	220	Solido
162	222	192	Solido
126	173	175	Solido
177	245	243	Solido
189	254	250	Solido
181	253	249	Solido
178	252	237	Solido
187	254	241	Solido
179	250	246	Solido
183	254	223	Solido
146	207	202	Solido
163	226	225	Solido
138	192	187	Solido
182	253	237	Solido
183	254	250	Solido
175	248	241	Solido
182	254	253	Solido
151	215	207	Solido
144	204	198	Solido
173	248	237	Solido
121	171	168	Solido
133	189	179	Solido
177	251	236	Solido
161	225	216	Solido
176	243	231	Solido
134	188	182	Solido
148	203	197	Solido
175	247	233	Solido
172	237	220	Solido
140	194	192	Solido
179	253	248	Solido
176	247	241	Solido
157	221	222	Solido
187	254	253	Solido
185	254	219	Solido
175	245	232	Solido
104	153	133	Solido
178	253	254	Solido
179	247	245	Solido
173	242	234	Solido
93	138	145	Solido
173	243	240	Solido
41	75	79	Solido
153	218	217	Solido
97	130	151	Solido
192	254	243	Solido
21	52	70	Solido
177	247	228	Solido
131	181	169	Solido
186	254	251	Solido
190	254	254	Solido
141	198	177	Solido
173	244	233	Solido
124	171	182	Solido
169	239	235	Solido
133	188	178	Solido
127	177	150	Solido
189	254	254	Solido
179	253	250	Solido
179	253	234	Solido
157	213	199	Solido
175	244	246	Solido
190	254	222	Solido
171	233	221	Solido
141	197	184	Solido
186	254	253	Solido
171	243	242	Solido
178	252	236	Solido
143	200	194	Solido
176	249	234	Solido
159	224	226	Solido
183	254	253	Solido
158	224	224	Solido
174	248	240	Solido
175	244	238	Solido
162	234	218	Solido
181	254	245	Solido
178	250	239	Solido
187	254	220	Solido
170	236	228	Solido
162	227	215	Solido
131	181	179	Solido
168	241	228	Solido
148	204	195	Solido
167	239	230	Solido
147	204	190	Solido
62	95	104	Solido
145	199	194	Solido
185	254	254	Solido
153	211	214	Solido
180	250	240	Solido
176	245	234	Solido
146	195	195	Solido
171	238	232	Solido
137	191	180	Solido
185	254	250	Solido
183	254	253	Solido
123	175	177	Solido
166	230	227	Solido
115	165	186	Solido
177	253	243	Solido
162	223	202	Solido
147	205	196	Solido
47	90	102	Solido
24	52	68	Solido
153	217	184	Solido
187	254	254	Solido
163	230	224	Solido
118	181	173	Solido
143	201	201	Solido
170	241	236	Solido
141	198	191	Solido
183	254	240	Solido
177	252	247	Solido
114	163	165	Solido
154	213	201	Solido
179	247	247	Solido
148	206	195	Solido
159	219	203	Solido
183	254	243	Solido
167	235	230	Solido
87	127	138	Solido
182	254	253	Solido
140	193	186	Solido
157	220	216	Solido
174	248	234	Solido
138	196	192	Solido
141	197	189	Solido
181	250	242	Solido
177	248	227	Solido
185	254	250	Solido
169	235	205	Solido
171	238	238	Solido
182	254	253	Solido
185	254	251	Solido
164	222	208	Solido
137	194	172	Solido
185	254	254	Solido
159	225	216	Solido
175	242	238	Solido
158	220	212	Solido
173	240	232	Solido
179	254	247	Solido
180	249	241	Solido
165	229	221	Solido
119	166	176	Solido
153	212	202	Solido
180	253	247	Solido
176	246	241	Solido
171	238	232	Solido
146	201	196	Solido
178	246	241	Solido
159	230	227	Solido
170	228	238	Solido
121	172	173	Solido
181	250	249	Solido
161	226	216	Solido
161	221	206	Solido
189	254	252	Solido
188	254	245	Solido
161	225	222	Solido
176	250	245	Solido
173	237	233	Solido
131	195	185	Solido
185	254	254	Solido
177	249	239	Solido
172	238	235	Solido
151	214	205	Solido
144	201	199	Solido
166	232	224	Solido
188	254	228	Solido
171	237	233	Solido
111	155	167	Solido
147	204	181	Solido
182	250	248	Solido
179	251	243	Solido
159	223	217	Solido
141	192	193	Solido
171	237	226	Solido
169	237	235	Solido
106	150	147	Solido
171	241	233	Solido
179	249	246	Solido
131	187	183	Solido
114	175	183	Solido
178	252	234	Solido
173	241	234	Solido
131	191	179	Solido
180	254	236	Solido
169	236	230	Solido
178	248	229	Solido
166	234	232	Solido
179	249	246	Solido
173	240	239	Solido
186	254	249	Solido
159	224	222	Solido
169	237	211	Solido
177	249	243	Solido
168	241	237	Solido
145	205	201	Solido
173	244	237	Solido
169	235	226	Solido
96	151	151	Solido
92	138	138	Solido
143	199	187	Solido
166	228	221	Solido
175	242	241	Solido
164	227	237	Solido
163	230	230	Solido
179	254	247	Solido
161	226	212	Solido
176	248	243	Solido
182	252	250	Solido
152	207	197	Solido
185	254	254	Solido
8	33	64	Solido
168	236	228	Solido
151	211	209	Solido
170	239	219	Solido
179	254	251	Solido
177	249	240	Solido
149	204	197	Solido
135	186	179	Solido
143	199	197	Solido
183	254	248	Solido
141	196	179	Solido
173	243	227	Solido
189	254	254	Solido
181	254	253	Solido
181	254	254	Solido
172	241	233	Solido
71	103	107	Solido
186	254	252	Solido
165	233	227	Solido
186	254	250	Solido
167	232	232	Solido
183	253	235	Solido
175	241	233	Solido
164	231	225	Solido
162	228	226	Solido
138	195	183	Solido
170	243	235	Solido
170	243	232	Solido
172	241	237	Solido
159	226	224	Solido
169	239	234	Solido
113	171	162	Solido
183	254	254	Solido
104	166	167	Solido
175	250	233	Solido
118	167	169	Solido
182	254	248	Solido
168	228	212	Solido
169	244	230	Solido
140	193	193	Solido
164	229	222	Solido
182	254	251	Solido
138	192	191	Solido
138	201	206	Solido
173	244	232	Solido
129	183	182	Solido
159	223	217	Solido
160	227	196	Solido
172	239	234	Solido
177	254	239	Solido
126	179	181	Solido
109	171	174	Solido
173	241	236	Solido
163	233	228	Solido
147	208	200	Solido
173	245	230	Solido
157	214	201	Solido
147	203	183	Solido
78	118	122	Solido
98	149	130	Solido
151	211	196	Solido
180	252	246	Solido
133	189	190	Solido
155	219	200	Solido
146	206	199	Solido
122	173	167	Solido
178	246	237	Solido
174	247	243	Solido
128	177	136	Solido
150	210	199	Solido
123	171	168	Solido
81	110	116	Solido
138	191	181	Solido
134	186	183	Solido
154	215	213	Solido
186	254	223	Solido
183	254	223	Solido
175	249	234	Solido
164	227	224	Solido
153	212	198	Solido
167	231	197	Solido
184	254	247	Solido
168	227	211	Solido
160	224	219	Solido
173	244	238	Solido
133	189	179	Solido
172	238	234	Solido
178	253	250	Solido
177	248	245	Solido
179	249	236	Solido
159	222	217	Solido
187	254	254	Solido
82	132	136	Solido
177	246	239	Solido
137	197	192	Solido
128	195	180	Solido
173	242	232	Solido
158	224	221	Solido
163	234	225	Solido
153	212	198	Solido
174	242	237	Solido
167	234	226	Solido
173	241	238	Solido
134	195	194	Solido
176	244	237	Solido
167	236	236	Solido
177	252	250	Solido
168	242	225	Solido
185	254	222	Solido
187	254	215	Solido
183	253	213	Solido
160	224	225	Solido
153	212	214	Solido
128	182	179	Solido
110	158	160	Solido
172	243	238	Solido
133	189	183	Solido
185	254	254	Solido
94	146	172	Solido
65	117	145	Solido
176	249	221	Solido
170	236	224	Solido
164	230	227	Solido
159	223	220	Solido
168	237	231	Solido
181	254	244	Solido
144	207	193	Solido
174	249	242	Solido
169	237	215	Solido
167	235	218	Solido
175	246	241	Solido
187	254	254	Solido
188	254	251	Solido
138	193	188	Solido
94	126	119	Solido
182	254	252	Solido
170	240	237	Solido
183	254	252	Solido
162	226	223	Solido
167	234	230	Solido
143	204	178	Solido
178	249	234	Solido
142	197	192	Solido
166	235	218	Solido
139	201	189	Solido
145	200	191	Solido
146	209	191	Solido
138	195	190	Solido
179	252	231	Solido
172	241	233	Solido
161	229	229	Solido
106	152	163	Solido
174	245	239	Solido
183	254	254	Solido
163	229	224	Solido
103	163	152	Solido
177	251	245	Solido
151	214	197	Solido
177	248	234	Solido
159	220	209	Solido
125	179	175	Solido
145	203	188	Solido
185	254	235	Solido
172	242	238	Solido
169	244	228	Solido
177	248	246	Solido
173	246	237	Solido
134	190	185	Solido
181	254	251	Solido
177	250	244	Solido
164	230	222	Solido
107	162	162	Solido
169	238	232	Solido
144	201	178	Solido
174	244	236	Solido
172	244	235	Solido
135	197	215	Solido
181	252	248	Solido
155	211	199	Solido
175	246	226	Solido
180	248	238	Solido
175	245	229	Solido
170	241	233	Solido
190	254	254	Solido
159	223	219	Solido
167	238	223	Solido
176	246	238	Solido
163	228	226	Solido
150	212	215	Solido
184	254	246	Solido
158	219	225	Solido
174	245	241	Solido
176	250	236	Solido
168	238	231	Solido
168	235	234	Solido
183	254	251	Solido
180	254	251	Solido
139	194	190	Solido
143	202	198	Solido
106	156	163	Solido
173	242	234	Solido
188	254	239	Solido
175	246	234	Solido
121	181	177	Solido
181	254	250	Solido
178	251	241	Solido
181	254	250	Solido
177	247	237	Solido
147	212	193	Solido
143	202	199	Solido
154	212	198	Solido
115	168	171	Solido
183	252	239	Solido
107	146	150	Solido
117	162	165	Solido
189	254	254	Solido
157	218	210	Solido
170	241	226	Solido
179	246	249	Solido
175	242	239	Solido
187	254	254	Solido
175	250	233	Solido
184	254	253	Solido
180	251	238	Solido
112	155	140	Solido
189	254	254	Solido
134	189	196	Solido
179	250	250	Solido
149	203	193	Solido
174	249	234	Solido
148	209	199	Solido
177	252	248	Solido
145	211	213	Solido
154	218	217	Solido
143	202	192	Solido
146	209	191	Solido
174	247	238	Solido
151	213	214	Solido
121	187	187	Solido
183	254	242	Solido
179	248	237	Solido
176	247	242	Solido
132	192	173	Solido
158	216	235	Solido
183	247	245	Solido
164	230	228	Solido
126	175	174	Solido
135	190	183	Solido
162	223	218	Solido
181	254	254	Solido
145	202	199	Solido
99	140	120	Solido
148	206	202	Solido
156	216	208	Solido
194	254	251	Solido
162	229	224	Solido
150	209	203	Solido
170	238	235	Solido
183	254	251	Solido
149	212	207	Solido
131	185	173	Solido
183	254	254	Solido
124	174	189	Solido
177	254	247	Solido
184	254	243	Solido
186	254	244	Solido
170	238	236	Solido
186	254	254	Solido
180	254	249	Solido
148	216	212	Solido
171	238	238	Solido
84	124	116	Solido
162	225	211	Solido
169	237	233	Solido
151	211	197	Solido
144	200	177	Solido
53	94	104	Solido
159	222	215	Solido
187	254	230	Solido
137	191	187	Solido
174	243	242	Solido
156	218	221	Solido
177	246	231	Solido
177	242	230	Solido
112	159	165	Solido
169	236	228	Solido
186	254	254	Solido
131	185	177	Solido
184	254	253	Solido
171	245	234	Solido
171	242	237	Solido
171	238	227	Solido
145	201	195	Solido
126	194	170	Solido
177	252	232	Solido
149	207	199	Solido
181	254	240	Solido
161	227	204	Solido
180	252	243	Solido
90	134	144	Solido
171	240	226	Solido
175	247	240	Solido
165	225	215	Solido
182	254	252	Solido
136	187	184	Solido
195	254	254	Solido
151	216	206	Solido
131	183	185	Solido
179	254	250	Solido
183	254	252	Solido
163	230	217	Solido
171	244	235	Solido
196	254	234	Solido
24	53	75	Solido
169	232	196	Solido
137	191	188	Solido
187	254	252	Solido
185	254	254	Solido
134	191	195	Solido
175	247	242	Solido
170	233	214	Solido
125	178	179	Solido
135	196	206	Solido
149	201	189	Solido
168	234	228	Solido
175	245	241	Solido
143	201	195	Solido
104	157	163	Solido
175	241	228	Solido
165	233	227	Solido
148	205	197	Solido
161	224	216	Solido
122	173	168	Solido
158	227	205	Solido
162	224	216	Solido
173	248	234	Solido
171	239	232	Solido
150	206	198	Solido
181	254	248	Solido
123	177	173	Solido
153	224	215	Solido
157	218	209	Solido
136	191	185	Solido
174	249	242	Solido
62	110	115	Solido
179	249	243	Solido
157	218	213	Solido
136	197	197	Solido
180	249	246	Solido
157	222	217	Solido
171	241	232	Solido
167	239	233	Solido
112	160	159	Solido
146	210	198	Solido
190	254	254	Solido
173	245	235	Solido
145	203	183	Solido
181	254	243	Solido
177	248	238	Solido
181	252	242	Solido
132	183	175	Solido
173	246	239	Solido
171	237	228	Solido
123	181	155	Solido
173	241	230	Solido
178	253	249	Solido
178	248	229	Solido
181	248	233	Solido
172	247	236	Solido
153	211	198	Solido
142	196	191	Solido
102	151	139	Solido
187	254	244	Solido
145	200	191	Solido
176	248	240	Solido
141	201	210	Solido
182	254	230	Solido
184	254	254	Solido
150	207	198	Solido
49	83	89	Solido
182	254	244	Solido
166	236	232	Solido
170	237	225	Solido
141	193	189	Solido
188	254	251	Solido
185	254	250	Solido
167	243	227	Solido
173	240	237	Solido
168	239	231	Solido
174	242	237	Solido
50	86	99	Solido
181	250	248	Solido
127	181	180	Solido
59	99	140	Solido
162	222	230	Solido
188	254	254	Solido
159	223	216	Solido
186	254	248	Solido
179	254	252	Solido
173	247	237	Solido
148	207	197	Solido
177	246	235	Solido
179	253	247	Solido
176	251	238	Solido
111	156	152	Solido
140	197	187	Solido
160	232	219	Solido
181	254	253	Solido
147	206	199	Solido
184	254	252	Solido
183	254	253	Solido
132	185	174	Solido
185	254	254	Solido
180	254	246	Solido
166	229	210	Solido
191	254	254	Solido
165	231	225	Solido
151	218	203	Solido
126	175	146	Solido
152	216	209	Solido
171	245	237	Solido
109	157	174	Solido
127	176	173	Solido
133	189	186	Solido
186	254	253	Solido
106	142	137	Solido
155	218	206	Solido
169	239	236	Solido
166	235	234	Solido
88	142	127	Solido
171	245	232	Solido
182	254	253	Solido
143	203	199	Solido
34	71	84	Solido
189	254	254	Solido
165	232	227	Solido
182	250	247	Solido
173	243	235	Solido
158	218	187	Solido
167	236	227	Solido
138	193	189	Solido
169	239	236	Solido
169	241	238	Solido
132	185	171	Solido
77	124	108	Solido
179	248	250	Solido
154	216	195	Solido
164	232	230	Solido
174	247	238	Solido
176	246	235	Solido
143	197	185	Solido
173	241	231	Solido
126	180	171	Solido
173	243	237	Solido
183	254	251	Solido
138	195	185	Solido
177	252	251	Solido
169	234	231	Solido
160	213	203	Solido
187	254	234	Solido
175	246	236	Solido
167	236	234	Solido
161	228	218	Solido
110	160	161	Solido
151	209	198	Solido
117	170	165	Solido
131	192	186	Solido
137	195	182	Solido
137	195	203	Solido
149	208	209	Solido
187	254	254	Solido
181	254	251	Solido
157	225	218	Solido
68	114	148	Solido
167	235	223	Solido
133	186	183	Solido
137	195	188	Solido
178	250	241	Solido
187	254	254	Solido
124	174	180	Solido
136	192	189	Solido
79	123	114	Solido
167	234	225	Solido
174	246	241	Solido
170	236	232	Solido
190	254	254	Solido
166	236	218	Solido
167	230	228	Solido
163	232	239	Solido
188	254	254	Solido
173	243	222	Solido
169	239	235	Solido
156	217	213	Solido
171	236	234	Solido
142	197	190	Solido
185	254	254	Solido
178	252	235	Solido
173	244	238	Solido
175	242	231	Solido
144	203	191	Solido
174	240	238	Solido
159	224	194	Solido
138	191	185	Solido
171	239	234	Solido
141	198	189	Solido
168	240	233	Solido
138	195	181	Solido
172	231	198	Solido
174	242	243	Solido
172	241	241	Solido
166	234	223	Solido
163	229	225	Solido
179	251	244	Solido
159	220	217	Solido
168	237	235	Solido
185	254	254	Solido
170	241	235	Solido
143	195	179	Solido
159	217	208	Solido
148	205	206	Solido
167	232	226	Solido
184	254	253	Solido
171	240	237	Solido
168	234	226	Solido
160	228	226	Solido
150	213	214	Solido
180	254	249	Solido
119	170	171	Solido
182	254	251	Solido
185	254	252	Solido
162	227	232	Solido
149	209	200	Solido
176	247	237	Solido
64	88	87	Solido
188	254	254	Solido
172	249	236	Solido
135	191	174	Solido
148	202	170	Solido
178	251	243	Solido
172	236	232	Solido
161	220	190	Solido
125	174	183	Solido
142	198	195	Solido
166	231	204	Solido
129	184	172	Solido
178	252	245	Solido
185	254	254	Solido
185	254	253	Solido
27	74	117	Solido
120	168	151	Solido
82	124	126	Solido
28	58	68	Solido
75	120	108	Solido
169	238	234	Solido
186	254	254	Solido
170	233	214	Solido
174	244	222	Solido
173	244	237	Solido
170	242	232	Solido
141	191	186	Solido
156	213	199	Solido
175	243	232	Solido
169	232	229	Solido
105	155	161	Solido
155	220	224	Solido
176	248	240	Solido
31	77	99	Solido
147	205	198	Solido
147	201	188	Solido
175	244	228	Solido
171	235	201	Solido
173	243	234	Solido
154	218	211	Solido
183	254	252	Solido
165	230	228	Solido
165	234	232	Solido
162	225	208	Solido
135	191	171	Solido
157	221	201	Solido
150	203	179	Solido
158	213	204	Solido
158	221	221	Solido
182	254	253	Solido
158	218	187	Solido
181	254	254	Solido
139	199	203	Solido
180	254	252	Solido
166	238	237	Solido
188	254	254	Solido
167	237	233	Solido
160	222	224	Solido
144	191	202	Solido
114	163	165	Solido
183	254	253	Solido
178	249	241	Solido
181	252	243	Solido
182	254	252	Solido
167	236	215	Solido
176	249	242	Solido
189	254	254	Solido
181	254	250	Solido
162	225	205	Solido
152	212	192	Solido
135	192	192	Solido
186	254	254	Solido
179	251	242	Solido
156	215	206	Solido
173	241	240	Solido
138	196	189	Solido
35	68	79	Solido
147	203	194	Solido
171	242	233	Solido
178	252	249	Solido
182	251	249	Solido
117	163	163	Solido
178	252	243	Solido
105	150	163	Solido
170	239	238	Solido
190	254	253	Solido
144	205	195	Solido
185	254	252	Solido
148	209	202	Solido
185	254	251	Solido
147	205	196	Solido
174	246	231	Solido
175	246	241	Solido
169	237	231	Solido
137	195	184	Solido
136	199	206	Solido
159	223	224	Solido
186	254	245	Solido
124	175	169	Solido
183	254	251	Solido
189	254	246	Solido
161	223	216	Solido
177	252	236	Solido
176	244	241	Solido
186	253	254	Solido
185	254	254	Solido
167	236	233	Solido
175	247	238	Solido
183	254	230	Solido
173	245	242	Solido
144	204	211	Solido
173	241	230	Solido
177	238	203	Solido
119	169	168	Solido
135	188	165	Solido
183	252	248	Solido
175	252	244	Solido
158	223	222	Solido
173	238	224	Solido
150	208	199	Solido
186	254	245	Solido
127	177	173	Solido
140	195	184	Solido
149	215	204	Solido
140	198	177	Solido
181	254	246	Solido
141	194	215	Solido
171	240	231	Solido
107	153	161	Solido
171	238	237	Solido
151	217	216	Solido
171	246	237	Solido
161	229	214	Solido
128	181	178	Solido
135	194	168	Solido
185	254	226	Solido
161	228	227	Solido
169	231	211	Solido
179	251	235	Solido
139	195	191	Solido
173	244	231	Solido
121	177	173	Solido
172	247	235	Solido
167	239	230	Solido
158	215	188	Solido
179	251	244	Solido
159	222	216	Solido
159	223	216	Solido
130	187	183	Solido
177	250	241	Solido
158	220	211	Solido
175	244	240	Solido
182	254	253	Solido
167	233	226	Solido
153	219	196	Solido
105	157	148	Solido
153	223	222	Solido
180	254	250	Solido
151	209	204	Solido
177	249	246	Solido
180	254	254	Solido
172	244	236	Solido
177	250	235	Solido
174	243	239	Solido
170	236	233	Solido
169	237	223	Solido
168	242	232	Solido
147	203	198	Solido
183	254	252	Solido
186	254	231	Solido
91	128	150	Solido
168	232	194	Solido
159	224	219	Solido
178	254	253	Solido
63	115	131	Solido
161	223	216	Solido
183	254	254	Solido
191	254	254	Solido
184	254	250	Solido
129	189	200	Solido
187	254	254	Solido
175	245	238	Solido
137	200	191	Solido
109	157	159	Solido
172	241	237	Solido
155	215	215	Solido
153	216	222	Solido
167	235	209	Solido
177	249	226	Solido
177	248	231	Solido
165	231	222	Solido
167	233	227	Solido
177	252	242	Solido
139	192	181	Solido
153	217	209	Solido
181	254	252	Solido
178	251	246	Solido
171	241	233	Solido
177	246	238	Solido
170	238	231	Solido
132	186	180	Solido
167	228	222	Solido
79	121	115	Solido
177	232	194	Solido
166	236	230	Solido
137	190	183	Solido
191	254	254	Solido
165	240	231	Solido
182	254	251	Solido
185	254	254	Solido
194	254	230	Solido
128	181	174	Solido
175	244	243	Solido
170	239	227	Solido
120	176	176	Solido
139	187	201	Solido
124	185	178	Solido
128	180	149	Solido
155	219	204	Solido
144	206	200	Solido
169	231	217	Solido
159	220	215	Solido
134	189	177	Solido
179	254	249	Solido
179	253	242	Solido
176	244	242	Solido
165	229	219	Solido
168	237	230	Solido
151	219	211	Solido
136	190	186	Solido
156	220	212	Solido
151	214	214	Solido
130	183	176	Solido
125	177	176	Solido
171	241	237	Solido
154	210	202	Solido
173	243	229	Solido
173	245	236	Solido
179	252	243	Solido
177	244	243	Solido
175	249	245	Solido
147	206	206	Solido
161	228	229	Solido
177	248	242	Solido
180	252	249	Solido
121	167	175	Solido
162	230	228	Solido
180	253	249	Solido
162	230	224	Solido
141	198	195	Solido
141	199	192	Solido
180	251	248	Solido
179	253	246	Solido
122	173	174	Solido
124	173	170	Solido
182	254	253	Solido
184	254	249	Solido
187	254	242	Solido
183	254	250	Solido
185	254	244	Solido
173	243	240	Solido
130	179	163	Solido
183	253	250	Solido
180	254	243	Solido
137	198	196	Solido
175	244	240	Solido
139	199	184	Solido
49	85	78	Solido
156	220	217	Solido
154	212	192	Solido
185	254	249	Solido
161	223	217	Solido
183	254	254	Solido
146	208	208	Solido
181	254	253	Solido
149	209	207	Solido
153	213	212	Solido
167	231	224	Solido
118	172	162	Solido
109	161	167	Solido
192	254	254	Solido
138	189	187	Solido
175	245	231	Solido
165	234	232	Solido
184	254	250	Solido
155	209	197	Solido
157	215	202	Solido
188	254	254	Solido
167	239	213	Solido
162	228	224	Solido
177	251	246	Solido
188	254	252	Solido
138	196	181	Solido
128	181	188	Solido
174	241	232	Solido
173	243	240	Solido
114	157	158	Solido
189	254	254	Solido
177	250	230	Solido
169	239	236	Solido
178	252	238	Solido
137	192	183	Solido
109	159	164	Solido
110	157	128	Solido
187	254	250	Solido
186	254	244	Solido
171	238	232	Solido
150	214	197	Solido
187	254	212	Solido
172	245	235	Solido
187	254	251	Solido
175	247	235	Solido
171	241	224	Solido
177	251	248	Solido
155	211	220	Solido
187	254	254	Solido
174	244	246	Solido
168	237	235	Solido
177	253	242	Solido
173	246	238	Solido
146	204	198	Solido
183	254	252	Solido
181	254	250	Solido
181	253	245	Solido
121	167	175	Solido
91	123	125	Solido
160	220	208	Solido
165	234	233	Solido
183	254	253	Solido
173	246	234	Solido
145	203	194	Solido
130	177	175	Solido
179	254	251	Solido
179	248	238	Solido
184	254	244	Solido
166	237	235	Solido
181	254	237	Solido
129	188	186	Solido
183	254	245	Solido
148	201	192	Solido
28	61	55	Solido
181	253	247	Solido
143	201	193	Solido
190	254	220	Solido
127	177	183	Solido
120	168	159	Solido
179	249	235	Solido
140	191	186	Solido
169	240	232	Solido
151	211	210	Solido
146	205	201	Solido
147	209	171	Solido
37	89	115	Solido
174	243	235	Solido
184	254	254	Solido
185	254	254	Solido
185	254	253	Solido
185	254	254	Solido
151	221	198	Solido
176	246	245	Solido
144	202	195	Solido
166	230	204	Solido
125	178	187	Solido
156	220	202	Solido
162	219	200	Solido
109	159	149	Solido
179	250	232	Solido
167	238	234	Solido
184	254	254	Solido
167	232	231	Solido
189	254	254	Solido
161	226	223	Solido
170	239	237	Solido
143	198	191	Solido
149	207	215	Solido
95	149	148	Solido
180	254	245	Solido
182	252	245	Solido
171	240	233	Solido
157	222	223	Solido
132	188	181	Solido
186	254	254	Solido
184	254	253	Solido
171	245	236	Solido
173	244	238	Solido
66	116	132	Solido
173	241	234	Solido
185	254	249	Solido
165	229	235	Solido
175	246	236	Solido
140	198	176	Solido
183	254	245	Solido
138	189	167	Solido
161	223	213	Solido
189	254	223	Solido
169	235	233	Solido
158	217	215	Solido
182	254	253	Solido
45	87	117	Solido
138	195	193	Solido
183	254	234	Solido
176	249	243	Solido
190	254	234	Solido
182	254	253	Solido
175	252	240	Solido
175	250	244	Solido
155	217	214	Solido
184	254	253	Solido
96	138	143	Solido
158	224	226	Solido
155	212	203	Solido
186	254	247	Solido
99	148	122	Solido
165	224	210	Solido
174	249	241	Solido
172	240	234	Solido
158	225	223	Solido
158	214	200	Solido
187	254	244	Solido
178	251	236	Solido
23	57	82	Solido
168	237	234	Solido
143	201	194	Solido
188	254	254	Solido
187	254	254	Solido
156	223	215	Solido
165	227	223	Solido
176	249	237	Solido
170	243	239	Solido
154	211	206	Solido
153	209	203	Solido
182	254	253	Solido
175	247	238	Solido
106	151	154	Solido
187	254	247	Solido
151	211	209	Solido
73	126	149	Solido
176	247	245	Solido
99	155	163	Solido
175	242	233	Solido
183	254	246	Solido
140	197	191	Solido
149	202	196	Solido
173	235	218	Solido
179	254	250	Solido
162	233	227	Solido
183	254	252	Solido
174	244	240	Solido
181	254	253	Solido
177	244	236	Solido
174	248	231	Solido
162	238	225	Solido
178	252	250	Solido
179	254	253	Solido
164	229	220	Solido
146	206	211	Solido
179	253	249	Solido
181	254	252	Solido
157	221	219	Solido
143	203	194	Solido
132	190	214	Solido
139	192	191	Solido
106	141	125	Solido
171	239	237	Solido
52	86	110	Solido
162	226	227	Solido
136	194	185	Solido
123	179	174	Solido
190	254	254	Solido
111	157	141	Solido
91	129	129	Solido
169	241	213	Solido
191	254	230	Solido
174	248	232	Solido
179	250	249	Solido
97	142	147	Solido
185	254	254	Solido
183	251	239	Solido
182	250	241	Solido
162	229	225	Solido
180	251	247	Solido
138	194	187	Solido
181	254	248	Solido
185	254	253	Solido
174	247	238	Solido
190	254	225	Solido
131	183	169	Solido
165	241	243	Solido
150	209	195	Solido
179	246	220	Solido
146	202	199	Solido
173	245	241	Solido
118	164	164	Solido
147	215	195	Solido
138	193	191	Solido
182	254	251	Solido
143	201	198	Solido
86	135	166	Solido
120	171	164	Solido
126	175	150	Solido
177	247	237	Solido
194	254	251	Solido
190	254	229	Solido
180	254	252	Solido
176	249	237	Solido
139	201	202	Solido
172	241	221	Solido
153	210	173	Solido
192	254	231	Solido
132	179	173	Solido
134	179	156	Solido
118	170	164	Solido
140	195	186	Solido
135	191	189	Solido
133	184	184	Solido
160	223	223	Solido
185	254	243	Solido
185	254	254	Solido
185	254	252	Solido
135	187	179	Solido
169	237	233	Solido
150	217	218	Solido
172	237	232	Solido
107	154	151	Solido
147	212	201	Solido
155	219	215	Solido
163	220	209	Solido
86	130	137	Solido
170	242	231	Solido
151	220	216	Solido
112	159	164	Solido
175	244	239	Solido
159	226	225	Solido
175	244	237	Solido
181	254	237	Solido
185	254	246	Solido
187	254	254	Solido
169	239	233	Solido
170	243	232	Solido
160	222	216	Solido
171	242	238	Solido
176	246	239	Solido
185	254	254	Solido
175	247	231	Solido
177	249	238	Solido
189	254	253	Solido
158	224	216	Solido
179	252	244	Solido
175	241	228	Solido
154	217	216	Solido
167	230	221	Solido
135	194	183	Solido
165	227	212	Solido
169	237	237	Solido
177	247	226	Solido
170	240	239	Solido
140	191	181	Solido
120	182	136	Solido
107	158	157	Solido
179	254	249	Solido
165	232	224	Solido
86	132	134	Solido
139	204	199	Solido
139	197	188	Solido
177	250	231	Solido
62	119	144	Solido
194	254	254	Solido
140	201	197	Solido
155	216	205	Solido
186	254	254	Solido
181	254	254	Solido
148	207	204	Solido
172	243	231	Solido
169	238	235	Solido
176	245	242	Solido
160	216	187	Solido
151	213	201	Solido
91	147	143	Solido
122	174	172	Solido
185	254	254	Solido
176	251	249	Solido
187	254	254	Solido
143	198	198	Solido
154	218	202	Solido
143	198	191	Solido
187	254	254	Solido
121	173	176	Solido
141	197	195	Solido
173	247	232	Solido
170	235	232	Solido
27	66	84	Solido
179	250	244	Solido
140	187	186	Solido
167	233	229	Solido
175	250	241	Solido
86	125	123	Solido
157	218	221	Solido
96	149	163	Solido
175	248	230	Solido
179	252	236	Solido
144	206	205	Solido
135	187	181	Solido
187	254	254	Solido
162	224	216	Solido
172	239	238	Solido
174	243	235	Solido
136	203	203	Solido
163	230	220	Solido
136	199	203	Solido
179	252	240	Solido
151	207	196	Solido
172	243	238	Solido
184	254	249	Solido
169	234	230	Solido
178	249	242	Solido
130	180	169	Solido
83	118	133	Solido
153	207	203	Solido
189	247	192	Solido
171	243	222	Solido
182	254	251	Solido
187	254	227	Solido
165	230	222	Solido
122	171	184	Solido
105	151	159	Solido
157	224	222	Solido
163	228	228	Solido
136	190	183	Solido
111	158	162	Solido
180	249	240	Solido
117	167	158	Solido
179	252	251	Solido
172	239	224	Solido
155	216	202	Solido
185	254	252	Solido
178	252	244	Solido
170	239	232	Solido
182	254	253	Solido
185	254	232	Solido
176	247	241	Solido
169	238	224	Solido
135	190	185	Solido
168	236	230	Solido
126	179	177	Solido
169	238	234	Solido
180	254	250	Solido
23	67	94	Solido
116	167	165	Solido
183	254	252	Solido
149	207	202	Solido
152	213	206	Solido
151	211	196	Solido
187	254	254	Solido
184	254	253	Solido
151	209	210	Solido
168	236	231	Solido
178	247	239	Solido
147	210	210	Solido
122	173	175	Solido
179	254	250	Solido
163	231	220	Solido
177	245	237	Solido
183	251	236	Solido
75	121	141	Solido
169	237	236	Solido
169	244	233	Solido
175	246	239	Solido
177	249	242	Solido
151	210	208	Solido
148	205	189	Solido
179	245	231	Solido
159	223	220	Solido
177	242	224	Solido
177	248	237	Solido
143	203	197	Solido
73	109	118	Solido
113	161	161	Solido
187	254	254	Solido
183	254	249	Solido
182	254	247	Solido
158	225	206	Solido
166	239	223	Solido
166	222	208	Solido
162	225	204	Solido
184	250	238	Solido
183	252	242	Solido
182	254	231	Solido
171	239	236	Solido
169	243	233	Solido
145	207	210	Solido
176	250	237	Solido
45	71	90	Solido
138	194	169	Solido
179	253	249	Solido
170	238	227	Solido
176	250	233	Solido
117	171	167	Solido
176	249	241	Solido
132	179	180	Solido
108	146	150	Solido
106	151	160	Solido
180	254	248	Solido
173	240	236	Solido
185	254	250	Solido
180	251	248	Solido
173	247	238	Solido
99	144	147	Solido
183	254	252	Solido
177	246	242	Solido
121	169	175	Solido
152	215	205	Solido
183	254	239	Solido
161	219	208	Solido
165	231	227	Solido
151	209	195	Solido
140	195	191	Solido
182	254	250	Solido
187	254	253	Solido
189	254	254	Solido
175	248	236	Solido
195	254	233	Solido
168	241	235	Solido
109	156	159	Solido
181	254	243	Solido
97	136	139	Solido
185	254	242	Solido
115	164	166	Solido
174	249	235	Solido
102	145	145	Solido
157	217	214	Solido
183	254	250	Solido
140	199	185	Solido
135	186	182	Solido
171	247	235	Solido
173	240	240	Solido
183	254	254	Solido
117	174	147	Solido
144	200	181	Solido
185	254	254	Solido
167	233	231	Solido
136	197	182	Solido
149	208	199	Solido
171	240	235	Solido
115	156	168	Solido
179	254	245	Solido
119	165	169	Solido
107	154	159	Solido
192	254	254	Solido
150	211	217	Solido
124	173	162	Solido
154	210	200	Solido
173	243	232	Solido
150	201	171	Solido
164	225	213	Solido
175	247	243	Solido
96	141	156	Solido
166	230	223	Solido
176	248	239	Solido
143	200	198	Solido
161	221	214	Solido
168	238	229	Solido
183	254	254	Solido
183	254	235	Solido
119	167	168	Solido
169	240	238	Solido
67	89	95	Solido
175	248	242	Solido
129	171	157	Solido
177	246	234	Solido
156	226	220	Solido
174	251	244	Solido
182	254	248	Solido
168	239	236	Solido
145	209	203	Solido
182	254	250	Solido
86	130	134	Solido
105	149	121	Solido
177	246	237	Solido
173	246	238	Solido
165	230	226	Solido
167	235	233	Solido
125	184	167	Solido
179	250	239	Solido
171	239	232	Solido
183	253	241	Solido
181	254	248	Solido
169	237	235	Solido
177	250	245	Solido
155	217	219	Solido
164	228	220	Solido
181	254	239	Solido
86	132	143	Solido
177	251	240	Solido
179	247	243	Solido
167	232	231	Solido
166	229	221	Solido
189	254	254	Solido
183	254	251	Solido
181	254	248	Solido
159	217	207	Solido
167	234	234	Solido
60	93	93	Solido
174	245	237	Solido
177	248	247	Solido
169	235	232	Solido
136	192	186	Solido
143	200	189	Solido
173	243	240	Solido
132	181	177	Solido
166	230	214	Solido
185	254	251	Solido
153	214	216	Solido
160	222	212	Solido
149	205	199	Solido
134	192	176	Solido
58	93	102	Solido
173	247	231	Solido
185	254	252	Solido
188	254	254	Solido
151	206	197	Solido
185	254	254	Solido
135	203	202	Solido
96	144	160	Solido
125	175	177	Solido
193	254	254	Solido
177	249	241	Solido
172	242	237	Solido
103	157	165	Solido
143	203	197	Solido
157	224	225	Solido
143	202	199	Solido
149	210	209	Solido
183	252	245	Solido
80	126	122	Solido
141	195	159	Solido
180	254	250	Solido
183	254	246	Solido
124	180	178	Solido
143	207	215	Solido
55	90	109	Solido
184	254	252	Solido
69	109	117	Solido
175	237	223	Solido
93	130	122	Solido
147	205	205	Solido
125	177	180	Solido
165	228	212	Solido
175	240	232	Solido
163	232	233	Solido
161	214	206	Solido
173	239	227	Solido
158	227	220	Solido
147	202	192	Solido
155	222	223	Solido
176	246	242	Solido
177	250	240	Solido
153	214	207	Solido
72	124	138	Solido
181	252	240	Solido
138	191	185	Solido
194	254	254	Solido
155	211	203	Solido
189	254	254	Solido
165	224	196	Solido
140	197	192	Solido
169	238	235	Solido
131	183	175	Solido
178	249	234	Solido
143	201	197	Solido
130	179	155	Solido
175	246	245	Solido
173	247	234	Solido
180	254	250	Solido
172	242	236	Solido
134	190	185	Solido
177	248	247	Solido
174	242	232	Solido
169	240	211	Solido
169	234	232	Solido
177	252	247	Solido
125	184	171	Solido
134	182	175	Solido
176	244	225	Solido
159	219	220	Solido
158	221	212	Solido
149	205	201	Solido
178	249	244	Solido
146	200	198	Solido
113	165	168	Solido
156	221	225	Solido
183	254	253	Solido
185	254	242	Solido
175	245	244	Solido
183	253	250	Solido
154	214	212	Solido
180	254	251	Solido
71	120	133	Solido
172	243	237	Solido
94	134	125	Solido
138	192	169	Solido
179	249	242	Solido
187	254	254	Solido
175	241	229	Solido
184	254	252	Solido
186	253	245	Solido
162	219	206	Solido
175	250	246	Solido
187	254	254	Solido
161	227	220	Solido
149	207	203	Solido
145	203	201	Solido
134	190	182	Solido
188	254	245	Solido
93	151	165	Solido
149	212	210	Solido
147	205	191	Solido
173	240	228	Solido
174	246	237	Solido
179	252	233	Solido
129	177	169	Solido
167	234	224	Solido
176	246	237	Solido
94	138	150	Solido
181	252	230	Solido
121	173	158	Solido
122	173	156	Solido
150	207	197	Solido
194	254	227	Solido
132	187	185	Solido
168	241	235	Solido
180	246	241	Solido
139	198	187	Solido
129	185	187	Solido
171	245	235	Solido
116	164	172	Solido
186	254	254	Solido
122	170	173	Solido
149	207	195	Solido
140	195	206	Solido
173	246	237	Solido
170	247	235	Solido
101	140	131	Solido
131	189	164	Solido
179	252	250	Solido
178	246	248	Solido
142	198	196	Solido
180	253	247	Solido
113	162	186	Solido
168	234	229	Solido
172	248	235	Solido
173	239	205	Solido
170	238	232	Solido
168	234	225	Solido
151	212	204	Solido
187	254	254	Solido
175	251	240	Solido
163	226	224	Solido
183	254	252	Solido
171	241	235	Solido
95	140	150	Solido
198	254	254	Solido
171	242	238	Solido
164	231	232	Solido
185	254	245	Solido
182	253	241	Solido
158	215	204	Solido
141	200	192	Solido
177	248	239	Solido
173	242	240	Solido
189	254	254	Solido
185	254	254	Solido
120	173	173	Solido
180	253	243	Solido
175	245	236	Solido
184	253	254	Solido
164	227	219	Solido
186	254	254	Solido
189	254	254	Solido
173	247	244	Solido
121	169	178	Solido
141	201	196	Solido
180	254	250	Solido
172	241	230	Solido
187	254	228	Solido
148	203	195	Solido
183	254	253	Solido
179	254	248	Solido
187	254	254	Solido
147	205	196	Solido
163	238	228	Solido
186	254	254	Solido
8	38	51	Solido
173	242	237	Solido
115	165	168	Solido
129	179	179	Solido
132	184	178	Solido
67	115	120	Solido
171	240	233	Solido
177	246	240	Solido
161	222	216	Solido
159	223	221	Solido
122	167	167	Solido
177	251	235	Solido
121	168	170	Solido
185	254	254	Solido
159	224	220	Solido
189	254	254	Solido
158	221	201	Solido
96	142	151	Solido
146	208	191	Solido
116	162	153	Solido
188	254	229	Solido
174	245	234	Solido
182	254	250	Solido
118	180	175	Solido
135	192	191	Solido
67	125	125	Solido
169	245	230	Solido
183	254	249	Solido
175	245	236	Solido
179	254	250	Solido
123	175	177	Solido
191	254	229	Solido
139	195	193	Solido
170	237	239	Solido
133	199	179	Solido
132	182	180	Solido
166	229	215	Solido
143	202	196	Solido
135	185	177	Solido
165	234	232	Solido
145	201	185	Solido
145	203	198	Solido
141	196	186	Solido
176	248	241	Solido
151	210	196	Solido
155	223	216	Solido
149	211	208	Solido
171	240	236	Solido
150	210	199	Solido
123	176	138	Solido
180	253	249	Solido
123	175	146	Solido
146	204	203	Solido
145	207	202	Solido
164	233	231	Solido
175	246	239	Solido
113	160	159	Solido
147	203	177	Solido
173	241	234	Solido
179	253	248	Solido
187	254	254	Solido
185	254	254	Solido
181	254	250	Solido
180	252	235	Solido
129	184	152	Solido
185	254	254	Solido
174	247	233	Solido
171	241	234	Solido
176	247	239	Solido
185	254	234	Solido
160	219	205	Solido
171	238	235	Solido
181	254	249	Solido
159	223	223	Solido
148	203	186	Solido
177	246	240	Solido
115	175	161	Solido
173	244	240	Solido
123	179	171	Solido
174	243	233	Solido
157	218	199	Solido
193	254	249	Solido
148	198	213	Solido
113	161	165	Solido
186	254	254	Solido
181	252	229	Solido
177	252	240	Solido
116	165	161	Solido
88	130	140	Solido
161	230	230	Solido
166	227	218	Solido
170	235	222	Solido
170	238	231	Solido
170	240	233	Solido
141	196	194	Solido
89	133	112	Solido
170	237	236	Solido
173	242	234	Solido
147	204	192	Solido
180	251	242	Solido
171	239	229	Solido
134	187	184	Solido
170	239	238	Solido
175	249	235	Solido
146	202	195	Solido
176	247	241	Solido
184	254	242	Solido
116	166	137	Solido
183	254	251	Solido
171	242	235	Solido
136	195	187	Solido
187	254	252	Solido
176	250	234	Solido
185	254	245	Solido
178	247	245	Solido
177	242	232	Solido
132	193	181	Solido
194	254	254	Solido
155	217	197	Solido
69	100	114	Solido
176	249	243	Solido
196	254	224	Solido
138	188	178	Solido
162	225	222	Solido
171	240	228	Solido
