75	149	175	Poro
51	131	192	Poro
39	124	204	Poro
31	96	147	Poro
36	97	159	Poro
28	101	167	Poro
34	86	137	Poro
47	131	202	Poro
66	125	139	Poro
59	134	189	Poro
45	132	203	Poro
34	114	175	Poro
46	132	198	Poro
80	131	167	Poro
84	150	213	Poro
27	99	171	Poro
44	111	188	Poro
17	58	87	Poro
56	134	209	Poro
35	125	204	Poro
39	125	208	Poro
35	111	171	Poro
90	127	151	Poro
39	124	193	Poro
72	156	203	Poro
43	132	207	Poro
27	101	165	Poro
25	78	139	Poro
26	101	159	Poro
29	109	180	Poro
32	109	171	Poro
21	68	114	Poro
52	137	202	Poro
52	112	147	Poro
40	128	209	Poro
26	87	139	Poro
69	153	191	Poro
47	132	211	Poro
33	108	180	Poro
57	131	195	Poro
33	112	175	Poro
29	101	162	Poro
36	111	163	Poro
36	118	187	Poro
47	130	206	Poro
33	114	187	Poro
37	125	192	Poro
42	115	175	Poro
39	126	193	Poro
37	120	178	Poro
40	118	192	Poro
61	139	191	Poro
43	129	200	Poro
40	128	211	Poro
36	100	145	Poro
44	116	181	Poro
34	112	174	Poro
35	113	184	Poro
40	128	199	Poro
39	119	190	Poro
92	177	195	Poro
39	124	203	Poro
72	156	199	Poro
29	121	203	Poro
27	89	151	Poro
48	127	204	Poro
31	108	174	Poro
27	87	133	Poro
52	138	210	Poro
31	112	179	Poro
42	101	146	Poro
37	124	208	Poro
31	106	175	Poro
27	106	167	Poro
28	102	166	Poro
95	156	169	Poro
35	110	179	Poro
50	132	194	Poro
32	112	179	Poro
41	113	172	Poro
30	102	167	Poro
46	124	171	Poro
17	61	91	Poro
65	148	216	Poro
43	128	181	Poro
18	94	175	Poro
24	80	128	Poro
75	161	209	Poro
53	136	195	Poro
52	133	193	Poro
31	104	167	Poro
40	130	212	Poro
30	102	160	Poro
46	128	198	Poro
47	133	207	Poro
27	78	119	Poro
29	97	148	Poro
61	141	192	Poro
44	126	196	Poro
39	120	188	Poro
31	98	154	Poro
51	110	138	Poro
34	85	139	Poro
34	101	169	Poro
26	89	172	Poro
54	139	203	Poro
55	139	192	Poro
43	115	175	Poro
33	120	206	Poro
47	130	196	Poro
44	125	197	Poro
30	99	164	Poro
40	118	181	Poro
46	129	178	Poro
41	123	198	Poro
21	74	127	Poro
52	132	186	Poro
65	132	189	Poro
49	128	187	Poro
31	99	169	Poro
25	85	139	Poro
78	141	192	Poro
32	97	151	Poro
65	150	207	Poro
38	114	174	Poro
37	116	173	Poro
47	114	142	Poro
1	46	131	Poro
85	168	217	Poro
28	99	163	Poro
47	123	190	Poro
13	67	139	Poro
50	133	200	Poro
28	82	104	Poro
30	103	168	Poro
54	132	177	Poro
35	100	160	Poro
71	157	211	Poro
50	126	168	Poro
45	121	173	Poro
34	96	138	Poro
39	127	207	Poro
40	83	113	Poro
74	125	139	Poro
32	110	171	Poro
48	131	199	Poro
37	110	171	Poro
36	114	181	Poro
34	121	208	Poro
42	131	188	Poro
50	127	191	Poro
40	126	208	Poro
23	82	136	Poro
54	138	195	Poro
65	148	187	Poro
55	140	208	Poro
38	105	143	Poro
40	108	148	Poro
79	155	185	Poro
35	111	188	Poro
41	126	204	Poro
19	80	149	Poro
29	115	181	Poro
41	114	175	Poro
40	131	198	Poro
29	108	183	Poro
59	131	180	Poro
26	95	165	Poro
33	104	166	Poro
38	111	162	Poro
52	127	159	Poro
29	102	157	Poro
24	89	151	Poro
42	114	167	Poro
70	147	190	Poro
32	119	196	Poro
34	106	163	Poro
37	120	192	Poro
44	127	180	Poro
25	87	150	Poro
86	128	140	Poro
40	121	184	Poro
31	93	136	Poro
41	124	205	Poro
29	106	180	Poro
41	120	184	Poro
27	93	155	Poro
40	120	179	Poro
34	121	195	Poro
38	118	189	Poro
38	121	205	Poro
48	112	166	Poro
43	132	212	Poro
26	96	160	Poro
28	82	153	Poro
39	116	179	Poro
32	123	207	Poro
34	108	164	Poro
28	89	149	Poro
75	144	182	Poro
51	135	202	Poro
36	117	189	Poro
33	92	146	Poro
39	122	202	Poro
22	74	125	Poro
47	111	162	Poro
23	82	134	Poro
45	125	176	Poro
99	173	189	Poro
26	101	168	Poro
31	103	158	Poro
12	61	115	Poro
31	106	173	Poro
31	105	169	Poro
22	94	156	Poro
34	114	184	Poro
28	87	140	Poro
40	117	183	Poro
20	71	121	Poro
25	86	145	Poro
37	127	207	Poro
42	127	203	Poro
39	120	161	Poro
44	126	189	Poro
42	129	213	Poro
81	166	213	Poro
37	112	171	Poro
42	123	198	Poro
36	119	191	Poro
52	139	206	Poro
31	89	155	Poro
67	144	201	Poro
61	133	169	Poro
70	155	215	Poro
7	48	130	Poro
46	136	210	Poro
21	65	96	Poro
44	123	181	Poro
20	89	154	Poro
47	123	198	Poro
39	115	183	Poro
51	113	142	Poro
35	112	175	Poro
50	131	204	Poro
45	122	178	Poro
36	124	211	Poro
39	108	169	Poro
44	129	187	Poro
47	132	214	Poro
88	163	210	Poro
26	80	133	Poro
47	135	207	Poro
35	113	191	Poro
47	127	184	Poro
36	98	137	Poro
47	122	183	Poro
24	80	125	Poro
28	92	152	Poro
37	110	169	Poro
40	106	144	Poro
33	106	149	Poro
41	122	182	Poro
32	118	205	Poro
40	105	156	Poro
47	112	170	Poro
32	119	207	Poro
33	106	171	Poro
40	121	189	Poro
38	118	167	Poro
43	129	203	Poro
28	99	166	Poro
28	87	145	Poro
23	84	147	Poro
38	108	149	Poro
80	156	201	Poro
38	108	175	Poro
34	111	173	Poro
26	96	157	Poro
22	77	134	Poro
51	115	165	Poro
37	125	210	Poro
29	94	151	Poro
79	163	211	Poro
31	106	164	Poro
48	118	145	Poro
37	115	183	Poro
35	111	170	Poro
47	111	153	Poro
34	122	198	Poro
26	95	153	Poro
37	98	147	Poro
19	67	107	Poro
40	113	169	Poro
29	102	166	Poro
42	125	203	Poro
48	120	183	Poro
36	108	152	Poro
47	113	144	Poro
25	96	157	Poro
38	121	201	Poro
27	107	182	Poro
56	137	191	Poro
48	134	198	Poro
40	120	195	Poro
15	79	145	Poro
42	121	188	Poro
49	131	203	Poro
59	119	147	Poro
31	103	161	Poro
58	125	182	Poro
19	71	140	Poro
21	86	151	Poro
37	117	163	Poro
66	102	125	Poro
29	101	154	Poro
37	121	201	Poro
46	124	167	Poro
36	128	211	Poro
47	134	212	Poro
44	134	215	Poro
26	97	161	Poro
31	104	166	Poro
35	105	166	Poro
36	73	106	Poro
51	121	165	Poro
32	105	162	Poro
53	141	189	Poro
63	112	136	Poro
47	129	203	Poro
35	109	170	Poro
35	120	191	Poro
37	126	208	Poro
46	130	200	Poro
28	101	159	Poro
83	144	159	Poro
38	119	178	Poro
39	127	201	Poro
53	132	200	Poro
60	99	125	Poro
38	115	172	Poro
28	88	145	Poro
52	131	194	Poro
30	109	168	Poro
63	148	198	Poro
47	132	203	Poro
32	111	173	Poro
28	102	164	Poro
37	121	181	Poro
41	123	204	Poro
30	117	205	Poro
84	171	227	Poro
49	133	211	Poro
38	112	171	Poro
25	72	118	Poro
56	121	170	Poro
24	83	147	Poro
36	111	168	Poro
46	126	195	Poro
72	156	203	Poro
16	71	126	Poro
29	103	182	Poro
21	60	98	Poro
46	118	159	Poro
41	123	193	Poro
40	125	184	Poro
45	106	153	Poro
44	126	171	Poro
82	166	214	Poro
32	106	164	Poro
60	147	194	Poro
37	124	208	Poro
43	110	145	Poro
35	91	144	Poro
24	78	131	Poro
47	131	197	Poro
76	160	207	Poro
35	83	126	Poro
40	114	167	Poro
40	126	207	Poro
24	87	139	Poro
35	114	189	Poro
58	144	191	Poro
20	82	150	Poro
38	117	189	Poro
110	186	208	Poro
37	79	109	Poro
18	65	107	Poro
63	144	193	Poro
55	125	162	Poro
19	81	151	Poro
18	81	138	Poro
32	103	163	Poro
35	114	170	Poro
37	124	209	Poro
47	113	152	Poro
34	125	210	Poro
28	91	141	Poro
50	130	172	Poro
44	128	200	Poro
30	100	156	Poro
35	117	187	Poro
46	123	177	Poro
41	126	195	Poro
25	79	125	Poro
40	125	206	Poro
37	121	181	Poro
37	102	154	Poro
38	118	183	Poro
45	117	150	Poro
30	110	170	Poro
36	109	172	Poro
37	111	169	Poro
38	115	167	Poro
32	112	180	Poro
47	126	195	Poro
15	73	122	Poro
35	93	143	Poro
26	98	157	Poro
45	131	207	Poro
41	122	187	Poro
57	141	195	Poro
18	78	146	Poro
45	122	186	Poro
58	131	173	Poro
34	106	147	Poro
68	136	177	Poro
53	137	191	Poro
54	136	178	Poro
40	124	186	Poro
48	124	185	Poro
64	147	192	Poro
26	95	161	Poro
35	117	187	Poro
35	125	209	Poro
33	101	157	Poro
45	129	210	Poro
71	160	211	Poro
44	129	200	Poro
73	157	209	Poro
26	81	147	Poro
31	111	184	Poro
48	131	209	Poro
39	108	184	Poro
51	137	206	Poro
38	111	172	Poro
86	159	176	Poro
42	126	204	Poro
31	105	161	Poro
55	128	187	Poro
32	107	169	Poro
20	82	147	Poro
47	121	197	Poro
38	120	186	Poro
46	129	201	Poro
53	140	209	Poro
32	108	173	Poro
34	83	129	Poro
35	86	137	Poro
45	129	205	Poro
36	120	202	Poro
38	111	168	Poro
117	164	166	Poro
29	111	192	Poro
80	148	164	Poro
36	125	208	Poro
44	117	177	Poro
33	84	128	Poro
21	83	133	Poro
29	105	179	Poro
52	114	166	Poro
42	128	206	Poro
45	130	206	Poro
38	102	153	Poro
39	112	172	Poro
38	121	195	Poro
35	104	161	Poro
29	99	161	Poro
36	121	199	Poro
38	125	188	Poro
34	112	179	Poro
51	136	203	Poro
38	120	198	Poro
27	80	129	Poro
56	137	173	Poro
48	130	199	Poro
31	109	187	Poro
30	103	165	Poro
42	127	201	Poro
50	132	197	Poro
42	130	212	Poro
36	84	122	Poro
12	68	123	Poro
35	111	173	Poro
28	106	170	Poro
44	124	170	Poro
31	104	161	Poro
57	138	190	Poro
29	89	142	Poro
50	132	203	Poro
36	125	192	Poro
26	88	134	Poro
35	103	161	Poro
36	113	174	Poro
29	98	162	Poro
26	83	142	Poro
45	126	197	Poro
36	124	195	Poro
41	119	170	Poro
38	123	209	Poro
54	141	202	Poro
38	127	211	Poro
32	112	179	Poro
35	88	146	Poro
50	134	199	Poro
42	124	200	Poro
30	111	179	Poro
62	125	166	Poro
118	162	163	Poro
36	104	160	Poro
39	97	155	Poro
47	129	206	Poro
50	123	189	Poro
34	75	113	Poro
40	127	196	Poro
49	130	200	Poro
86	164	177	Poro
47	135	206	Poro
47	131	197	Poro
34	103	161	Poro
39	119	185	Poro
64	122	165	Poro
41	128	212	Poro
50	135	201	Poro
64	149	209	Poro
32	97	165	Poro
110	199	217	Poro
38	123	196	Poro
45	130	202	Poro
40	121	190	Poro
40	124	190	Poro
37	117	181	Poro
31	103	169	Poro
44	135	211	Poro
32	93	135	Poro
15	50	120	Poro
31	102	156	Poro
41	125	199	Poro
41	127	208	Poro
35	123	207	Poro
62	146	189	Poro
15	76	141	Poro
43	131	201	Poro
43	119	163	Poro
32	88	138	Poro
56	141	208	Poro
75	156	189	Poro
48	124	188	Poro
50	126	190	Poro
42	121	176	Poro
50	104	149	Poro
35	122	209	Poro
35	110	165	Poro
37	114	177	Poro
28	108	180	Poro
39	126	204	Poro
43	111	145	Poro
24	82	125	Poro
33	113	174	Poro
38	116	195	Poro
47	132	198	Poro
39	98	157	Poro
37	112	177	Poro
23	73	117	Poro
47	119	155	Poro
33	106	169	Poro
20	81	128	Poro
31	108	178	Poro
49	132	212	Poro
44	124	189	Poro
48	125	188	Poro
29	105	169	Poro
27	98	167	Poro
46	131	209	Poro
61	140	202	Poro
45	121	184	Poro
40	118	179	Poro
30	78	127	Poro
26	92	146	Poro
39	114	163	Poro
82	142	169	Poro
22	84	133	Poro
49	132	205	Poro
37	112	170	Poro
78	161	184	Poro
36	109	165	Poro
33	90	154	Poro
41	125	202	Poro
47	133	206	Poro
30	109	180	Poro
32	121	205	Poro
62	144	203	Poro
27	90	163	Poro
24	82	138	Poro
24	71	123	Poro
26	97	160	Poro
27	79	116	Poro
48	126	189	Poro
7	43	126	Poro
50	130	199	Poro
35	113	183	Poro
51	123	169	Poro
43	122	201	Poro
14	68	106	Poro
39	120	195	Poro
90	163	193	Poro
98	182	215	Poro
45	112	189	Poro
36	119	190	Poro
32	106	171	Poro
49	131	206	Poro
24	80	119	Poro
40	129	212	Poro
42	120	178	Poro
31	85	117	Poro
38	101	159	Poro
46	115	161	Poro
42	122	179	Poro
45	117	175	Poro
52	130	169	Poro
31	110	182	Poro
41	124	204	Poro
33	113	196	Poro
54	122	179	Poro
52	131	195	Poro
39	122	190	Poro
46	129	207	Poro
59	149	208	Poro
29	94	145	Poro
39	119	189	Poro
31	108	169	Poro
36	110	179	Poro
55	121	173	Poro
60	143	206	Poro
36	111	166	Poro
26	82	148	Poro
27	100	164	Poro
36	115	182	Poro
34	105	165	Poro
38	127	196	Poro
21	62	93	Poro
37	112	181	Poro
53	136	199	Poro
63	147	208	Poro
22	79	147	Poro
36	110	169	Poro
33	96	149	Poro
33	104	159	Poro
47	128	205	Poro
33	109	171	Poro
69	157	206	Poro
74	151	175	Poro
60	141	184	Poro
54	94	124	Poro
33	123	206	Poro
37	121	203	Poro
51	124	161	Poro
52	131	193	Poro
51	134	192	Poro
26	91	158	Poro
53	129	193	Poro
36	113	173	Poro
37	124	208	Poro
44	80	117	Poro
22	91	150	Poro
45	127	197	Poro
27	97	140	Poro
37	119	180	Poro
42	120	189	Poro
52	129	186	Poro
34	108	167	Poro
39	123	196	Poro
40	118	186	Poro
53	129	196	Poro
40	116	175	Poro
51	123	173	Poro
46	113	185	Poro
40	121	185	Poro
32	86	139	Poro
44	136	216	Poro
31	109	170	Poro
46	131	202	Poro
75	157	190	Poro
61	144	201	Poro
80	150	173	Poro
31	101	169	Poro
10	53	137	Poro
36	118	193	Poro
20	78	121	Poro
26	102	161	Poro
34	119	190	Poro
44	130	208	Poro
29	106	180	Poro
53	138	200	Poro
47	124	194	Poro
38	125	210	Poro
48	132	206	Poro
41	125	201	Poro
39	92	117	Poro
30	100	156	Poro
23	66	148	Poro
32	121	203	Poro
50	134	209	Poro
35	114	191	Poro
89	177	209	Poro
38	126	194	Poro
42	117	190	Poro
43	125	203	Poro
91	163	183	Poro
47	133	205	Poro
47	133	202	Poro
16	91	173	Poro
24	93	159	Poro
43	122	183	Poro
38	118	187	Poro
25	98	145	Poro
24	90	150	Poro
33	107	167	Poro
54	132	186	Poro
40	102	150	Poro
82	136	169	Poro
34	122	186	Poro
35	114	179	Poro
28	105	169	Poro
36	112	168	Poro
49	118	183	Poro
48	128	189	Poro
26	99	165	Poro
26	98	163	Poro
40	122	197	Poro
1	22	84	Poro
42	126	203	Poro
46	127	186	Poro
35	108	171	Poro
51	103	132	Poro
93	148	163	Poro
26	94	154	Poro
29	101	155	Poro
41	110	175	Poro
39	104	145	Poro
42	123	195	Poro
33	83	129	Poro
32	80	124	Poro
36	125	209	Poro
43	123	199	Poro
46	131	215	Poro
39	128	212	Poro
32	119	192	Poro
48	117	174	Poro
55	137	206	Poro
34	107	179	Poro
47	131	204	Poro
36	121	189	Poro
52	134	200	Poro
48	128	184	Poro
33	112	175	Poro
28	83	143	Poro
33	103	167	Poro
42	122	186	Poro
78	149	189	Poro
36	123	206	Poro
33	101	147	Poro
18	84	148	Poro
32	102	153	Poro
41	119	173	Poro
14	56	109	Poro
32	108	172	Poro
27	97	158	Poro
29	105	167	Poro
23	112	198	Poro
68	140	196	Poro
41	120	192	Poro
1	18	85	Poro
31	104	165	Poro
0	48	57	Poro
26	95	156	Poro
30	92	151	Poro
38	125	209	Poro
38	122	202	Poro
51	138	210	Poro
33	118	190	Poro
48	125	200	Poro
24	91	153	Poro
59	144	190	Poro
41	119	186	Poro
33	106	169	Poro
75	152	197	Poro
27	94	155	Poro
58	136	183	Poro
33	93	135	Poro
31	105	169	Poro
39	125	199	Poro
30	108	177	Poro
44	129	205	Poro
37	126	190	Poro
42	121	181	Poro
18	86	150	Poro
76	154	195	Poro
41	129	211	Poro
49	130	201	Poro
32	106	161	Poro
39	114	179	Poro
25	79	136	Poro
61	137	196	Poro
48	134	210	Poro
87	146	167	Poro
27	92	149	Poro
46	131	204	Poro
44	97	128	Poro
45	130	201	Poro
31	95	164	Poro
64	112	146	Poro
54	129	189	Poro
107	184	198	Poro
81	155	193	Poro
48	125	198	Poro
39	124	193	Poro
31	107	168	Poro
23	89	141	Poro
28	91	155	Poro
41	124	194	Poro
44	122	188	Poro
42	125	195	Poro
41	123	194	Poro
39	119	192	Poro
43	125	193	Poro
24	89	158	Poro
32	81	120	Poro
49	131	194	Poro
50	134	199	Poro
32	101	158	Poro
25	89	150	Poro
38	125	195	Poro
55	135	191	Poro
49	125	201	Poro
31	99	153	Poro
29	105	165	Poro
44	116	187	Poro
85	173	218	Poro
36	125	211	Poro
28	86	153	Poro
41	131	210	Poro
51	135	211	Poro
71	156	203	Poro
47	91	111	Poro
49	136	201	Poro
47	133	209	Poro
48	129	188	Poro
29	93	165	Poro
41	123	191	Poro
42	123	188	Poro
44	132	204	Poro
19	77	145	Poro
32	116	185	Poro
32	107	171	Poro
35	91	128	Poro
29	80	120	Poro
52	128	197	Poro
47	117	155	Poro
41	128	203	Poro
46	131	211	Poro
75	154	196	Poro
38	124	211	Poro
37	99	148	Poro
36	121	192	Poro
65	147	195	Poro
33	88	144	Poro
47	126	197	Poro
52	124	171	Poro
44	131	206	Poro
40	108	149	Poro
56	119	162	Poro
38	114	172	Poro
35	117	180	Poro
38	119	196	Poro
33	103	155	Poro
46	130	213	Poro
40	125	200	Poro
58	137	193	Poro
34	112	177	Poro
32	105	168	Poro
61	142	190	Poro
42	113	155	Poro
44	127	190	Poro
38	125	211	Poro
48	128	196	Poro
32	82	113	Poro
34	121	202	Poro
35	101	180	Poro
36	117	185	Poro
32	101	161	Poro
33	95	154	Poro
95	185	224	Poro
46	126	191	Poro
40	125	195	Poro
45	89	135	Poro
37	120	189	Poro
48	133	212	Poro
47	133	204	Poro
47	130	197	Poro
36	109	170	Poro
34	104	142	Poro
52	135	190	Poro
43	111	165	Poro
39	128	208	Poro
30	108	167	Poro
44	124	191	Poro
35	98	149	Poro
54	133	201	Poro
53	135	192	Poro
73	148	186	Poro
43	121	189	Poro
43	120	185	Poro
53	123	161	Poro
27	88	143	Poro
49	133	206	Poro
67	143	197	Poro
46	129	194	Poro
38	125	196	Poro
78	155	174	Poro
51	125	185	Poro
41	118	187	Poro
41	125	210	Poro
44	121	186	Poro
35	124	209	Poro
22	89	145	Poro
6	42	119	Poro
46	121	193	Poro
40	96	135	Poro
44	130	208	Poro
45	109	153	Poro
37	118	180	Poro
42	112	153	Poro
40	124	202	Poro
39	125	207	Poro
53	135	191	Poro
53	114	161	Poro
32	110	162	Poro
64	138	186	Poro
23	70	103	Poro
27	107	183	Poro
33	102	163	Poro
41	118	187	Poro
48	122	195	Poro
46	131	204	Poro
48	115	169	Poro
22	73	142	Poro
21	76	129	Poro
67	152	195	Poro
36	113	176	Poro
30	101	160	Poro
38	128	210	Poro
61	143	195	Poro
28	88	146	Poro
51	118	183	Poro
79	166	202	Poro
46	125	191	Poro
63	142	196	Poro
47	109	145	Poro
27	97	159	Poro
35	108	171	Poro
48	120	183	Poro
77	144	173	Poro
37	113	170	Poro
34	122	211	Poro
37	124	209	Poro
38	122	175	Poro
49	131	201	Poro
45	125	199	Poro
39	118	179	Poro
65	134	165	Poro
29	81	129	Poro
41	125	210	Poro
49	130	180	Poro
26	91	157	Poro
34	118	204	Poro
20	81	141	Poro
20	80	138	Poro
34	89	130	Poro
43	121	184	Poro
44	116	157	Poro
42	123	204	Poro
43	124	185	Poro
40	125	202	Poro
38	123	190	Poro
43	119	188	Poro
36	123	213	Poro
40	121	196	Poro
52	135	199	Poro
42	127	197	Poro
40	128	201	Poro
33	120	181	Poro
48	120	172	Poro
75	160	208	Poro
39	129	194	Poro
48	137	201	Poro
39	123	201	Poro
60	149	196	Poro
39	102	153	Poro
35	122	209	Poro
38	116	189	Poro
43	131	210	Poro
55	136	201	Poro
41	92	114	Poro
39	129	212	Poro
68	153	208	Poro
81	155	182	Poro
29	95	160	Poro
35	113	178	Poro
39	119	175	Poro
38	128	204	Poro
30	109	185	Poro
40	118	185	Poro
4	26	113	Poro
44	128	196	Poro
50	133	200	Poro
42	123	199	Poro
61	143	194	Poro
30	112	185	Poro
39	112	177	Poro
49	135	199	Poro
51	136	204	Poro
45	132	205	Poro
39	117	184	Poro
71	158	202	Poro
51	139	205	Poro
44	115	153	Poro
37	115	178	Poro
46	131	201	Poro
10	56	90	Poro
40	123	181	Poro
60	138	204	Poro
49	127	183	Poro
45	129	205	Poro
27	98	157	Poro
29	106	171	Poro
83	148	161	Poro
20	70	126	Poro
46	118	175	Poro
35	122	197	Poro
66	150	191	Poro
31	98	157	Poro
42	129	206	Poro
37	117	181	Poro
40	121	189	Poro
33	112	181	Poro
46	131	208	Poro
48	130	178	Poro
43	112	181	Poro
37	88	123	Poro
43	123	196	Poro
39	125	191	Poro
46	126	189	Poro
40	123	199	Poro
4	39	110	Poro
44	128	197	Poro
33	121	208	Poro
34	124	208	Poro
4	35	109	Poro
35	115	188	Poro
27	98	156	Poro
47	120	183	Poro
51	126	185	Poro
43	117	184	Poro
95	181	224	Poro
29	81	125	Poro
41	125	191	Poro
44	117	175	Poro
47	123	182	Poro
41	116	182	Poro
38	103	153	Poro
41	127	196	Poro
21	87	154	Poro
53	126	182	Poro
38	119	187	Poro
40	106	144	Poro
30	92	158	Poro
29	116	204	Poro
36	121	198	Poro
63	151	193	Poro
48	125	173	Poro
29	89	139	Poro
23	87	154	Poro
24	93	157	Poro
27	78	124	Poro
32	112	180	Poro
45	122	188	Poro
44	131	210	Poro
42	116	179	Poro
85	174	211	Poro
32	106	169	Poro
34	96	164	Poro
56	125	176	Poro
15	71	125	Poro
60	123	158	Poro
37	118	188	Poro
44	131	204	Poro
24	85	155	Poro
54	121	176	Poro
41	116	180	Poro
41	127	195	Poro
56	138	203	Poro
23	91	136	Poro
50	135	209	Poro
21	78	127	Poro
28	95	162	Poro
31	102	154	Poro
32	101	161	Poro
40	128	212	Poro
46	124	190	Poro
27	75	119	Poro
29	94	152	Poro
41	124	198	Poro
43	123	188	Poro
40	112	169	Poro
48	133	196	Poro
28	103	164	Poro
56	115	167	Poro
30	84	155	Poro
34	123	204	Poro
37	117	177	Poro
41	134	215	Poro
23	87	147	Poro
53	139	195	Poro
43	94	152	Poro
33	103	167	Poro
76	159	197	Poro
91	175	206	Poro
25	77	144	Poro
39	107	184	Poro
26	91	136	Poro
29	109	178	Poro
41	124	201	Poro
46	134	216	Poro
46	116	157	Poro
19	58	94	Poro
78	134	139	Poro
46	122	168	Poro
48	133	196	Poro
65	147	199	Poro
48	128	185	Poro
40	120	185	Poro
37	127	209	Poro
41	126	207	Poro
59	118	160	Poro
37	119	181	Poro
43	129	197	Poro
48	131	202	Poro
35	119	204	Poro
47	134	201	Poro
40	109	149	Poro
62	151	216	Poro
33	100	158	Poro
54	135	202	Poro
35	112	179	Poro
29	91	145	Poro
53	139	206	Poro
23	79	125	Poro
31	105	161	Poro
44	115	182	Poro
27	97	163	Poro
19	78	155	Poro
41	120	189	Poro
65	143	192	Poro
35	86	123	Poro
21	86	149	Poro
47	129	206	Poro
24	66	120	Poro
44	125	195	Poro
49	136	204	Poro
54	138	201	Poro
87	158	171	Poro
29	109	179	Poro
41	117	193	Poro
24	97	165	Poro
32	103	159	Poro
60	130	169	Poro
48	125	182	Poro
48	131	197	Poro
33	119	190	Poro
53	136	205	Poro
29	89	126	Poro
35	125	202	Poro
23	59	94	Poro
39	101	151	Poro
41	122	195	Poro
38	104	155	Poro
51	130	208	Poro
18	54	87	Poro
36	116	178	Poro
33	90	151	Poro
49	129	201	Poro
1	35	116	Poro
40	99	158	Poro
43	117	188	Poro
91	165	195	Poro
50	127	190	Poro
41	94	123	Poro
46	132	203	Poro
41	123	200	Poro
43	110	169	Poro
36	119	183	Poro
41	97	165	Poro
56	136	190	Poro
49	126	197	Poro
41	119	187	Poro
33	118	194	Poro
72	153	195	Poro
44	128	203	Poro
45	126	199	Poro
52	125	175	Poro
46	130	201	Poro
51	129	180	Poro
45	126	191	Poro
15	67	156	Poro
34	108	171	Poro
49	127	184	Poro
17	84	151	Poro
38	124	189	Poro
27	79	104	Poro
28	97	159	Poro
34	122	209	Poro
37	123	207	Poro
34	117	185	Poro
48	128	182	Poro
49	127	191	Poro
89	177	210	Poro
103	183	210	Poro
60	132	184	Poro
28	91	145	Poro
38	87	115	Poro
30	97	164	Poro
19	63	126	Poro
86	167	182	Poro
40	129	195	Poro
34	123	199	Poro
32	110	172	Poro
49	132	198	Poro
29	110	169	Poro
41	122	196	Poro
31	84	118	Poro
22	89	152	Poro
26	101	165	Poro
48	125	187	Poro
31	93	131	Poro
19	72	128	Poro
32	116	204	Poro
58	125	187	Poro
55	126	185	Poro
58	114	156	Poro
48	132	186	Poro
38	120	187	Poro
57	144	197	Poro
38	112	169	Poro
33	112	175	Poro
26	96	160	Poro
38	98	173	Poro
0	48	57	Poro
34	111	169	Poro
38	104	151	Poro
39	131	197	Poro
12	65	118	Poro
39	127	211	Poro
49	132	214	Poro
45	107	146	Poro
39	126	196	Poro
48	112	171	Poro
55	130	187	Poro
22	82	127	Poro
38	125	207	Poro
45	126	192	Poro
41	116	188	Poro
41	126	202	Poro
48	135	213	Poro
31	94	140	Poro
40	133	200	Poro
53	138	203	Poro
64	131	172	Poro
45	113	177	Poro
38	100	175	Poro
43	127	204	Poro
44	117	163	Poro
39	129	194	Poro
43	115	150	Poro
46	117	182	Poro
41	131	187	Poro
32	113	176	Poro
43	127	199	Poro
43	118	176	Poro
46	105	181	Poro
34	112	171	Poro
114	200	214	Poro
32	88	157	Poro
53	139	183	Poro
55	129	163	Poro
25	85	138	Poro
0	48	57	Poro
50	129	182	Poro
43	119	183	Poro
49	126	175	Poro
37	120	181	Poro
79	167	220	Poro
56	122	152	Poro
48	124	163	Poro
28	87	137	Poro
49	132	198	Poro
24	85	154	Poro
36	92	131	Poro
47	133	206	Poro
46	119	178	Poro
78	162	201	Poro
37	125	212	Poro
28	105	167	Poro
34	94	154	Poro
13	57	119	Poro
39	117	183	Poro
26	83	138	Poro
43	116	181	Poro
49	129	205	Poro
26	88	150	Poro
40	121	201	Poro
33	104	171	Poro
86	152	165	Poro
31	101	160	Poro
22	77	135	Poro
43	130	203	Poro
65	138	169	Poro
21	65	127	Poro
42	125	191	Poro
53	121	183	Poro
44	122	189	Poro
41	96	145	Poro
37	120	197	Poro
46	123	187	Poro
35	119	188	Poro
17	72	133	Poro
34	98	155	Poro
36	102	170	Poro
43	131	207	Poro
56	137	200	Poro
44	126	195	Poro
25	93	156	Poro
31	101	161	Poro
46	110	181	Poro
77	157	189	Poro
36	123	203	Poro
34	113	168	Poro
47	132	206	Poro
22	91	157	Poro
49	126	190	Poro
45	114	182	Poro
46	125	190	Poro
40	122	193	Poro
49	133	205	Poro
25	80	129	Poro
34	109	177	Poro
28	80	116	Poro
46	128	199	Poro
28	103	157	Poro
38	125	194	Poro
51	119	155	Poro
42	123	190	Poro
46	133	203	Poro
38	103	158	Poro
31	92	147	Poro
45	112	187	Poro
22	81	150	Poro
39	127	211	Poro
43	120	183	Poro
39	127	192	Poro
51	134	199	Poro
89	152	188	Poro
38	118	189	Poro
46	131	195	Poro
40	118	177	Poro
63	121	167	Poro
40	120	199	Poro
45	127	187	Poro
28	85	133	Poro
37	116	198	Poro
48	130	202	Poro
46	128	202	Poro
41	123	203	Poro
36	112	168	Poro
33	81	118	Poro
29	74	107	Poro
47	125	191	Poro
49	134	211	Poro
31	102	165	Poro
49	128	187	Poro
55	132	183	Poro
88	139	143	Poro
36	91	143	Poro
41	96	155	Poro
35	121	207	Poro
47	120	190	Poro
23	75	142	Poro
37	111	171	Poro
32	124	208	Poro
44	117	170	Poro
16	84	139	Poro
18	81	151	Poro
41	95	132	Poro
32	109	173	Poro
44	129	196	Poro
58	124	170	Poro
37	113	185	Poro
50	134	205	Poro
39	121	189	Poro
36	117	188	Poro
35	115	171	Poro
56	114	164	Poro
40	127	208	Poro
24	69	112	Poro
43	108	175	Poro
57	138	193	Poro
67	127	166	Poro
61	150	207	Poro
49	121	182	Poro
38	121	204	Poro
40	114	183	Poro
49	132	208	Poro
46	107	142	Poro
61	125	159	Poro
34	113	181	Poro
70	125	158	Poro
47	132	209	Poro
56	143	208	Poro
23	74	124	Poro
55	127	175	Poro
42	126	181	Poro
47	130	208	Poro
48	128	197	Poro
26	83	142	Poro
42	124	200	Poro
22	86	148	Poro
46	133	206	Poro
42	127	199	Poro
43	129	204	Poro
52	129	196	Poro
34	112	189	Poro
75	160	205	Poro
69	151	206	Poro
35	94	144	Poro
100	160	179	Poro
40	119	180	Poro
52	134	203	Poro
57	134	177	Poro
36	114	196	Poro
50	129	205	Poro
56	123	169	Poro
44	123	188	Poro
37	123	194	Poro
59	128	178	Poro
42	119	196	Poro
35	94	171	Poro
116	171	209	Poro
43	114	187	Poro
39	123	189	Poro
41	126	199	Poro
44	104	172	Poro
45	123	179	Poro
49	129	191	Poro
88	158	191	Poro
49	121	184	Poro
42	124	202	Poro
41	125	202	Poro
38	113	183	Poro
36	104	158	Poro
38	89	130	Poro
44	124	188	Poro
42	122	168	Poro
37	111	171	Poro
38	117	196	Poro
54	126	184	Poro
40	101	161	Poro
37	120	201	Poro
36	97	179	Poro
41	123	203	Poro
47	124	189	Poro
44	127	183	Poro
51	122	192	Poro
36	119	185	Poro
38	111	181	Poro
41	123	169	Poro
38	106	148	Poro
44	121	205	Poro
54	133	201	Poro
54	120	173	Poro
24	74	122	Poro
84	137	146	Poro
38	100	131	Poro
36	86	144	Poro
80	142	174	Poro
43	115	184	Poro
38	122	203	Poro
45	114	183	Poro
47	120	165	Poro
54	120	161	Poro
49	125	181	Poro
51	121	179	Poro
41	121	178	Poro
17	65	141	Poro
22	72	127	Poro
46	120	185	Poro
59	125	173	Poro
75	137	159	Poro
53	113	155	Poro
42	121	175	Poro
45	117	186	Poro
86	155	188	Poro
40	108	174	Poro
42	123	190	Poro
46	112	156	Poro
46	132	200	Poro
38	124	197	Poro
40	103	140	Poro
15	58	107	Poro
58	131	185	Poro
79	154	195	Poro
36	113	186	Poro
39	114	194	Poro
35	101	149	Poro
85	153	182	Poro
45	81	111	Poro
40	117	183	Poro
44	124	179	Poro
28	82	154	Poro
48	128	178	Poro
41	116	179	Poro
47	102	145	Poro
37	111	167	Poro
50	120	193	Poro
83	147	180	Poro
39	99	148	Poro
44	127	197	Poro
75	128	155	Poro
30	89	142	Poro
46	123	175	Poro
43	131	202	Poro
53	111	159	Poro
40	132	195	Poro
48	117	163	Poro
78	154	198	Poro
31	89	138	Poro
45	106	142	Poro
51	130	191	Poro
51	123	169	Poro
42	118	186	Poro
56	128	187	Poro
53	137	208	Poro
73	126	144	Poro
46	125	178	Poro
49	129	189	Poro
30	91	133	Poro
31	85	133	Poro
68	130	170	Poro
43	92	124	Poro
67	137	183	Poro
39	130	203	Poro
41	109	181	Poro
14	50	102	Poro
47	126	172	Poro
46	127	189	Poro
25	62	88	Poro
41	107	180	Poro
44	122	161	Poro
63	124	164	Poro
38	117	165	Poro
46	123	201	Poro
45	129	200	Poro
49	119	166	Poro
44	123	198	Poro
39	108	179	Poro
50	135	206	Poro
18	65	106	Poro
40	129	203	Poro
43	126	192	Poro
35	116	162	Poro
36	112	184	Poro
77	154	200	Poro
99	158	175	Poro
40	121	194	Poro
79	152	195	Poro
81	150	170	Poro
66	140	194	Poro
50	132	195	Poro
51	129	174	Poro
41	120	206	Poro
84	153	187	Poro
38	114	164	Poro
49	133	183	Poro
38	126	197	Poro
38	118	193	Poro
47	116	177	Poro
39	128	199	Poro
41	124	185	Poro
44	125	199	Poro
57	122	160	Poro
44	113	156	Poro
43	98	163	Poro
37	114	167	Poro
75	144	181	Poro
30	84	151	Poro
44	103	150	Poro
43	118	186	Poro
42	116	201	Poro
42	129	196	Poro
49	133	205	Poro
46	112	168	Poro
39	127	205	Poro
34	94	171	Poro
43	125	165	Poro
41	116	178	Poro
30	100	161	Poro
51	126	167	Poro
36	99	140	Poro
40	121	195	Poro
39	129	203	Poro
38	102	144	Poro
56	131	190	Poro
42	119	199	Poro
46	120	159	Poro
61	132	176	Poro
29	75	122	Poro
24	84	140	Poro
33	81	131	Poro
52	114	185	Poro
40	114	192	Poro
51	135	185	Poro
40	127	204	Poro
50	134	189	Poro
43	123	185	Poro
83	144	170	Poro
53	103	131	Poro
38	118	201	Poro
36	67	78	Poro
50	128	201	Poro
45	126	195	Poro
28	78	146	Poro
42	102	154	Poro
38	127	200	Poro
33	114	185	Poro
38	111	162	Poro
50	111	155	Poro
37	106	148	Poro
38	122	192	Poro
68	121	147	Poro
32	112	191	Poro
26	81	143	Poro
32	84	152	Poro
45	123	189	Poro
41	98	143	Poro
36	122	188	Poro
42	132	205	Poro
53	127	197	Poro
22	84	155	Poro
81	157	192	Poro
41	125	196	Poro
48	111	179	Poro
62	144	184	Poro
26	69	145	Poro
28	89	141	Poro
41	121	193	Poro
43	126	185	Poro
89	142	154	Poro
41	118	201	Poro
43	129	199	Poro
30	89	163	Poro
24	99	160	Poro
37	70	83	Poro
37	113	181	Poro
39	117	195	Poro
33	116	196	Poro
44	133	200	Poro
41	123	203	Poro
37	93	145	Poro
41	113	194	Poro
35	105	164	Poro
86	156	191	Poro
44	116	190	Poro
37	97	172	Poro
41	129	198	Poro
39	124	189	Poro
24	79	111	Poro
48	124	178	Poro
54	129	201	Poro
37	125	201	Poro
45	109	153	Poro
30	81	151	Poro
45	132	192	Poro
44	117	169	Poro
41	128	203	Poro
39	105	166	Poro
44	122	180	Poro
39	114	183	Poro
34	116	187	Poro
48	134	203	Poro
41	107	167	Poro
43	128	201	Poro
48	130	179	Poro
40	115	184	Poro
38	118	187	Poro
67	146	182	Poro
39	125	208	Poro
48	129	200	Poro
43	130	194	Poro
74	147	194	Poro
19	72	131	Poro
42	124	202	Poro
39	115	186	Poro
45	124	186	Poro
87	140	194	Poro
26	85	147	Poro
40	128	208	Poro
30	79	126	Poro
38	94	137	Poro
41	124	203	Poro
40	125	205	Poro
41	116	188	Poro
94	157	190	Poro
35	113	176	Poro
47	126	201	Poro
32	116	181	Poro
33	106	179	Poro
40	129	206	Poro
30	79	149	Poro
39	104	157	Poro
65	131	175	Poro
24	67	120	Poro
95	169	199	Poro
38	125	193	Poro
60	116	156	Poro
36	115	188	Poro
73	141	191	Poro
65	123	151	Poro
53	133	192	Poro
46	125	210	Poro
21	68	126	Poro
40	124	183	Poro
74	125	185	Poro
98	161	186	Poro
43	128	199	Poro
40	91	160	Poro
39	127	204	Poro
40	117	190	Poro
37	101	146	Poro
49	135	203	Poro
47	131	196	Poro
42	118	194	Poro
65	138	189	Poro
54	127	196	Poro
70	141	189	Poro
37	111	180	Poro
67	145	196	Poro
65	142	191	Poro
46	118	190	Poro
39	121	198	Poro
39	127	196	Poro
40	125	207	Poro
41	124	195	Poro
41	103	125	Poro
47	126	204	Poro
56	142	210	Poro
38	126	208	Poro
51	137	199	Poro
36	118	187	Poro
92	147	154	Poro
41	121	189	Poro
45	127	202	Poro
41	119	202	Poro
32	71	107	Poro
42	115	185	Poro
45	98	158	Poro
38	127	191	Poro
49	131	204	Poro
48	113	185	Poro
41	98	153	Poro
33	103	181	Poro
37	115	189	Poro
37	123	197	Poro
93	154	179	Poro
41	120	198	Poro
47	132	203	Poro
73	148	195	Poro
49	133	195	Poro
53	119	167	Poro
32	111	185	Poro
52	132	199	Poro
38	129	204	Poro
43	130	191	Poro
35	102	173	Poro
52	136	198	Poro
45	123	188	Poro
53	133	171	Poro
42	132	208	Poro
36	125	200	Poro
79	145	181	Poro
44	123	202	Poro
73	138	157	Poro
41	105	159	Poro
41	118	180	Poro
42	108	173	Poro
93	167	199	Poro
52	123	162	Poro
86	149	181	Poro
36	117	193	Poro
76	149	190	Poro
40	119	191	Poro
93	160	169	Poro
108	162	175	Poro
41	126	196	Poro
52	115	173	Poro
43	126	197	Poro
74	143	188	Poro
45	91	132	Poro
35	92	144	Poro
52	135	204	Poro
44	131	199	Poro
57	139	203	Poro
42	103	146	Poro
56	134	197	Poro
46	126	209	Poro
40	118	197	Poro
30	63	91	Poro
55	129	195	Poro
52	136	204	Poro
65	136	187	Poro
113	178	208	Poro
48	135	206	Poro
40	122	205	Poro
46	121	183	Poro
52	139	190	Poro
42	127	208	Poro
47	123	200	Poro
75	138	166	Poro
42	120	198	Poro
38	123	183	Poro
33	98	164	Poro
44	117	163	Poro
40	118	191	Poro
70	142	198	Poro
44	130	204	Poro
50	123	187	Poro
37	102	157	Poro
52	127	165	Poro
35	93	157	Poro
54	135	182	Poro
42	123	204	Poro
40	122	195	Poro
30	80	131	Poro
43	124	200	Poro
38	121	201	Poro
40	124	202	Poro
49	124	181	Poro
84	154	196	Poro
41	118	185	Poro
34	87	151	Poro
47	121	207	Poro
40	129	205	Poro
21	89	170	Poro
94	159	179	Poro
40	102	167	Poro
48	135	201	Poro
37	121	183	Poro
35	101	168	Poro
43	124	197	Poro
46	92	156	Poro
41	123	198	Poro
45	131	196	Poro
49	131	189	Poro
64	144	186	Poro
54	140	194	Poro
39	115	179	Poro
51	115	187	Poro
38	118	199	Poro
42	119	181	Poro
57	95	116	Poro
41	125	191	Poro
41	115	179	Poro
50	134	202	Poro
48	133	198	Poro
33	112	187	Poro
40	126	201	Poro
40	119	195	Poro
94	150	198	Poro
25	80	149	Poro
44	126	199	Poro
33	87	154	Poro
28	79	140	Poro
54	122	174	Poro
30	71	111	Poro
53	130	185	Poro
57	122	174	Poro
36	118	191	Poro
40	120	202	Poro
52	126	206	Poro
44	133	195	Poro
46	120	161	Poro
38	120	186	Poro
22	62	104	Poro
43	110	170	Poro
44	127	200	Poro
49	126	208	Poro
80	155	189	Poro
47	131	207	Poro
41	122	191	Poro
38	127	200	Poro
64	140	190	Poro
57	135	168	Poro
102	162	182	Poro
42	123	198	Poro
66	135	184	Poro
49	133	206	Poro
40	119	181	Poro
43	98	146	Poro
44	112	168	Poro
55	128	181	Poro
52	136	191	Poro
31	61	87	Poro
43	134	195	Poro
74	137	179	Poro
39	128	205	Poro
38	103	169	Poro
50	118	175	Poro
40	105	183	Poro
79	140	165	Poro
42	124	194	Poro
71	145	190	Poro
32	86	127	Poro
40	121	179	Poro
21	72	139	Poro
92	150	177	Poro
37	94	135	Poro
49	125	176	Poro
49	126	166	Poro
20	67	120	Poro
38	118	194	Poro
64	126	171	Poro
49	125	191	Poro
29	89	149	Poro
54	132	186	Poro
62	132	189	Poro
42	106	151	Poro
42	129	203	Poro
40	106	168	Poro
42	115	162	Poro
36	111	178	Poro
85	156	194	Poro
44	128	205	Poro
36	121	192	Poro
29	93	141	Poro
42	111	149	Poro
42	124	202	Poro
80	154	192	Poro
45	122	197	Poro
46	117	155	Poro
57	131	173	Poro
31	108	179	Poro
35	85	120	Poro
38	126	207	Poro
41	130	204	Poro
33	115	185	Poro
36	91	172	Poro
44	127	183	Poro
51	135	188	Poro
57	139	192	Poro
51	137	205	Poro
45	123	190	Poro
46	119	172	Poro
39	98	126	Poro
41	124	204	Poro
97	170	189	Poro
115	189	195	Poro
36	93	132	Poro
23	89	156	Poro
110	157	162	Poro
21	78	122	Poro
66	142	179	Poro
60	131	170	Poro
51	136	202	Poro
32	89	129	Poro
49	127	189	Poro
41	106	136	Poro
46	124	179	Poro
47	128	197	Poro
40	79	98	Poro
96	165	185	Poro
54	133	208	Poro
67	135	153	Poro
23	72	122	Poro
42	111	143	Poro
31	94	159	Poro
44	123	184	Poro
54	140	200	Poro
45	122	177	Poro
134	192	165	Poro
63	135	206	Poro
82	153	176	Poro
46	133	204	Poro
47	130	209	Poro
56	120	163	Poro
86	150	165	Poro
29	78	121	Poro
70	147	180	Poro
48	130	201	Poro
60	108	117	Poro
54	139	202	Poro
49	125	165	Poro
140	209	206	Poro
46	131	201	Poro
56	136	191	Poro
55	126	173	Poro
51	94	121	Poro
40	115	185	Poro
36	111	176	Poro
49	126	182	Poro
59	129	164	Poro
52	134	196	Poro
55	124	166	Poro
40	101	141	Poro
75	136	155	Poro
39	112	164	Poro
30	90	139	Poro
55	135	202	Poro
35	90	141	Poro
52	128	191	Poro
51	131	185	Poro
91	169	186	Poro
46	123	189	Poro
122	197	199	Poro
52	136	215	Poro
43	108	196	Poro
97	166	178	Poro
41	123	206	Poro
149	222	214	Poro
32	99	152	Poro
47	136	217	Poro
63	127	156	Poro
44	129	212	Poro
46	125	191	Poro
43	127	212	Poro
40	111	162	Poro
74	140	162	Poro
47	119	167	Poro
64	117	137	Poro
43	110	150	Poro
56	113	143	Poro
18	60	82	Poro
76	132	143	Poro
42	115	172	Poro
91	175	199	Poro
49	138	213	Poro
82	146	163	Poro
25	81	129	Poro
43	77	105	Poro
54	140	221	Poro
40	119	173	Poro
36	106	162	Poro
53	131	195	Poro
31	97	165	Poro
55	141	219	Poro
33	91	138	Poro
48	129	187	Poro
56	109	139	Poro
49	129	191	Poro
27	81	125	Poro
77	124	125	Poro
105	187	201	Poro
45	119	171	Poro
30	84	141	Poro
56	135	201	Poro
45	133	209	Poro
91	167	187	Poro
55	138	209	Poro
30	88	142	Poro
32	79	95	Poro
43	131	213	Poro
98	167	176	Poro
116	188	200	Poro
54	130	177	Poro
55	120	159	Poro
96	165	185	Poro
61	132	208	Poro
38	90	108	Poro
11	67	99	Poro
99	161	171	Poro
35	103	172	Poro
43	105	154	Poro
51	139	213	Poro
44	118	169	Poro
43	122	165	Poro
84	134	127	Poro
69	137	151	Poro
125	198	209	Poro
49	117	153	Poro
52	124	170	Poro
146	202	181	Poro
62	139	180	Poro
25	78	126	Poro
33	106	172	Poro
34	96	139	Poro
52	123	171	Poro
46	114	161	Poro
85	153	163	Poro
30	87	135	Poro
27	100	171	Poro
44	117	172	Poro
33	100	166	Poro
42	106	145	Poro
69	147	185	Poro
49	136	208	Poro
30	102	164	Poro
30	99	171	Poro
44	131	211	Poro
46	120	175	Poro
34	98	152	Poro
45	122	177	Poro
142	217	215	Poro
34	70	102	Poro
52	133	198	Poro
53	129	188	Poro
46	134	214	Poro
45	105	162	Poro
52	135	205	Poro
61	119	137	Poro
43	111	155	Poro
50	103	140	Poro
47	133	206	Poro
42	114	176	Poro
62	134	217	Poro
46	127	191	Poro
49	121	158	Poro
29	96	158	Poro
29	102	175	Poro
27	79	101	Poro
53	136	209	Poro
44	132	213	Poro
106	173	168	Poro
51	121	161	Poro
43	125	205	Poro
54	95	115	Poro
46	118	174	Poro
41	106	127	Poro
38	106	159	Poro
107	184	194	Poro
27	92	136	Poro
26	82	136	Poro
42	113	173	Poro
45	130	215	Poro
45	117	169	Poro
45	130	209	Poro
24	77	131	Poro
46	129	192	Poro
44	125	196	Poro
73	145	181	Poro
47	110	147	Poro
31	67	92	Poro
53	91	104	Poro
51	134	202	Poro
49	133	215	Poro
79	145	152	Poro
135	213	216	Poro
68	123	139	Poro
14	76	143	Poro
50	130	186	Poro
58	134	172	Poro
44	125	177	Poro
45	121	175	Poro
45	129	196	Poro
47	128	192	Poro
51	133	216	Poro
73	136	161	Poro
86	157	178	Poro
48	133	187	Poro
32	69	91	Poro
63	144	209	Poro
29	77	123	Poro
30	97	158	Poro
47	133	213	Poro
36	103	156	Poro
107	181	199	Poro
51	113	149	Poro
81	150	170	Poro
44	116	168	Poro
39	87	108	Poro
46	133	209	Poro
97	162	175	Poro
53	111	155	Poro
63	125	158	Poro
47	132	201	Poro
49	100	127	Poro
58	123	167	Poro
145	215	214	Poro
38	97	145	Poro
47	126	183	Poro
114	185	198	Poro
44	116	162	Poro
46	106	137	Poro
53	108	138	Poro
45	133	214	Poro
45	89	123	Poro
45	117	170	Poro
62	132	159	Poro
57	116	141	Poro
22	59	78	Poro
34	108	177	Poro
45	119	179	Poro
51	131	198	Poro
66	134	162	Poro
132	203	210	Poro
21	94	160	Poro
20	69	96	Poro
52	138	210	Poro
55	126	168	Poro
43	121	178	Poro
51	127	164	Poro
59	103	118	Poro
50	127	186	Poro
39	108	179	Poro
46	136	214	Poro
31	91	131	Poro
48	118	159	Poro
91	157	167	Poro
124	197	200	Poro
52	139	212	Poro
33	111	175	Poro
121	185	171	Poro
87	165	189	Poro
52	135	211	Poro
95	168	186	Poro
50	108	147	Poro
49	124	172	Poro
33	86	139	Poro
48	125	188	Poro
52	120	145	Poro
45	132	208	Poro
47	91	99	Poro
31	87	126	Poro
34	73	100	Poro
148	218	211	Poro
55	129	190	Poro
69	134	159	Poro
43	119	174	Poro
55	129	151	Poro
56	136	204	Poro
89	169	198	Poro
38	100	146	Poro
38	94	139	Poro
80	143	157	Poro
27	78	132	Poro
29	72	106	Poro
41	118	187	Poro
35	104	176	Poro
47	133	205	Poro
44	111	198	Poro
36	99	148	Poro
55	138	203	Poro
39	110	171	Poro
82	145	158	Poro
50	133	210	Poro
35	104	173	Poro
66	130	153	Poro
46	129	188	Poro
51	105	145	Poro
122	190	194	Poro
61	145	205	Poro
47	127	187	Poro
129	205	201	Poro
43	130	209	Poro
35	97	149	Poro
47	128	191	Poro
50	133	202	Poro
48	98	113	Poro
39	103	193	Poro
19	83	146	Poro
87	172	191	Poro
54	125	171	Poro
41	102	131	Poro
54	141	219	Poro
50	93	117	Poro
72	137	151	Poro
42	107	153	Poro
53	136	206	Poro
28	69	85	Poro
46	123	161	Poro
37	117	169	Poro
51	128	214	Poro
94	164	169	Poro
45	105	150	Poro
50	133	201	Poro
49	118	143	Poro
88	145	155	Poro
45	81	100	Poro
12	61	117	Poro
32	89	137	Poro
96	186	207	Poro
49	136	212	Poro
51	132	189	Poro
30	90	133	Poro
63	131	161	Poro
27	86	123	Poro
97	148	145	Poro
49	132	181	Poro
53	128	167	Poro
39	112	171	Poro
44	121	175	Poro
37	100	153	Poro
31	105	177	Poro
102	158	157	Poro
44	100	126	Poro
48	130	187	Poro
51	137	195	Poro
138	192	169	Poro
41	109	155	Poro
83	150	159	Poro
27	85	115	Poro
44	124	177	Poro
48	124	173	Poro
22	84	154	Poro
28	101	170	Poro
38	92	145	Poro
44	130	198	Poro
19	64	116	Poro
35	97	129	Poro
57	138	219	Poro
47	129	205	Poro
12	57	100	Poro
103	183	209	Poro
50	132	200	Poro
54	140	218	Poro
69	134	163	Poro
80	147	160	Poro
50	124	178	Poro
57	127	169	Poro
43	126	187	Poro
55	123	148	Poro
37	109	173	Poro
67	123	142	Poro
75	141	169	Poro
23	68	94	Poro
49	135	211	Poro
42	129	206	Poro
45	132	208	Poro
102	173	183	Poro
47	133	208	Poro
43	119	177	Poro
89	153	159	Poro
53	103	123	Poro
26	75	110	Poro
44	114	140	Poro
66	121	145	Poro
52	139	217	Poro
46	116	142	Poro
63	133	168	Poro
42	125	191	Poro
43	112	156	Poro
86	152	172	Poro
91	163	178	Poro
81	159	191	Poro
46	130	210	Poro
60	145	224	Poro
41	109	165	Poro
47	126	191	Poro
53	140	219	Poro
70	143	174	Poro
112	177	181	Poro
26	83	137	Poro
25	79	123	Poro
46	131	212	Poro
36	95	130	Poro
41	107	159	Poro
25	76	134	Poro
43	111	169	Poro
40	129	202	Poro
50	131	197	Poro
47	134	209	Poro
58	115	145	Poro
42	124	170	Poro
53	137	220	Poro
46	131	209	Poro
61	146	228	Poro
24	89	160	Poro
27	99	163	Poro
76	139	159	Poro
24	90	156	Poro
14	48	76	Poro
46	93	117	Poro
42	94	124	Poro
68	133	151	Poro
61	143	208	Poro
18	57	79	Poro
47	124	182	Poro
51	135	205	Poro
157	216	183	Poro
63	143	217	Poro
43	110	142	Poro
46	102	124	Poro
55	139	206	Poro
98	166	173	Poro
55	100	130	Poro
44	129	206	Poro
77	143	155	Poro
24	73	129	Poro
26	81	132	Poro
36	94	133	Poro
46	100	132	Poro
24	74	119	Poro
156	211	183	Poro
50	136	200	Poro
60	142	201	Poro
24	90	141	Poro
43	128	197	Poro
44	115	175	Poro
59	141	203	Poro
30	85	131	Poro
16	73	112	Poro
26	82	134	Poro
44	112	160	Poro
40	103	168	Poro
46	104	121	Poro
38	106	160	Poro
48	126	179	Poro
74	136	143	Poro
43	105	139	Poro
83	152	162	Poro
39	110	181	Poro
32	96	160	Poro
51	122	156	Poro
52	119	203	Poro
47	134	209	Poro
33	100	140	Poro
28	80	125	Poro
54	139	204	Poro
73	137	152	Poro
37	126	207	Poro
44	132	211	Poro
77	138	161	Poro
34	96	148	Poro
23	84	138	Poro
46	96	119	Poro
42	119	171	Poro
50	122	175	Poro
52	129	176	Poro
41	124	180	Poro
52	129	177	Poro
21	78	125	Poro
39	107	177	Poro
35	109	172	Poro
31	92	140	Poro
146	218	221	Poro
84	155	174	Poro
150	203	191	Poro
49	116	204	Poro
84	150	169	Poro
45	124	184	Poro
33	98	153	Poro
49	122	183	Poro
107	167	160	Poro
68	132	143	Poro
39	126	204	Poro
86	168	185	Poro
38	93	113	Poro
38	101	144	Poro
54	127	177	Poro
47	116	171	Poro
60	134	185	Poro
47	129	193	Poro
45	110	157	Poro
84	157	180	Poro
57	140	216	Poro
45	131	211	Poro
57	140	202	Poro
42	112	167	Poro
103	170	170	Poro
25	76	133	Poro
35	102	168	Poro
42	106	142	Poro
30	95	151	Poro
73	139	150	Poro
44	115	166	Poro
26	71	92	Poro
22	84	139	Poro
33	102	169	Poro
58	119	157	Poro
69	126	144	Poro
45	128	187	Poro
35	108	168	Poro
53	125	164	Poro
38	104	141	Poro
46	93	119	Poro
46	121	167	Poro
57	131	174	Poro
63	139	182	Poro
13	55	103	Poro
33	93	144	Poro
44	122	185	Poro
54	135	207	Poro
49	137	208	Poro
35	93	140	Poro
20	69	114	Poro
55	115	147	Poro
41	112	166	Poro
60	124	141	Poro
58	119	148	Poro
149	224	223	Poro
52	126	178	Poro
132	185	169	Solido
175	247	245	Solido
185	254	251	Solido
172	243	234	Solido
172	242	238	Solido
148	207	183	Solido
179	250	245	Solido
151	216	204	Solido
121	173	158	Solido
100	158	161	Solido
156	217	202	Solido
149	206	199	Solido
167	242	235	Solido
121	181	164	Solido
153	219	200	Solido
148	210	200	Solido
111	162	134	Solido
122	165	165	Solido
91	134	119	Solido
166	236	234	Solido
167	237	225	Solido
169	240	242	Solido
125	181	173	Solido
125	176	166	Solido
127	178	161	Solido
159	230	229	Solido
179	252	248	Solido
133	191	174	Solido
182	254	251	Solido
181	253	254	Solido
182	254	250	Solido
183	254	247	Solido
179	252	245	Solido
88	149	162	Solido
116	162	143	Solido
125	176	168	Solido
180	252	251	Solido
142	196	173	Solido
180	253	246	Solido
138	202	192	Solido
181	253	244	Solido
177	247	243	Solido
177	246	220	Solido
188	254	253	Solido
180	254	251	Solido
122	174	167	Solido
179	252	249	Solido
132	192	183	Solido
166	227	195	Solido
157	215	197	Solido
122	172	143	Solido
197	254	254	Solido
106	152	142	Solido
102	148	128	Solido
170	245	237	Solido
124	180	165	Solido
168	238	234	Solido
133	192	177	Solido
178	251	240	Solido
171	245	234	Solido
126	177	165	Solido
167	239	235	Solido
119	167	165	Solido
115	165	156	Solido
99	145	128	Solido
104	157	136	Solido
177	250	247	Solido
180	249	246	Solido
176	250	247	Solido
164	242	237	Solido
171	244	237	Solido
130	186	173	Solido
83	125	112	Solido
183	254	249	Solido
170	238	236	Solido
170	243	228	Solido
171	243	235	Solido
159	228	229	Solido
143	195	173	Solido
177	251	246	Solido
140	193	187	Solido
165	231	200	Solido
171	246	238	Solido
139	198	181	Solido
135	195	203	Solido
169	242	236	Solido
181	254	251	Solido
179	253	249	Solido
172	248	240	Solido
165	233	221	Solido
167	241	236	Solido
169	244	237	Solido
163	227	204	Solido
170	241	229	Solido
140	194	191	Solido
179	249	246	Solido
41	66	71	Solido
102	146	143	Solido
85	127	122	Solido
186	254	254	Solido
111	161	150	Solido
155	212	198	Solido
134	191	177	Solido
98	142	131	Solido
97	149	139	Solido
183	254	250	Solido
179	253	244	Solido
166	238	228	Solido
188	254	254	Solido
120	168	162	Solido
174	247	246	Solido
121	170	164	Solido
169	243	235	Solido
143	204	182	Solido
132	184	165	Solido
169	239	230	Solido
175	246	241	Solido
104	155	133	Solido
135	195	187	Solido
176	247	245	Solido
130	185	170	Solido
123	178	169	Solido
117	170	158	Solido
179	252	244	Solido
94	142	138	Solido
157	220	191	Solido
83	118	125	Solido
141	197	191	Solido
144	195	171	Solido
147	207	179	Solido
171	240	231	Solido
130	182	175	Solido
158	224	196	Solido
130	185	172	Solido
182	254	250	Solido
170	243	237	Solido
124	173	161	Solido
133	185	175	Solido
178	250	243	Solido
179	252	251	Solido
149	206	187	Solido
188	254	238	Solido
171	248	240	Solido
175	246	245	Solido
177	250	239	Solido
175	249	245	Solido
119	173	159	Solido
170	245	242	Solido
106	155	150	Solido
170	243	239	Solido
100	142	126	Solido
173	248	235	Solido
184	253	250	Solido
178	253	251	Solido
179	252	244	Solido
39	51	53	Solido
164	236	229	Solido
184	254	249	Solido
181	254	249	Solido
96	138	135	Solido
183	254	250	Solido
183	254	247	Solido
172	239	232	Solido
151	212	191	Solido
111	158	149	Solido
137	197	181	Solido
177	247	240	Solido
86	127	120	Solido
137	198	187	Solido
118	171	157	Solido
169	241	231	Solido
75	110	106	Solido
34	57	74	Solido
172	241	237	Solido
160	228	228	Solido
165	237	224	Solido
154	214	194	Solido
140	193	183	Solido
174	245	242	Solido
174	249	242	Solido
107	146	136	Solido
135	195	184	Solido
90	106	77	Solido
175	244	243	Solido
145	200	187	Solido
115	167	152	Solido
126	183	163	Solido
87	127	121	Solido
109	160	149	Solido
102	151	134	Solido
130	190	177	Solido
145	203	169	Solido
172	238	227	Solido
94	137	138	Solido
172	245	240	Solido
116	157	162	Solido
51	71	73	Solido
147	206	185	Solido
36	62	70	Solido
132	189	174	Solido
67	109	117	Solido
118	169	162	Solido
93	107	71	Solido
165	237	234	Solido
133	188	161	Solido
159	230	201	Solido
167	233	232	Solido
179	251	248	Solido
79	126	107	Solido
125	174	156	Solido
170	243	238	Solido
121	179	172	Solido
171	243	238	Solido
141	199	183	Solido
171	248	246	Solido
175	249	244	Solido
132	183	166	Solido
185	254	251	Solido
101	147	136	Solido
165	237	227	Solido
167	235	207	Solido
138	195	183	Solido
132	188	175	Solido
139	199	179	Solido
164	220	198	Solido
170	238	237	Solido
158	218	195	Solido
109	157	149	Solido
147	209	213	Solido
181	250	242	Solido
136	190	167	Solido
157	218	211	Solido
90	138	124	Solido
101	148	129	Solido
152	211	185	Solido
173	247	234	Solido
181	253	246	Solido
119	176	164	Solido
72	124	146	Solido
178	247	240	Solido
171	235	216	Solido
126	180	162	Solido
142	203	181	Solido
116	170	153	Solido
131	187	180	Solido
167	238	231	Solido
167	237	227	Solido
110	164	159	Solido
176	249	248	Solido
162	222	197	Solido
145	203	187	Solido
147	205	201	Solido
185	254	251	Solido
106	152	142	Solido
122	176	165	Solido
169	239	238	Solido
186	254	251	Solido
164	230	220	Solido
179	252	247	Solido
109	160	158	Solido
181	252	243	Solido
79	121	109	Solido
167	239	233	Solido
171	244	237	Solido
119	165	149	Solido
179	252	249	Solido
165	236	227	Solido
114	164	154	Solido
105	163	165	Solido
133	187	171	Solido
187	254	251	Solido
50	90	119	Solido
160	222	201	Solido
87	131	129	Solido
95	139	123	Solido
171	246	242	Solido
148	214	193	Solido
171	249	241	Solido
163	231	231	Solido
69	93	76	Solido
112	167	157	Solido
173	242	237	Solido
157	218	205	Solido
96	139	138	Solido
86	135	115	Solido
175	245	248	Solido
138	189	184	Solido
136	192	162	Solido
142	202	183	Solido
165	237	231	Solido
154	219	208	Solido
139	192	164	Solido
153	215	194	Solido
95	139	137	Solido
164	234	226	Solido
170	247	240	Solido
130	185	170	Solido
165	236	229	Solido
173	242	233	Solido
159	223	222	Solido
144	210	213	Solido
175	244	242	Solido
181	252	241	Solido
175	246	239	Solido
137	189	171	Solido
171	243	236	Solido
79	95	70	Solido
167	236	227	Solido
170	238	242	Solido
128	183	168	Solido
95	148	129	Solido
139	196	173	Solido
181	254	245	Solido
132	187	176	Solido
139	195	175	Solido
159	232	230	Solido
117	169	161	Solido
134	191	177	Solido
143	202	194	Solido
107	157	155	Solido
121	174	165	Solido
129	183	171	Solido
167	235	234	Solido
184	254	249	Solido
138	201	176	Solido
169	242	238	Solido
170	241	233	Solido
157	220	216	Solido
158	222	196	Solido
133	186	151	Solido
54	93	90	Solido
82	94	61	Solido
140	199	191	Solido
114	168	157	Solido
129	181	165	Solido
179	254	245	Solido
171	241	232	Solido
183	254	252	Solido
161	231	225	Solido
151	221	211	Solido
172	248	244	Solido
138	196	179	Solido
171	241	238	Solido
183	254	248	Solido
97	139	136	Solido
132	183	175	Solido
100	141	121	Solido
150	214	226	Solido
84	149	166	Solido
91	137	117	Solido
130	184	171	Solido
158	212	196	Solido
93	137	136	Solido
145	203	185	Solido
151	209	199	Solido
188	254	254	Solido
97	145	146	Solido
176	247	239	Solido
130	182	173	Solido
93	152	161	Solido
132	183	167	Solido
128	182	170	Solido
180	247	235	Solido
92	137	121	Solido
167	240	233	Solido
115	170	158	Solido
169	242	235	Solido
148	199	178	Solido
179	254	249	Solido
178	250	248	Solido
177	251	247	Solido
153	217	191	Solido
148	202	185	Solido
159	230	228	Solido
111	160	151	Solido
153	222	224	Solido
181	254	250	Solido
161	232	222	Solido
182	252	250	Solido
187	254	247	Solido
140	200	184	Solido
178	250	243	Solido
160	223	221	Solido
133	193	179	Solido
27	50	63	Solido
166	236	230	Solido
124	173	158	Solido
113	161	157	Solido
117	167	151	Solido
132	192	177	Solido
178	254	244	Solido
163	236	230	Solido
141	203	185	Solido
175	247	239	Solido
125	174	157	Solido
88	127	114	Solido
115	162	162	Solido
179	249	242	Solido
178	251	247	Solido
76	116	116	Solido
113	168	156	Solido
171	240	240	Solido
135	187	174	Solido
118	178	160	Solido
170	240	227	Solido
118	166	143	Solido
67	110	102	Solido
126	180	172	Solido
81	122	118	Solido
166	236	229	Solido
176	243	238	Solido
175	249	241	Solido
134	188	168	Solido
175	248	246	Solido
137	194	179	Solido
178	252	242	Solido
51	98	129	Solido
134	189	170	Solido
143	197	184	Solido
179	254	250	Solido
124	175	164	Solido
124	177	167	Solido
168	237	227	Solido
42	54	49	Solido
167	235	225	Solido
135	187	172	Solido
180	253	245	Solido
171	243	239	Solido
173	247	239	Solido
125	183	171	Solido
177	247	246	Solido
155	209	182	Solido
125	178	167	Solido
136	191	179	Solido
155	223	226	Solido
166	237	228	Solido
116	177	166	Solido
173	244	243	Solido
136	191	179	Solido
175	249	242	Solido
101	145	128	Solido
122	181	170	Solido
133	189	173	Solido
143	201	192	Solido
184	252	247	Solido
175	246	243	Solido
122	170	159	Solido
174	246	240	Solido
171	251	245	Solido
105	161	158	Solido
125	182	168	Solido
120	175	178	Solido
78	122	105	Solido
179	252	245	Solido
117	166	142	Solido
177	248	248	Solido
145	204	190	Solido
112	159	154	Solido
98	147	126	Solido
169	239	230	Solido
147	205	185	Solido
121	170	159	Solido
147	206	184	Solido
101	148	148	Solido
113	161	157	Solido
165	232	204	Solido
126	178	165	Solido
175	244	238	Solido
131	189	177	Solido
91	127	135	Solido
114	161	151	Solido
181	254	247	Solido
136	194	179	Solido
163	229	215	Solido
132	178	151	Solido
169	241	237	Solido
168	239	232	Solido
152	219	205	Solido
139	187	183	Solido
98	141	132	Solido
169	233	198	Solido
142	198	178	Solido
133	189	173	Solido
166	234	235	Solido
113	169	169	Solido
104	143	132	Solido
122	176	164	Solido
87	131	130	Solido
131	185	177	Solido
71	89	80	Solido
22	43	53	Solido
115	161	153	Solido
167	235	232	Solido
117	171	164	Solido
140	201	193	Solido
180	252	250	Solido
172	246	243	Solido
179	250	243	Solido
128	181	168	Solido
88	129	113	Solido
116	170	161	Solido
167	238	228	Solido
81	133	121	Solido
72	107	108	Solido
84	123	109	Solido
145	206	188	Solido
149	209	191	Solido
99	134	136	Solido
180	253	248	Solido
109	157	147	Solido
173	247	242	Solido
102	156	145	Solido
128	180	168	Solido
174	247	235	Solido
118	173	161	Solido
136	191	175	Solido
177	244	234	Solido
84	131	113	Solido
180	250	247	Solido
125	177	170	Solido
172	247	241	Solido
175	247	236	Solido
167	237	233	Solido
146	204	197	Solido
123	169	149	Solido
105	165	161	Solido
164	235	226	Solido
72	109	105	Solido
177	250	240	Solido
171	248	243	Solido
176	249	241	Solido
138	196	195	Solido
177	249	243	Solido
75	111	106	Solido
165	238	235	Solido
140	197	179	Solido
113	161	142	Solido
106	154	147	Solido
166	235	233	Solido
104	151	146	Solido
182	254	252	Solido
108	159	150	Solido
163	231	231	Solido
167	242	238	Solido
167	235	232	Solido
137	193	173	Solido
170	241	229	Solido
105	149	153	Solido
55	98	97	Solido
120	170	164	Solido
130	183	175	Solido
135	193	175	Solido
75	116	110	Solido
175	244	243	Solido
173	246	243	Solido
147	214	217	Solido
167	239	235	Solido
100	143	139	Solido
180	252	244	Solido
114	159	153	Solido
181	254	248	Solido
85	136	123	Solido
109	164	145	Solido
166	234	229	Solido
122	168	156	Solido
108	152	137	Solido
178	250	247	Solido
178	248	238	Solido
47	86	121	Solido
151	211	192	Solido
157	226	218	Solido
161	227	195	Solido
175	249	240	Solido
116	164	153	Solido
146	206	183	Solido
122	174	168	Solido
121	171	165	Solido
156	229	227	Solido
120	166	163	Solido
95	147	143	Solido
177	249	241	Solido
105	151	132	Solido
177	252	248	Solido
129	183	165	Solido
142	199	185	Solido
128	188	177	Solido
160	233	226	Solido
120	164	163	Solido
178	252	247	Solido
107	149	144	Solido
174	251	244	Solido
45	68	59	Solido
90	153	168	Solido
180	252	247	Solido
141	201	184	Solido
170	240	240	Solido
175	244	239	Solido
95	136	126	Solido
162	233	223	Solido
119	176	163	Solido
166	237	226	Solido
164	224	202	Solido
172	243	237	Solido
150	210	211	Solido
184	254	249	Solido
142	204	209	Solido
98	146	131	Solido
63	101	126	Solido
91	131	117	Solido
171	243	233	Solido
171	243	238	Solido
180	253	250	Solido
167	240	236	Solido
121	179	181	Solido
180	251	241	Solido
179	251	242	Solido
163	234	233	Solido
141	191	170	Solido
120	176	162	Solido
130	189	184	Solido
103	144	129	Solido
174	249	243	Solido
80	123	105	Solido
183	254	252	Solido
170	238	236	Solido
136	191	169	Solido
167	236	214	Solido
168	234	233	Solido
87	122	134	Solido
142	209	189	Solido
109	160	153	Solido
130	180	173	Solido
179	250	244	Solido
92	136	121	Solido
35	62	69	Solido
125	177	171	Solido
38	68	67	Solido
169	242	235	Solido
183	253	248	Solido
181	254	243	Solido
113	157	151	Solido
136	193	181	Solido
137	201	191	Solido
127	181	167	Solido
128	180	163	Solido
174	246	244	Solido
124	181	169	Solido
168	240	234	Solido
132	186	169	Solido
97	141	120	Solido
69	109	97	Solido
168	240	232	Solido
109	156	135	Solido
138	196	181	Solido
184	254	249	Solido
176	247	243	Solido
175	249	242	Solido
131	182	174	Solido
129	186	171	Solido
157	209	184	Solido
137	190	173	Solido
172	246	239	Solido
109	153	135	Solido
167	233	233	Solido
149	210	193	Solido
175	249	247	Solido
171	244	240	Solido
126	177	165	Solido
163	230	228	Solido
167	239	234	Solido
173	245	241	Solido
179	254	248	Solido
129	185	172	Solido
141	207	211	Solido
179	252	249	Solido
108	157	132	Solido
109	156	154	Solido
97	139	126	Solido
141	194	175	Solido
173	248	234	Solido
173	243	241	Solido
149	205	190	Solido
91	139	124	Solido
169	237	226	Solido
123	178	171	Solido
127	178	166	Solido
117	170	160	Solido
143	201	181	Solido
179	254	248	Solido
186	254	252	Solido
141	195	177	Solido
175	249	240	Solido
171	244	239	Solido
116	173	159	Solido
132	187	164	Solido
118	174	158	Solido
126	176	163	Solido
139	189	183	Solido
118	169	162	Solido
175	249	240	Solido
171	244	243	Solido
173	245	241	Solido
179	253	246	Solido
169	241	232	Solido
110	164	157	Solido
167	242	240	Solido
175	249	244	Solido
170	240	234	Solido
171	246	240	Solido
172	247	239	Solido
139	198	176	Solido
159	217	203	Solido
106	155	148	Solido
121	171	165	Solido
141	200	176	Solido
102	152	147	Solido
127	183	173	Solido
93	139	145	Solido
161	230	211	Solido
48	68	68	Solido
69	109	104	Solido
149	216	209	Solido
105	159	153	Solido
117	162	162	Solido
111	167	159	Solido
182	254	251	Solido
99	149	126	Solido
141	197	173	Solido
173	249	246	Solido
158	217	198	Solido
185	254	247	Solido
133	185	165	Solido
185	254	251	Solido
78	121	116	Solido
182	254	249	Solido
175	251	246	Solido
170	243	238	Solido
170	246	240	Solido
157	224	223	Solido
177	249	244	Solido
142	200	183	Solido
179	253	247	Solido
179	252	246	Solido
146	213	189	Solido
171	248	239	Solido
175	243	231	Solido
182	254	247	Solido
71	117	116	Solido
145	207	196	Solido
179	253	249	Solido
101	152	150	Solido
123	181	165	Solido
159	220	213	Solido
129	181	165	Solido
109	159	148	Solido
134	187	175	Solido
177	252	247	Solido
175	246	244	Solido
181	254	251	Solido
166	233	229	Solido
178	250	241	Solido
171	243	238	Solido
162	232	223	Solido
127	179	161	Solido
126	180	175	Solido
183	249	234	Solido
174	250	236	Solido
122	176	161	Solido
173	246	244	Solido
168	242	234	Solido
122	181	169	Solido
146	207	191	Solido
152	212	203	Solido
141	199	191	Solido
95	144	150	Solido
172	248	239	Solido
137	194	191	Solido
141	202	187	Solido
163	237	230	Solido
128	185	177	Solido
179	250	243	Solido
131	191	178	Solido
117	169	158	Solido
81	96	62	Solido
94	137	127	Solido
163	236	231	Solido
135	190	170	Solido
83	127	123	Solido
128	181	159	Solido
105	150	146	Solido
177	250	248	Solido
114	167	156	Solido
125	178	168	Solido
127	181	161	Solido
173	243	240	Solido
116	172	165	Solido
177	248	241	Solido
178	249	248	Solido
164	232	233	Solido
135	191	168	Solido
180	254	250	Solido
138	191	190	Solido
110	160	155	Solido
153	208	191	Solido
173	244	236	Solido
146	201	195	Solido
175	246	242	Solido
141	193	178	Solido
129	182	169	Solido
144	203	198	Solido
117	159	155	Solido
166	238	242	Solido
171	244	236	Solido
36	49	48	Solido
163	236	235	Solido
135	182	168	Solido
141	199	195	Solido
153	214	226	Solido
146	208	184	Solido
136	189	177	Solido
182	254	250	Solido
169	246	244	Solido
135	190	174	Solido
127	177	152	Solido
128	185	171	Solido
157	222	215	Solido
155	222	212	Solido
177	251	249	Solido
165	237	226	Solido
148	199	173	Solido
166	237	230	Solido
178	252	247	Solido
147	203	187	Solido
84	137	143	Solido
120	173	143	Solido
101	158	138	Solido
167	238	229	Solido
117	171	158	Solido
74	112	124	Solido
119	171	157	Solido
173	249	243	Solido
171	244	240	Solido
170	239	239	Solido
72	105	108	Solido
122	176	163	Solido
116	171	147	Solido
163	236	228	Solido
101	148	147	Solido
95	141	145	Solido
179	251	246	Solido
178	252	248	Solido
132	183	168	Solido
171	245	236	Solido
126	181	165	Solido
129	181	166	Solido
94	109	70	Solido
45	65	73	Solido
141	197	187	Solido
175	245	241	Solido
169	241	239	Solido
69	121	145	Solido
166	235	224	Solido
135	189	160	Solido
167	240	234	Solido
171	242	237	Solido
166	235	228	Solido
168	238	235	Solido
131	186	187	Solido
124	172	148	Solido
161	232	219	Solido
112	162	136	Solido
149	209	190	Solido
88	136	127	Solido
163	233	223	Solido
135	199	190	Solido
151	208	199	Solido
183	254	252	Solido
117	168	155	Solido
85	134	135	Solido
113	161	152	Solido
145	206	199	Solido
182	251	249	Solido
184	254	250	Solido
166	237	235	Solido
168	241	235	Solido
130	187	173	Solido
114	163	156	Solido
105	155	137	Solido
57	100	101	Solido
101	148	130	Solido
136	195	181	Solido
115	167	152	Solido
86	129	115	Solido
135	193	180	Solido
125	176	163	Solido
174	248	242	Solido
173	243	243	Solido
157	226	218	Solido
154	218	207	Solido
175	249	249	Solido
116	165	153	Solido
180	254	250	Solido
181	254	250	Solido
85	124	125	Solido
148	203	179	Solido
104	158	155	Solido
173	248	243	Solido
169	240	234	Solido
109	161	153	Solido
102	153	133	Solido
172	242	240	Solido
175	249	240	Solido
174	245	235	Solido
143	214	217	Solido
165	236	234	Solido
122	170	148	Solido
169	242	238	Solido
140	196	179	Solido
109	166	156	Solido
101	156	156	Solido
102	157	149	Solido
171	244	236	Solido
110	170	167	Solido
170	243	236	Solido
177	249	245	Solido
115	160	145	Solido
115	166	155	Solido
137	199	210	Solido
149	210	193	Solido
174	248	243	Solido
177	248	244	Solido
158	224	212	Solido
173	245	235	Solido
101	155	150	Solido
181	254	251	Solido
165	239	230	Solido
120	174	161	Solido
96	138	122	Solido
174	246	240	Solido
177	248	248	Solido
183	254	251	Solido
162	233	226	Solido
111	158	150	Solido
72	109	94	Solido
172	244	236	Solido
154	212	198	Solido
121	177	176	Solido
181	254	251	Solido
128	183	177	Solido
86	126	119	Solido
108	155	146	Solido
63	112	104	Solido
73	115	104	Solido
153	214	208	Solido
117	169	169	Solido
127	174	169	Solido
158	228	230	Solido
135	190	174	Solido
77	100	77	Solido
183	253	247	Solido
169	242	240	Solido
181	254	250	Solido
122	178	175	Solido
150	213	187	Solido
134	193	196	Solido
181	252	245	Solido
180	254	248	Solido
177	251	249	Solido
123	172	157	Solido
61	78	72	Solido
162	223	191	Solido
153	216	193	Solido
179	254	252	Solido
185	254	250	Solido
64	107	123	Solido
143	199	179	Solido
75	112	116	Solido
180	251	239	Solido
179	248	243	Solido
174	249	245	Solido
145	202	181	Solido
177	249	247	Solido
170	239	229	Solido
173	244	239	Solido
170	244	239	Solido
175	249	244	Solido
136	187	176	Solido
126	179	168	Solido
171	247	241	Solido
120	173	157	Solido
172	243	237	Solido
95	138	132	Solido
183	254	248	Solido
159	222	205	Solido
108	165	162	Solido
76	116	106	Solido
179	249	231	Solido
109	157	134	Solido
173	245	239	Solido
180	254	245	Solido
127	183	171	Solido
159	232	228	Solido
138	187	175	Solido
109	171	156	Solido
176	248	243	Solido
114	171	167	Solido
183	254	250	Solido
133	188	181	Solido
173	247	241	Solido
114	163	136	Solido
149	211	185	Solido
173	248	242	Solido
159	227	218	Solido
131	176	159	Solido
113	161	153	Solido
123	175	165	Solido
141	199	184	Solido
84	98	68	Solido
166	230	231	Solido
141	198	178	Solido
61	85	77	Solido
86	129	117	Solido
167	235	235	Solido
148	211	193	Solido
74	124	148	Solido
171	240	239	Solido
175	251	243	Solido
167	240	233	Solido
103	153	153	Solido
152	213	199	Solido
164	234	229	Solido
131	187	175	Solido
151	218	217	Solido
179	253	246	Solido
147	204	188	Solido
159	224	220	Solido
175	247	241	Solido
151	218	218	Solido
137	194	183	Solido
138	195	189	Solido
134	196	176	Solido
127	177	185	Solido
103	150	132	Solido
77	120	122	Solido
100	144	128	Solido
155	217	202	Solido
66	110	106	Solido
180	252	248	Solido
152	206	189	Solido
165	238	235	Solido
181	253	251	Solido
142	198	189	Solido
35	63	59	Solido
178	253	249	Solido
156	224	216	Solido
134	189	173	Solido
154	217	198	Solido
125	181	171	Solido
145	201	188	Solido
168	238	242	Solido
143	201	194	Solido
152	213	194	Solido
111	162	154	Solido
90	137	140	Solido
78	92	71	Solido
166	230	215	Solido
175	244	243	Solido
103	157	149	Solido
170	245	240	Solido
169	235	228	Solido
113	158	138	Solido
92	141	139	Solido
107	153	145	Solido
135	191	176	Solido
83	125	144	Solido
175	246	239	Solido
67	88	68	Solido
167	238	229	Solido
176	244	226	Solido
168	245	238	Solido
169	241	235	Solido
167	229	217	Solido
151	213	192	Solido
139	197	192	Solido
164	229	224	Solido
170	233	220	Solido
179	250	247	Solido
134	189	185	Solido
175	244	237	Solido
183	254	252	Solido
162	225	201	Solido
168	240	234	Solido
174	246	238	Solido
104	149	138	Solido
124	180	163	Solido
140	199	180	Solido
117	165	138	Solido
72	109	105	Solido
175	250	242	Solido
173	241	246	Solido
105	153	147	Solido
83	135	140	Solido
109	155	145	Solido
178	252	249	Solido
112	161	154	Solido
119	175	158	Solido
133	188	169	Solido
94	131	139	Solido
64	102	98	Solido
148	206	197	Solido
109	162	157	Solido
130	187	173	Solido
93	152	164	Solido
121	167	162	Solido
117	164	153	Solido
148	203	185	Solido
158	220	206	Solido
184	249	249	Solido
143	199	179	Solido
114	161	162	Solido
147	206	189	Solido
124	170	161	Solido
71	106	107	Solido
125	188	183	Solido
153	215	197	Solido
135	189	173	Solido
131	186	175	Solido
189	254	254	Solido
173	237	234	Solido
115	168	154	Solido
170	244	239	Solido
181	252	249	Solido
164	232	223	Solido
177	252	242	Solido
177	252	247	Solido
179	251	248	Solido
155	226	227	Solido
78	118	109	Solido
144	216	212	Solido
169	245	238	Solido
143	204	200	Solido
174	250	243	Solido
90	142	123	Solido
163	234	228	Solido
29	64	70	Solido
109	166	163	Solido
137	190	177	Solido
158	217	199	Solido
94	150	154	Solido
125	180	162	Solido
179	253	249	Solido
118	160	150	Solido
127	179	169	Solido
170	240	238	Solido
142	200	173	Solido
113	164	158	Solido
110	160	147	Solido
123	179	173	Solido
179	251	248	Solido
118	173	179	Solido
102	145	135	Solido
177	248	242	Solido
98	141	124	Solido
91	141	141	Solido
135	192	175	Solido
123	184	166	Solido
157	223	204	Solido
126	185	178	Solido
138	195	192	Solido
91	137	135	Solido
163	234	229	Solido
129	195	189	Solido
161	231	224	Solido
137	194	189	Solido
138	195	183	Solido
177	248	247	Solido
165	237	224	Solido
173	245	238	Solido
179	252	247	Solido
105	155	156	Solido
85	126	117	Solido
175	248	238	Solido
150	214	195	Solido
69	106	106	Solido
115	165	156	Solido
146	206	188	Solido
179	246	236	Solido
161	234	222	Solido
92	133	119	Solido
180	250	245	Solido
126	181	171	Solido
163	236	228	Solido
98	145	129	Solido
114	164	165	Solido
173	248	244	Solido
103	158	174	Solido
176	248	246	Solido
136	194	179	Solido
177	247	238	Solido
71	116	125	Solido
137	191	169	Solido
169	236	233	Solido
182	254	252	Solido
175	247	242	Solido
167	240	239	Solido
153	224	224	Solido
173	241	238	Solido
179	254	249	Solido
88	132	131	Solido
182	254	248	Solido
74	94	73	Solido
124	178	161	Solido
119	169	154	Solido
184	254	252	Solido
179	251	247	Solido
103	147	129	Solido
85	129	118	Solido
140	199	200	Solido
108	154	151	Solido
109	157	150	Solido
155	213	192	Solido
114	155	159	Solido
180	252	249	Solido
185	254	245	Solido
177	247	242	Solido
96	138	127	Solido
145	198	183	Solido
145	202	197	Solido
127	183	175	Solido
101	152	137	Solido
167	238	234	Solido
88	133	117	Solido
139	197	193	Solido
133	193	176	Solido
179	253	244	Solido
177	249	246	Solido
169	240	236	Solido
95	139	136	Solido
164	233	220	Solido
86	125	127	Solido
169	241	234	Solido
167	240	234	Solido
176	247	243	Solido
167	240	237	Solido
173	246	242	Solido
174	245	242	Solido
126	175	158	Solido
182	254	251	Solido
119	175	150	Solido
177	252	246	Solido
24	55	65	Solido
172	238	236	Solido
154	211	190	Solido
75	114	123	Solido
172	246	230	Solido
105	153	136	Solido
110	156	151	Solido
178	247	241	Solido
143	208	189	Solido
181	253	239	Solido
175	246	243	Solido
130	175	148	Solido
152	216	195	Solido
169	241	240	Solido
131	180	168	Solido
136	197	187	Solido
169	245	235	Solido
179	252	247	Solido
177	250	244	Solido
129	183	164	Solido
170	239	233	Solido
139	196	190	Solido
88	130	135	Solido
153	213	208	Solido
144	197	184	Solido
177	249	245	Solido
134	185	159	Solido
166	238	233	Solido
144	211	214	Solido
137	193	179	Solido
176	246	240	Solido
54	71	71	Solido
140	196	181	Solido
169	239	229	Solido
167	236	231	Solido
132	187	166	Solido
174	244	238	Solido
129	184	169	Solido
175	248	248	Solido
174	242	236	Solido
139	200	190	Solido
151	209	187	Solido
138	196	187	Solido
179	252	246	Solido
145	208	196	Solido
175	251	244	Solido
141	194	178	Solido
147	201	179	Solido
163	232	224	Solido
159	230	231	Solido
165	231	223	Solido
122	174	157	Solido
137	191	180	Solido
165	237	233	Solido
165	232	222	Solido
111	156	132	Solido
144	207	211	Solido
86	130	129	Solido
132	184	169	Solido
164	238	231	Solido
178	249	245	Solido
181	254	248	Solido
57	77	80	Solido
106	162	163	Solido
180	254	251	Solido
174	249	243	Solido
135	188	173	Solido
80	121	109	Solido
141	200	198	Solido
151	227	226	Solido
168	242	234	Solido
177	250	242	Solido
176	247	243	Solido
184	254	249	Solido
159	219	208	Solido
169	242	239	Solido
161	230	220	Solido
103	156	147	Solido
118	183	175	Solido
180	249	243	Solido
163	231	234	Solido
156	222	225	Solido
138	199	181	Solido
123	173	160	Solido
138	197	179	Solido
172	242	239	Solido
179	248	246	Solido
109	156	141	Solido
123	175	155	Solido
179	252	248	Solido
175	248	240	Solido
167	240	234	Solido
177	251	247	Solido
164	222	191	Solido
174	247	244	Solido
125	175	165	Solido
30	65	74	Solido
111	160	134	Solido
75	90	58	Solido
100	157	165	Solido
109	163	161	Solido
104	158	160	Solido
135	185	173	Solido
106	156	144	Solido
149	211	202	Solido
87	136	149	Solido
179	249	241	Solido
143	201	186	Solido
119	167	149	Solido
145	206	194	Solido
177	251	247	Solido
164	235	232	Solido
146	206	187	Solido
164	236	229	Solido
111	166	163	Solido
169	244	233	Solido
169	240	237	Solido
171	244	242	Solido
180	254	247	Solido
161	227	215	Solido
36	47	49	Solido
69	110	100	Solido
105	144	141	Solido
167	244	238	Solido
139	202	185	Solido
126	177	162	Solido
113	164	152	Solido
175	247	241	Solido
122	175	160	Solido
144	208	213	Solido
172	247	240	Solido
171	242	238	Solido
130	185	179	Solido
163	233	221	Solido
73	108	105	Solido
96	144	141	Solido
168	239	232	Solido
106	163	161	Solido
153	214	218	Solido
182	254	250	Solido
169	244	237	Solido
183	254	252	Solido
137	197	176	Solido
113	160	144	Solido
149	218	195	Solido
65	79	53	Solido
169	244	238	Solido
184	254	249	Solido
76	121	112	Solido
136	198	200	Solido
123	179	162	Solido
184	254	253	Solido
167	238	229	Solido
76	93	70	Solido
120	169	163	Solido
120	171	163	Solido
127	187	180	Solido
140	200	186	Solido
130	182	165	Solido
167	237	211	Solido
115	166	147	Solido
175	249	243	Solido
101	163	164	Solido
130	181	165	Solido
158	213	181	Solido
135	189	177	Solido
166	229	222	Solido
169	244	237	Solido
114	165	154	Solido
167	241	239	Solido
171	241	236	Solido
110	162	162	Solido
190	254	254	Solido
182	253	246	Solido
127	177	169	Solido
180	251	242	Solido
179	254	243	Solido
176	247	240	Solido
172	240	230	Solido
110	156	149	Solido
111	156	141	Solido
110	163	151	Solido
111	165	153	Solido
173	243	240	Solido
175	250	242	Solido
139	192	180	Solido
169	242	235	Solido
55	99	91	Solido
32	64	75	Solido
119	169	156	Solido
139	192	174	Solido
131	183	174	Solido
150	210	202	Solido
161	233	223	Solido
173	248	241	Solido
106	154	161	Solido
114	163	155	Solido
180	252	249	Solido
139	197	186	Solido
170	242	236	Solido
179	249	239	Solido
162	233	228	Solido
165	236	229	Solido
181	254	247	Solido
113	175	166	Solido
135	192	179	Solido
132	183	174	Solido
140	209	196	Solido
162	229	221	Solido
135	197	182	Solido
73	110	109	Solido
97	147	123	Solido
135	187	181	Solido
183	254	247	Solido
173	248	240	Solido
146	208	184	Solido
130	186	155	Solido
112	161	135	Solido
148	206	187	Solido
129	183	173	Solido
150	215	209	Solido
128	182	167	Solido
169	238	238	Solido
131	195	180	Solido
171	247	242	Solido
143	203	192	Solido
140	198	179	Solido
179	249	247	Solido
149	207	196	Solido
170	243	240	Solido
129	176	159	Solido
81	130	117	Solido
109	161	147	Solido
98	143	119	Solido
130	182	175	Solido
132	183	172	Solido
124	177	159	Solido
136	189	170	Solido
143	199	183	Solido
167	240	235	Solido
173	245	237	Solido
137	191	178	Solido
173	247	243	Solido
134	183	162	Solido
128	181	175	Solido
115	167	159	Solido
172	242	237	Solido
147	212	217	Solido
113	165	160	Solido
130	179	168	Solido
171	241	230	Solido
169	243	241	Solido
135	190	170	Solido
135	194	175	Solido
130	186	178	Solido
132	190	174	Solido
148	205	183	Solido
138	193	177	Solido
174	247	243	Solido
92	135	118	Solido
56	74	60	Solido
140	194	189	Solido
173	244	232	Solido
178	252	244	Solido
123	169	146	Solido
124	175	163	Solido
156	220	225	Solido
137	190	154	Solido
139	199	190	Solido
159	228	228	Solido
179	251	225	Solido
75	116	129	Solido
128	176	167	Solido
128	177	167	Solido
180	254	248	Solido
123	171	167	Solido
181	251	241	Solido
179	251	242	Solido
140	190	177	Solido
104	151	147	Solido
179	252	248	Solido
177	249	248	Solido
159	230	224	Solido
85	99	63	Solido
115	166	160	Solido
135	191	180	Solido
176	246	238	Solido
100	147	144	Solido
179	253	246	Solido
168	237	212	Solido
139	198	178	Solido
40	64	68	Solido
169	241	236	Solido
92	139	136	Solido
169	238	235	Solido
146	203	181	Solido
155	212	197	Solido
87	134	113	Solido
176	250	244	Solido
139	197	173	Solido
168	243	234	Solido
179	252	249	Solido
141	200	191	Solido
179	250	245	Solido
144	198	184	Solido
88	132	117	Solido
95	139	129	Solido
171	243	238	Solido
135	189	172	Solido
177	248	247	Solido
177	250	245	Solido
119	178	171	Solido
182	254	250	Solido
105	162	153	Solido
166	240	231	Solido
181	252	246	Solido
196	254	254	Solido
158	219	196	Solido
175	247	244	Solido
149	218	199	Solido
108	151	127	Solido
142	197	180	Solido
101	149	144	Solido
127	185	174	Solido
173	242	229	Solido
143	208	190	Solido
176	246	235	Solido
117	171	149	Solido
133	186	169	Solido
125	180	167	Solido
124	183	171	Solido
81	122	147	Solido
112	164	156	Solido
114	162	152	Solido
155	218	199	Solido
122	179	165	Solido
140	194	176	Solido
110	155	146	Solido
173	247	239	Solido
114	165	144	Solido
69	112	102	Solido
151	208	186	Solido
185	254	253	Solido
128	189	191	Solido
172	244	243	Solido
111	156	153	Solido
147	212	203	Solido
91	132	119	Solido
135	199	189	Solido
127	177	169	Solido
180	252	250	Solido
115	163	151	Solido
122	191	194	Solido
153	216	192	Solido
93	133	141	Solido
141	203	205	Solido
98	145	147	Solido
178	252	249	Solido
143	206	184	Solido
146	208	196	Solido
125	180	167	Solido
148	211	215	Solido
181	252	248	Solido
36	65	76	Solido
169	241	235	Solido
169	244	238	Solido
169	238	232	Solido
179	254	249	Solido
31	56	64	Solido
127	185	172	Solido
121	176	164	Solido
114	168	161	Solido
181	254	250	Solido
184	254	251	Solido
171	244	240	Solido
112	163	158	Solido
127	180	162	Solido
125	176	163	Solido
165	237	229	Solido
48	86	80	Solido
144	202	188	Solido
161	228	218	Solido
109	163	160	Solido
177	249	246	Solido
179	251	248	Solido
119	171	158	Solido
149	204	181	Solido
117	170	160	Solido
50	91	90	Solido
184	250	232	Solido
143	202	196	Solido
135	191	177	Solido
169	243	235	Solido
168	241	231	Solido
178	252	248	Solido
178	251	238	Solido
187	254	250	Solido
81	125	126	Solido
165	235	224	Solido
181	253	246	Solido
92	140	141	Solido
77	122	133	Solido
171	242	239	Solido
171	244	240	Solido
179	250	243	Solido
162	232	223	Solido
131	190	175	Solido
130	181	163	Solido
92	134	119	Solido
117	163	159	Solido
170	243	237	Solido
178	249	248	Solido
86	134	115	Solido
23	54	69	Solido
112	166	147	Solido
145	202	186	Solido
84	119	110	Solido
121	178	147	Solido
175	249	245	Solido
179	250	246	Solido
183	254	251	Solido
173	247	243	Solido
163	239	236	Solido
145	200	187	Solido
185	254	251	Solido
172	248	241	Solido
176	252	242	Solido
171	243	241	Solido
171	247	242	Solido
105	146	125	Solido
132	186	163	Solido
96	143	127	Solido
104	156	148	Solido
99	144	136	Solido
151	210	192	Solido
178	252	246	Solido
169	239	239	Solido
107	157	155	Solido
171	246	240	Solido
171	243	232	Solido
174	248	244	Solido
174	244	237	Solido
151	211	199	Solido
142	199	178	Solido
134	189	179	Solido
131	187	173	Solido
175	250	249	Solido
156	214	183	Solido
143	203	183	Solido
104	153	138	Solido
165	237	233	Solido
166	234	212	Solido
157	220	206	Solido
133	185	173	Solido
181	252	245	Solido
131	188	172	Solido
178	250	248	Solido
142	196	178	Solido
174	243	231	Solido
112	156	143	Solido
82	127	113	Solido
144	198	185	Solido
183	254	250	Solido
109	156	154	Solido
92	132	125	Solido
155	228	227	Solido
119	167	155	Solido
90	148	166	Solido
174	249	243	Solido
132	187	179	Solido
177	252	245	Solido
152	209	184	Solido
175	246	238	Solido
135	184	166	Solido
122	172	164	Solido
146	198	172	Solido
172	246	240	Solido
72	114	122	Solido
81	103	75	Solido
140	197	179	Solido
156	218	204	Solido
179	251	238	Solido
181	252	246	Solido
109	169	178	Solido
108	155	159	Solido
69	89	69	Solido
194	254	247	Solido
146	215	217	Solido
128	191	181	Solido
164	230	218	Solido
165	231	218	Solido
161	230	224	Solido
175	247	237	Solido
174	248	241	Solido
147	209	188	Solido
84	143	164	Solido
77	97	76	Solido
88	137	125	Solido
133	193	185	Solido
104	157	139	Solido
169	243	239	Solido
73	95	92	Solido
175	246	245	Solido
125	178	165	Solido
124	183	178	Solido
75	117	113	Solido
183	254	249	Solido
177	250	240	Solido
125	180	166	Solido
137	195	180	Solido
166	235	230	Solido
151	213	200	Solido
167	229	227	Solido
177	249	243	Solido
102	146	128	Solido
175	249	246	Solido
138	195	175	Solido
164	226	201	Solido
132	185	166	Solido
159	224	230	Solido
114	163	150	Solido
116	168	154	Solido
139	196	181	Solido
173	239	229	Solido
103	147	152	Solido
147	209	204	Solido
117	167	149	Solido
161	232	231	Solido
129	182	175	Solido
115	169	163	Solido
170	240	237	Solido
115	169	163	Solido
171	244	239	Solido
142	203	188	Solido
153	215	211	Solido
144	203	185	Solido
132	192	175	Solido
116	168	156	Solido
127	186	176	Solido
116	165	148	Solido
167	240	240	Solido
131	186	174	Solido
176	248	247	Solido
164	234	224	Solido
142	200	175	Solido
165	236	226	Solido
91	152	167	Solido
115	165	165	Solido
113	169	169	Solido
116	173	167	Solido
143	203	197	Solido
177	246	240	Solido
173	245	242	Solido
130	185	168	Solido
91	132	118	Solido
175	247	239	Solido
174	248	243	Solido
117	169	160	Solido
159	222	200	Solido
169	242	234	Solido
128	181	173	Solido
97	143	135	Solido
135	196	189	Solido
175	245	240	Solido
31	55	63	Solido
119	176	169	Solido
170	246	238	Solido
60	106	101	Solido
183	254	249	Solido
138	198	183	Solido
167	235	222	Solido
110	154	136	Solido
141	200	185	Solido
167	241	230	Solido
175	238	233	Solido
138	198	187	Solido
175	246	245	Solido
171	241	238	Solido
178	251	248	Solido
99	143	141	Solido
104	149	141	Solido
162	236	237	Solido
123	179	171	Solido
140	200	188	Solido
109	148	137	Solido
170	244	242	Solido
159	224	214	Solido
154	216	204	Solido
178	253	247	Solido
169	242	238	Solido
169	238	231	Solido
118	161	144	Solido
114	164	162	Solido
124	177	151	Solido
135	191	183	Solido
137	192	173	Solido
146	206	188	Solido
140	200	180	Solido
59	98	90	Solido
112	166	158	Solido
177	250	246	Solido
50	62	45	Solido
173	249	243	Solido
135	192	175	Solido
18	40	66	Solido
168	240	242	Solido
143	203	184	Solido
81	125	104	Solido
173	245	241	Solido
172	244	245	Solido
84	135	118	Solido
167	239	230	Solido
173	245	240	Solido
171	243	240	Solido
180	253	251	Solido
173	244	239	Solido
82	125	115	Solido
120	180	167	Solido
108	155	156	Solido
138	197	196	Solido
153	215	189	Solido
175	249	240	Solido
164	235	226	Solido
175	249	241	Solido
181	253	245	Solido
69	104	102	Solido
181	254	252	Solido
146	204	185	Solido
106	161	159	Solido
131	184	177	Solido
161	231	225	Solido
141	197	193	Solido
143	205	186	Solido
154	214	191	Solido
150	205	187	Solido
90	134	117	Solido
173	247	244	Solido
160	226	214	Solido
179	252	246	Solido
173	244	237	Solido
129	191	176	Solido
103	155	135	Solido
166	239	232	Solido
69	108	107	Solido
152	219	192	Solido
156	213	193	Solido
179	250	243	Solido
166	243	239	Solido
179	254	248	Solido
99	148	143	Solido
154	211	196	Solido
172	246	234	Solido
167	237	225	Solido
97	145	130	Solido
143	201	194	Solido
145	202	197	Solido
169	243	239	Solido
149	215	191	Solido
134	191	173	Solido
183	254	250	Solido
124	173	158	Solido
171	244	236	Solido
110	162	147	Solido
154	220	207	Solido
163	235	230	Solido
178	249	246	Solido
55	67	47	Solido
167	240	230	Solido
101	149	155	Solido
126	179	167	Solido
140	194	175	Solido
171	244	241	Solido
136	185	164	Solido
116	166	154	Solido
147	206	198	Solido
140	194	182	Solido
91	138	126	Solido
75	116	124	Solido
104	150	145	Solido
97	147	127	Solido
167	244	237	Solido
171	241	239	Solido
167	240	228	Solido
84	123	109	Solido
167	237	229	Solido
83	101	72	Solido
164	235	222	Solido
109	161	151	Solido
152	207	178	Solido
141	199	177	Solido
177	247	241	Solido
167	238	234	Solido
153	212	192	Solido
120	171	161	Solido
110	158	154	Solido
111	157	147	Solido
182	254	248	Solido
144	208	205	Solido
96	154	163	Solido
178	251	247	Solido
183	254	251	Solido
143	204	195	Solido
165	239	235	Solido
164	236	225	Solido
177	246	238	Solido
133	183	177	Solido
142	201	192	Solido
115	160	171	Solido
179	250	248	Solido
128	188	171	Solido
163	229	213	Solido
115	163	152	Solido
151	210	187	Solido
146	212	194	Solido
164	240	236	Solido
175	251	240	Solido
174	245	236	Solido
129	186	186	Solido
144	202	191	Solido
175	246	242	Solido
110	164	159	Solido
180	250	246	Solido
169	241	232	Solido
107	160	143	Solido
179	254	248	Solido
105	158	163	Solido
171	244	241	Solido
117	168	155	Solido
166	243	241	Solido
108	157	146	Solido
126	179	169	Solido
118	169	156	Solido
139	195	175	Solido
91	133	131	Solido
174	243	240	Solido
167	239	235	Solido
174	249	242	Solido
170	242	235	Solido
136	193	199	Solido
172	248	243	Solido
123	173	163	Solido
175	249	244	Solido
129	184	182	Solido
181	254	245	Solido
138	189	174	Solido
109	163	155	Solido
114	165	141	Solido
96	142	141	Solido
131	184	186	Solido
179	252	247	Solido
89	133	120	Solido
92	142	137	Solido
126	176	166	Solido
99	147	143	Solido
144	208	195	Solido
157	223	209	Solido
175	246	243	Solido
90	111	81	Solido
135	187	175	Solido
172	247	243	Solido
165	237	231	Solido
173	246	237	Solido
163	234	230	Solido
157	216	190	Solido
142	196	181	Solido
135	196	186	Solido
181	252	238	Solido
169	237	233	Solido
73	116	112	Solido
159	226	217	Solido
110	159	147	Solido
116	165	156	Solido
178	249	247	Solido
137	197	194	Solido
134	195	180	Solido
172	244	242	Solido
171	243	241	Solido
106	165	174	Solido
173	247	243	Solido
178	250	244	Solido
179	252	237	Solido
174	245	242	Solido
175	250	247	Solido
177	247	244	Solido
164	237	235	Solido
177	249	246	Solido
173	247	241	Solido
171	243	242	Solido
176	251	243	Solido
173	244	240	Solido
175	247	244	Solido
175	250	247	Solido
175	245	241	Solido
174	248	244	Solido
175	245	241	Solido
175	247	247	Solido
157	224	228	Solido
175	248	243	Solido
176	248	245	Solido
171	242	239	Solido
178	249	244	Solido
172	245	240	Solido
173	246	239	Solido
174	249	243	Solido
172	242	239	Solido
173	246	244	Solido
173	245	240	Solido
177	249	243	Solido
180	253	246	Solido
161	226	228	Solido
155	225	222	Solido
173	246	242	Solido
167	238	234	Solido
175	247	243	Solido
171	241	235	Solido
174	248	243	Solido
180	253	234	Solido
176	247	246	Solido
170	243	239	Solido
169	237	236	Solido
175	248	244	Solido
167	235	231	Solido
179	252	245	Solido
177	248	242	Solido
185	254	244	Solido
174	247	245	Solido
176	251	247	Solido
174	248	239	Solido
175	245	243	Solido
174	246	242	Solido
121	182	182	Solido
178	249	247	Solido
178	250	244	Solido
169	241	237	Solido
173	244	241	Solido
173	244	240	Solido
166	237	238	Solido
175	248	242	Solido
170	242	237	Solido
106	162	171	Solido
175	248	244	Solido
174	245	242	Solido
168	238	237	Solido
163	233	234	Solido
173	244	239	Solido
172	244	239	Solido
177	247	243	Solido
178	248	243	Solido
162	228	227	Solido
175	248	242	Solido
185	254	243	Solido
174	246	240	Solido
157	226	225	Solido
181	253	248	Solido
171	242	238	Solido
175	247	242	Solido
177	248	243	Solido
168	240	234	Solido
178	248	245	Solido
172	243	242	Solido
168	235	233	Solido
171	242	238	Solido
177	247	243	Solido
171	243	238	Solido
175	248	243	Solido
180	251	248	Solido
172	243	241	Solido
166	238	223	Solido
171	243	240	Solido
175	245	241	Solido
159	226	228	Solido
173	244	241	Solido
174	247	241	Solido
178	251	243	Solido
169	239	233	Solido
171	243	239	Solido
169	241	238	Solido
175	247	239	Solido
118	181	179	Solido
172	244	242	Solido
173	245	240	Solido
183	254	251	Solido
176	245	237	Solido
122	180	188	Solido
176	248	245	Solido
179	252	248	Solido
177	252	248	Solido
174	246	242	Solido
183	254	248	Solido
177	247	240	Solido
166	236	235	Solido
181	253	249	Solido
175	248	243	Solido
171	242	239	Solido
175	246	242	Solido
167	237	233	Solido
174	247	238	Solido
179	253	248	Solido
172	243	236	Solido
173	244	240	Solido
155	220	224	Solido
176	249	245	Solido
168	238	237	Solido
172	243	238	Solido
176	249	243	Solido
166	238	236	Solido
179	250	247	Solido
165	235	230	Solido
173	244	238	Solido
179	249	244	Solido
163	233	228	Solido
168	242	239	Solido
169	240	238	Solido
173	246	242	Solido
176	249	244	Solido
181	254	247	Solido
174	245	240	Solido
177	246	241	Solido
173	245	241	Solido
172	246	240	Solido
177	252	235	Solido
180	251	244	Solido
175	247	246	Solido
169	239	234	Solido
180	252	249	Solido
169	243	238	Solido
117	173	180	Solido
176	248	243	Solido
175	247	245	Solido
177	246	241	Solido
171	242	237	Solido
177	246	242	Solido
171	242	240	Solido
175	247	243	Solido
177	249	247	Solido
169	243	238	Solido
179	252	247	Solido
170	241	240	Solido
173	245	244	Solido
180	254	250	Solido
171	243	239	Solido
169	241	240	Solido
163	235	228	Solido
173	245	240	Solido
173	243	242	Solido
174	246	242	Solido
166	236	235	Solido
172	246	242	Solido
178	252	246	Solido
171	240	240	Solido
176	244	242	Solido
177	249	244	Solido
175	249	242	Solido
179	251	242	Solido
171	243	240	Solido
167	238	235	Solido
173	248	243	Solido
175	249	244	Solido
171	238	238	Solido
175	245	242	Solido
179	252	248	Solido
171	246	241	Solido
175	244	243	Solido
169	242	236	Solido
171	239	235	Solido
177	250	245	Solido
172	243	239	Solido
174	246	242	Solido
170	239	237	Solido
175	246	238	Solido
172	242	235	Solido
172	243	242	Solido
172	243	240	Solido
167	235	232	Solido
167	239	234	Solido
174	247	244	Solido
176	249	245	Solido
176	248	243	Solido
174	246	241	Solido
175	248	245	Solido
177	245	245	Solido
173	244	239	Solido
174	246	240	Solido
177	249	244	Solido
178	252	248	Solido
175	249	245	Solido
171	242	240	Solido
177	249	245	Solido
173	246	244	Solido
174	244	240	Solido
175	247	245	Solido
172	240	240	Solido
175	246	241	Solido
171	239	237	Solido
170	241	237	Solido
172	244	242	Solido
169	240	238	Solido
179	250	233	Solido
188	254	243	Solido
177	248	246	Solido
176	248	244	Solido
169	240	235	Solido
178	250	241	Solido
171	243	240	Solido
167	239	237	Solido
174	247	244	Solido
173	243	239	Solido
174	246	243	Solido
175	247	241	Solido
179	250	245	Solido
177	250	244	Solido
171	244	240	Solido
172	245	239	Solido
157	221	228	Solido
174	246	244	Solido
163	234	231	Solido
170	244	239	Solido
172	246	241	Solido
176	248	243	Solido
172	243	240	Solido
177	248	245	Solido
175	248	245	Solido
171	241	232	Solido
174	249	242	Solido
171	243	240	Solido
174	246	240	Solido
173	246	242	Solido
173	246	240	Solido
165	235	233	Solido
172	244	238	Solido
171	244	240	Solido
174	247	243	Solido
171	240	238	Solido
171	244	239	Solido
179	253	245	Solido
174	246	241	Solido
174	244	242	Solido
162	231	229	Solido
171	246	240	Solido
169	243	242	Solido
171	241	237	Solido
180	254	247	Solido
171	244	241	Solido
90	141	158	Solido
174	244	241	Solido
152	217	222	Solido
164	231	230	Solido
171	243	240	Solido
179	251	248	Solido
177	249	246	Solido
173	247	243	Solido
172	244	233	Solido
177	249	245	Solido
178	251	246	Solido
169	239	237	Solido
176	247	246	Solido
171	243	242	Solido
167	238	236	Solido
172	243	239	Solido
165	234	232	Solido
171	242	238	Solido
173	248	244	Solido
168	235	233	Solido
171	243	241	Solido
171	242	239	Solido
181	254	249	Solido
168	239	237	Solido
161	229	228	Solido
178	251	246	Solido
176	248	244	Solido
169	240	237	Solido
171	241	241	Solido
159	220	229	Solido
173	246	242	Solido
176	247	243	Solido
178	251	246	Solido
172	242	241	Solido
151	220	216	Solido
173	246	241	Solido
173	245	235	Solido
168	239	237	Solido
173	245	239	Solido
168	234	235	Solido
169	239	238	Solido
172	242	237	Solido
172	245	241	Solido
173	245	244	Solido
180	250	246	Solido
157	224	222	Solido
167	238	238	Solido
158	222	223	Solido
173	241	238	Solido
174	246	241	Solido
175	248	244	Solido
134	197	189	Solido
177	247	237	Solido
171	243	241	Solido
171	242	238	Solido
178	250	246	Solido
167	238	235	Solido
174	247	243	Solido
160	227	226	Solido
176	251	245	Solido
177	248	245	Solido
182	254	243	Solido
176	250	246	Solido
173	245	240	Solido
173	246	240	Solido
176	247	242	Solido
170	243	239	Solido
172	244	237	Solido
171	244	242	Solido
172	241	238	Solido
176	248	245	Solido
162	232	228	Solido
171	241	237	Solido
169	239	235	Solido
177	250	247	Solido
175	246	244	Solido
178	251	239	Solido
168	237	235	Solido
172	242	240	Solido
173	246	237	Solido
161	228	234	Solido
177	251	247	Solido
173	243	240	Solido
177	249	246	Solido
169	240	237	Solido
173	246	241	Solido
175	246	242	Solido
174	246	243	Solido
166	236	232	Solido
171	242	238	Solido
159	223	223	Solido
155	222	224	Solido
169	240	235	Solido
169	239	238	Solido
175	247	243	Solido
177	250	240	Solido
175	247	241	Solido
174	247	241	Solido
171	241	237	Solido
160	229	228	Solido
175	248	243	Solido
158	230	224	Solido
184	254	248	Solido
165	236	221	Solido
174	246	240	Solido
171	241	238	Solido
176	250	245	Solido
170	240	234	Solido
175	244	242	Solido
177	250	248	Solido
181	254	252	Solido
175	250	243	Solido
177	250	248	Solido
175	247	244	Solido
174	245	243	Solido
173	246	236	Solido
169	237	233	Solido
138	204	196	Solido
161	235	235	Solido
173	244	241	Solido
174	241	240	Solido
177	247	241	Solido
101	157	168	Solido
176	250	247	Solido
172	244	240	Solido
183	254	245	Solido
179	252	247	Solido
172	243	240	Solido
174	247	244	Solido
174	246	239	Solido
171	246	243	Solido
174	245	241	Solido
173	243	237	Solido
181	254	247	Solido
175	242	239	Solido
178	253	249	Solido
171	245	241	Solido
169	241	239	Solido
173	248	233	Solido
173	244	241	Solido
179	250	244	Solido
149	220	209	Solido
175	248	244	Solido
179	252	246	Solido
177	248	244	Solido
181	254	249	Solido
174	245	239	Solido
170	240	239	Solido
175	249	241	Solido
179	251	249	Solido
171	241	238	Solido
178	250	250	Solido
171	240	237	Solido
174	249	245	Solido
171	243	240	Solido
178	251	244	Solido
178	250	245	Solido
167	234	230	Solido
168	237	231	Solido
172	239	237	Solido
178	251	248	Solido
171	241	236	Solido
127	187	183	Solido
179	253	249	Solido
175	248	245	Solido
174	247	244	Solido
173	246	242	Solido
172	246	244	Solido
179	249	245	Solido
173	243	241	Solido
174	246	242	Solido
179	251	243	Solido
174	245	243	Solido
173	245	234	Solido
137	209	204	Solido
173	247	245	Solido
170	242	240	Solido
174	246	241	Solido
177	249	240	Solido
171	244	241	Solido
171	243	236	Solido
179	251	246	Solido
150	218	223	Solido
175	249	244	Solido
172	244	238	Solido
173	245	241	Solido
162	231	230	Solido
168	237	234	Solido
176	245	244	Solido
175	249	245	Solido
187	254	245	Solido
156	227	215	Solido
93	143	157	Solido
104	160	168	Solido
166	235	234	Solido
176	251	245	Solido
174	245	239	Solido
177	248	243	Solido
152	216	218	Solido
170	238	234	Solido
167	238	239	Solido
177	247	244	Solido
170	241	236	Solido
174	248	243	Solido
175	246	242	Solido
177	250	245	Solido
187	254	248	Solido
171	242	238	Solido
174	248	235	Solido
167	241	239	Solido
173	246	244	Solido
176	246	241	Solido
177	248	244	Solido
146	215	203	Solido
175	247	244	Solido
175	246	242	Solido
173	244	238	Solido
179	251	243	Solido
173	246	242	Solido
171	240	238	Solido
172	242	240	Solido
180	253	247	Solido
174	246	232	Solido
179	250	241	Solido
179	252	248	Solido
159	227	227	Solido
167	239	236	Solido
168	238	234	Solido
173	247	242	Solido
139	197	199	Solido
180	253	246	Solido
172	244	242	Solido
171	241	237	Solido
179	252	247	Solido
172	242	240	Solido
180	250	248	Solido
164	237	233	Solido
179	251	246	Solido
173	247	242	Solido
170	243	243	Solido
181	252	249	Solido
175	248	243	Solido
177	250	246	Solido
173	244	239	Solido
175	246	242	Solido
178	249	244	Solido
146	216	217	Solido
174	245	242	Solido
180	251	245	Solido
174	245	242	Solido
175	247	237	Solido
175	248	241	Solido
178	253	249	Solido
156	222	221	Solido
179	250	248	Solido
170	238	238	Solido
172	242	237	Solido
168	236	235	Solido
167	239	235	Solido
179	250	246	Solido
176	245	243	Solido
174	246	241	Solido
176	248	244	Solido
175	248	247	Solido
179	250	242	Solido
160	228	226	Solido
181	254	252	Solido
167	237	233	Solido
174	249	242	Solido
99	161	168	Solido
181	252	249	Solido
171	244	241	Solido
182	254	243	Solido
174	247	243	Solido
165	236	232	Solido
171	243	241	Solido
178	252	246	Solido
166	235	234	Solido
