30	93	147	Poro
17	65	130	Poro
22	66	104	Poro
42	113	149	Poro
28	79	127	Poro
158	224	222	Poro
19	75	155	Poro
24	95	176	Poro
58	100	113	Poro
72	126	136	Poro
7	23	58	Poro
88	136	158	Poro
18	83	137	Poro
25	71	115	Poro
31	98	147	Poro
25	79	135	Poro
24	92	165	Poro
26	75	119	Poro
29	97	186	Poro
25	79	141	Poro
20	68	130	Poro
26	82	117	Poro
28	93	159	Poro
26	94	167	Poro
25	73	154	Poro
34	85	99	Poro
21	87	168	Poro
27	75	164	Poro
33	86	116	Poro
16	51	86	Poro
23	68	118	Poro
20	76	143	Poro
31	95	149	Poro
83	147	165	Poro
20	61	131	Poro
25	74	117	Poro
58	116	137	Poro
21	62	121	Poro
12	67	133	Poro
42	84	135	Poro
13	51	91	Poro
24	93	167	Poro
22	85	176	Poro
15	70	132	Poro
30	86	154	Poro
10	34	58	Poro
9	26	36	Poro
28	84	134	Poro
10	34	93	Poro
30	95	167	Poro
32	101	170	Poro
19	45	90	Poro
23	72	111	Poro
65	129	150	Poro
28	84	136	Poro
20	81	152	Poro
14	73	129	Poro
24	61	120	Poro
48	111	135	Poro
4	51	117	Poro
27	80	138	Poro
29	92	147	Poro
13	47	115	Poro
26	73	104	Poro
14	47	131	Poro
13	44	83	Poro
24	75	118	Poro
39	109	175	Poro
28	103	187	Poro
29	100	174	Poro
47	104	113	Poro
66	123	173	Poro
20	78	133	Poro
41	80	93	Poro
22	63	93	Poro
30	96	157	Poro
15	60	115	Poro
21	63	106	Poro
51	101	113	Poro
20	74	127	Poro
18	55	110	Poro
24	86	142	Poro
110	163	171	Poro
9	21	50	Poro
13	74	148	Poro
45	85	120	Poro
15	57	135	Poro
19	79	157	Poro
28	89	154	Poro
29	103	179	Poro
26	85	170	Poro
20	78	136	Poro
17	91	161	Poro
124	185	205	Poro
28	97	180	Poro
41	109	150	Poro
23	80	149	Poro
22	79	139	Poro
29	101	165	Poro
23	74	162	Poro
26	85	141	Poro
161	230	223	Poro
27	92	169	Poro
66	128	141	Poro
18	49	87	Poro
27	98	182	Poro
36	81	105	Poro
25	85	144	Poro
20	65	106	Poro
19	65	113	Poro
41	90	106	Poro
57	122	151	Poro
54	133	186	Poro
11	41	118	Poro
16	73	135	Poro
54	120	160	Poro
29	81	156	Poro
30	100	174	Poro
34	92	148	Poro
10	53	94	Poro
22	86	163	Poro
23	82	166	Poro
30	101	162	Poro
19	55	105	Poro
19	73	150	Poro
60	122	140	Poro
18	72	146	Poro
32	85	162	Poro
9	44	104	Poro
32	90	119	Poro
5	45	101	Poro
54	111	108	Poro
23	65	119	Poro
11	71	127	Poro
36	85	112	Poro
15	85	161	Poro
25	99	182	Poro
26	100	173	Poro
23	74	126	Poro
22	69	116	Poro
44	98	131	Poro
28	95	177	Poro
22	69	121	Poro
18	60	99	Poro
15	67	134	Poro
11	40	82	Poro
29	98	182	Poro
23	73	124	Poro
58	140	197	Poro
15	63	129	Poro
28	100	186	Poro
33	102	147	Poro
14	53	105	Poro
62	107	133	Poro
26	86	164	Poro
26	87	167	Poro
27	97	177	Poro
23	85	137	Poro
26	89	149	Poro
22	80	153	Poro
41	95	122	Poro
47	114	148	Poro
10	57	104	Poro
1	20	71	Poro
20	76	148	Poro
36	89	127	Poro
53	116	119	Poro
30	101	179	Poro
21	81	160	Poro
38	82	107	Poro
19	47	74	Poro
108	164	170	Poro
45	110	153	Poro
20	72	101	Poro
26	78	121	Poro
23	93	157	Poro
28	86	141	Poro
81	155	193	Poro
29	94	147	Poro
26	96	161	Poro
17	79	163	Poro
22	85	154	Poro
9	46	106	Poro
23	59	107	Poro
16	47	87	Poro
42	108	161	Poro
46	105	139	Poro
18	64	125	Poro
22	81	161	Poro
17	58	97	Poro
34	104	144	Poro
24	98	167	Poro
18	47	102	Poro
17	83	166	Poro
18	52	136	Poro
5	34	83	Poro
29	83	156	Poro
31	87	131	Poro
30	98	170	Poro
38	111	173	Poro
28	96	175	Poro
22	70	105	Poro
30	97	177	Poro
31	98	162	Poro
23	71	85	Poro
30	99	178	Poro
22	93	163	Poro
39	110	150	Poro
11	72	128	Poro
22	57	105	Poro
17	61	105	Poro
26	93	173	Poro
22	71	124	Poro
15	61	101	Poro
21	73	125	Poro
33	85	107	Poro
23	81	167	Poro
15	58	80	Poro
35	86	121	Poro
95	143	161	Poro
22	75	127	Poro
8	41	117	Poro
37	103	159	Poro
16	61	108	Poro
47	113	149	Poro
29	90	160	Poro
16	52	108	Poro
21	72	133	Poro
30	99	152	Poro
24	87	159	Poro
51	117	163	Poro
34	105	175	Poro
27	86	128	Poro
45	122	191	Poro
21	78	155	Poro
16	82	147	Poro
18	70	142	Poro
35	107	185	Poro
13	48	112	Poro
21	64	112	Poro
12	27	46	Poro
20	76	119	Poro
13	27	65	Poro
35	109	183	Poro
28	97	162	Poro
53	112	140	Poro
18	71	118	Poro
49	127	173	Poro
8	26	57	Poro
36	111	163	Poro
29	83	158	Poro
32	103	163	Poro
13	43	87	Poro
23	75	120	Poro
32	94	130	Poro
43	96	120	Poro
25	95	146	Poro
10	24	44	Poro
7	32	78	Poro
29	90	153	Poro
81	126	136	Poro
38	99	140	Poro
25	87	168	Poro
20	68	143	Poro
67	136	181	Poro
27	104	157	Poro
39	104	148	Poro
28	87	159	Poro
26	89	138	Poro
32	112	171	Poro
29	102	181	Poro
30	99	169	Poro
21	79	148	Poro
23	78	126	Poro
4	28	84	Poro
22	65	130	Poro
45	102	138	Poro
31	103	172	Poro
28	96	179	Poro
16	54	106	Poro
31	98	144	Poro
29	93	158	Poro
23	96	182	Poro
30	102	162	Poro
5	68	128	Poro
66	128	145	Poro
19	75	134	Poro
24	91	167	Poro
35	101	161	Poro
15	43	108	Poro
59	107	131	Poro
12	25	61	Poro
22	96	170	Poro
65	121	143	Poro
38	80	105	Poro
27	92	160	Poro
27	73	127	Poro
28	84	147	Poro
52	97	128	Poro
29	89	153	Poro
27	74	121	Poro
19	64	109	Poro
29	92	161	Poro
26	101	174	Poro
30	102	176	Poro
32	84	104	Poro
22	79	154	Poro
10	32	82	Poro
35	91	157	Poro
55	125	167	Poro
6	36	98	Poro
21	53	82	Poro
139	199	213	Poro
35	105	174	Poro
16	51	111	Poro
31	97	141	Poro
29	68	120	Poro
49	111	150	Poro
26	91	146	Poro
31	96	167	Poro
35	105	185	Poro
22	53	120	Poro
43	94	107	Poro
46	121	171	Poro
23	81	167	Poro
26	66	118	Poro
33	104	191	Poro
18	61	105	Poro
94	143	146	Poro
24	83	135	Poro
21	87	148	Poro
26	102	186	Poro
38	103	161	Poro
21	75	139	Poro
30	103	186	Poro
13	48	103	Poro
32	96	162	Poro
14	30	71	Poro
26	95	179	Poro
32	87	131	Poro
18	53	125	Poro
29	91	165	Poro
33	89	137	Poro
87	136	152	Poro
30	99	165	Poro
41	91	139	Poro
26	87	145	Poro
41	97	115	Poro
20	63	100	Poro
33	103	155	Poro
20	54	85	Poro
20	76	149	Poro
6	25	83	Poro
34	97	163	Poro
24	84	131	Poro
21	63	120	Poro
30	105	192	Poro
28	100	167	Poro
17	85	151	Poro
22	68	125	Poro
24	96	153	Poro
29	99	173	Poro
25	78	151	Poro
13	50	95	Poro
43	113	162	Poro
24	74	118	Poro
42	103	159	Poro
33	97	158	Poro
174	235	232	Poro
30	99	172	Poro
38	104	169	Poro
29	97	173	Poro
39	107	154	Poro
15	63	115	Poro
11	77	146	Poro
39	79	101	Poro
38	106	155	Poro
21	72	117	Poro
12	27	58	Poro
25	83	144	Poro
22	81	125	Poro
45	108	149	Poro
21	70	148	Poro
25	84	136	Poro
31	92	149	Poro
29	87	131	Poro
18	64	151	Poro
26	87	172	Poro
22	79	146	Poro
48	102	136	Poro
15	61	124	Poro
28	102	176	Poro
41	102	159	Poro
17	91	157	Poro
26	98	162	Poro
21	97	172	Poro
23	89	163	Poro
28	83	139	Poro
32	76	117	Poro
28	76	111	Poro
10	25	39	Poro
40	109	160	Poro
26	60	109	Poro
54	133	187	Poro
14	53	110	Poro
15	55	140	Poro
28	92	151	Poro
42	109	157	Poro
33	103	148	Poro
13	59	130	Poro
30	98	169	Poro
29	79	97	Poro
24	76	147	Poro
23	91	177	Poro
14	63	141	Poro
34	106	184	Poro
25	92	153	Poro
94	143	155	Poro
21	62	116	Poro
32	97	151	Poro
22	77	153	Poro
24	98	175	Poro
28	94	159	Poro
16	59	114	Poro
20	79	122	Poro
15	68	121	Poro
21	71	114	Poro
36	101	136	Poro
25	91	161	Poro
16	58	103	Poro
68	150	193	Poro
31	103	176	Poro
23	68	115	Poro
30	96	169	Poro
32	89	137	Poro
21	71	111	Poro
34	100	182	Poro
26	70	96	Poro
34	102	169	Poro
34	83	140	Poro
29	97	180	Poro
34	86	135	Poro
34	97	148	Poro
13	55	120	Poro
32	79	123	Poro
13	60	96	Poro
17	75	133	Poro
29	97	162	Poro
31	92	127	Poro
29	101	186	Poro
13	46	101	Poro
14	45	84	Poro
59	129	155	Poro
32	91	136	Poro
18	71	117	Poro
31	84	125	Poro
9	72	127	Poro
11	39	78	Poro
45	101	133	Poro
56	118	161	Poro
40	78	112	Poro
19	51	106	Poro
35	99	160	Poro
20	58	105	Poro
44	102	129	Poro
33	104	146	Poro
61	134	190	Poro
17	82	137	Poro
17	52	98	Poro
17	58	101	Poro
21	85	157	Poro
37	104	157	Poro
25	74	115	Poro
22	88	132	Poro
29	101	181	Poro
24	85	162	Poro
20	77	135	Poro
38	102	139	Poro
16	46	78	Poro
33	104	169	Poro
26	95	170	Poro
11	63	138	Poro
36	101	151	Poro
36	108	172	Poro
27	89	157	Poro
38	101	146	Poro
34	110	167	Poro
22	92	151	Poro
24	86	144	Poro
58	142	185	Poro
18	64	116	Poro
26	85	161	Poro
26	86	165	Poro
26	90	169	Poro
54	116	153	Poro
34	87	140	Poro
35	109	164	Poro
38	105	150	Poro
24	69	116	Poro
34	88	131	Poro
27	92	167	Poro
27	103	184	Poro
51	116	158	Poro
39	107	180	Poro
16	59	92	Poro
51	99	105	Poro
25	94	184	Poro
41	123	191	Poro
35	98	149	Poro
71	129	157	Poro
23	80	165	Poro
31	79	125	Poro
26	86	155	Poro
33	105	163	Poro
23	95	158	Poro
12	26	47	Poro
30	97	168	Poro
54	134	190	Poro
34	104	149	Poro
34	89	139	Poro
55	123	169	Poro
47	100	136	Poro
26	92	157	Poro
26	90	159	Poro
41	109	154	Poro
24	84	136	Poro
15	49	81	Poro
33	95	146	Poro
29	99	180	Poro
42	105	161	Poro
41	91	112	Poro
18	60	141	Poro
28	96	173	Poro
35	86	123	Poro
42	120	171	Poro
19	66	127	Poro
22	96	165	Poro
42	96	118	Poro
30	95	178	Poro
9	38	76	Poro
32	102	163	Poro
44	111	167	Poro
26	89	158	Poro
41	103	151	Poro
13	69	127	Poro
12	73	125	Poro
20	81	142	Poro
41	93	115	Poro
31	101	185	Poro
5	40	110	Poro
29	91	149	Poro
27	97	171	Poro
15	60	140	Poro
19	87	148	Poro
16	59	111	Poro
17	56	99	Poro
27	95	145	Poro
46	92	124	Poro
13	39	76	Poro
23	74	116	Poro
29	93	154	Poro
28	103	184	Poro
3	24	72	Poro
29	96	175	Poro
28	93	133	Poro
36	87	122	Poro
31	87	133	Poro
17	62	118	Poro
9	28	42	Poro
50	119	164	Poro
24	85	172	Poro
34	102	161	Poro
49	111	146	Poro
44	107	147	Poro
24	92	164	Poro
25	86	155	Poro
29	93	161	Poro
35	103	175	Poro
28	95	183	Poro
36	105	149	Poro
16	71	113	Poro
30	104	187	Poro
54	96	111	Poro
29	99	148	Poro
25	80	146	Poro
27	95	183	Poro
32	95	167	Poro
49	98	141	Poro
44	95	116	Poro
26	94	160	Poro
22	90	146	Poro
24	73	155	Poro
33	100	156	Poro
12	42	85	Poro
32	97	177	Poro
21	66	102	Poro
11	62	113	Poro
31	85	113	Poro
48	130	191	Poro
19	71	117	Poro
51	121	154	Poro
29	84	134	Poro
30	91	138	Poro
13	55	99	Poro
24	74	149	Poro
48	111	149	Poro
20	84	151	Poro
12	51	97	Poro
27	86	139	Poro
40	104	134	Poro
27	95	181	Poro
23	92	166	Poro
28	101	176	Poro
53	116	136	Poro
34	109	173	Poro
18	74	125	Poro
25	100	171	Poro
41	113	186	Poro
27	93	158	Poro
22	86	148	Poro
23	75	160	Poro
30	95	156	Poro
30	88	143	Poro
40	95	137	Poro
26	88	150	Poro
26	91	151	Poro
26	76	145	Poro
37	94	154	Poro
11	25	51	Poro
42	87	99	Poro
29	82	122	Poro
54	119	150	Poro
27	86	158	Poro
69	146	186	Poro
20	70	130	Poro
36	106	166	Poro
28	102	186	Poro
25	85	147	Poro
9	31	70	Poro
28	101	184	Poro
13	50	109	Poro
16	78	136	Poro
22	73	159	Poro
27	88	172	Poro
23	81	163	Poro
17	65	117	Poro
38	94	116	Poro
21	68	119	Poro
47	112	142	Poro
34	106	180	Poro
36	90	136	Poro
26	83	130	Poro
22	91	170	Poro
31	84	146	Poro
38	105	156	Poro
29	94	157	Poro
19	50	105	Poro
50	122	164	Poro
39	112	189	Poro
20	80	138	Poro
41	111	156	Poro
23	92	173	Poro
23	83	123	Poro
20	74	144	Poro
26	85	163	Poro
30	93	156	Poro
10	71	128	Poro
8	24	73	Poro
24	70	115	Poro
21	77	133	Poro
20	70	133	Poro
18	60	152	Poro
38	69	100	Poro
19	72	120	Poro
26	89	146	Poro
13	48	109	Poro
29	100	184	Poro
20	48	96	Poro
30	101	157	Poro
35	99	161	Poro
30	100	169	Poro
29	98	172	Poro
47	116	138	Poro
34	100	149	Poro
74	154	199	Poro
23	96	181	Poro
41	83	108	Poro
24	86	147	Poro
43	118	179	Poro
24	68	134	Poro
26	92	150	Poro
12	27	70	Poro
19	56	81	Poro
33	109	183	Poro
10	49	112	Poro
47	95	114	Poro
12	25	43	Poro
36	108	171	Poro
31	101	159	Poro
35	93	144	Poro
34	93	134	Poro
26	89	172	Poro
15	46	81	Poro
18	77	152	Poro
16	49	82	Poro
15	69	111	Poro
26	72	120	Poro
43	98	143	Poro
13	58	124	Poro
29	92	151	Poro
52	117	108	Poro
27	75	123	Poro
28	89	141	Poro
19	64	121	Poro
22	73	139	Poro
22	94	169	Poro
26	98	184	Poro
8	40	81	Poro
12	59	116	Poro
18	69	133	Poro
40	114	183	Poro
43	91	123	Poro
4	30	70	Poro
29	92	136	Poro
32	101	165	Poro
30	95	147	Poro
14	47	110	Poro
24	70	103	Poro
19	63	103	Poro
25	85	153	Poro
14	44	83	Poro
27	66	111	Poro
19	79	136	Poro
24	89	149	Poro
15	62	97	Poro
30	90	123	Poro
76	143	169	Poro
30	83	108	Poro
26	78	126	Poro
14	34	81	Poro
19	63	107	Poro
22	83	160	Poro
56	130	163	Poro
29	97	173	Poro
57	125	169	Poro
23	85	165	Poro
29	98	160	Poro
22	76	115	Poro
38	102	147	Poro
11	55	101	Poro
33	112	186	Poro
23	82	152	Poro
19	59	108	Poro
27	80	118	Poro
6	36	87	Poro
35	105	169	Poro
15	26	48	Poro
10	27	39	Poro
21	58	96	Poro
47	130	189	Poro
24	94	154	Poro
18	69	110	Poro
26	93	161	Poro
23	80	146	Poro
28	98	167	Poro
21	77	155	Poro
28	96	175	Poro
19	81	160	Poro
25	60	89	Poro
28	87	155	Poro
25	93	150	Poro
17	77	164	Poro
26	86	148	Poro
15	47	99	Poro
16	61	99	Poro
38	81	99	Poro
19	60	114	Poro
18	46	73	Poro
28	98	184	Poro
45	108	155	Poro
67	124	140	Poro
21	85	147	Poro
17	80	141	Poro
25	72	117	Poro
26	83	131	Poro
25	72	132	Poro
58	130	179	Poro
13	24	51	Poro
23	78	135	Poro
23	92	165	Poro
13	47	94	Poro
19	81	133	Poro
43	115	157	Poro
28	97	175	Poro
21	75	116	Poro
28	95	182	Poro
28	81	101	Poro
38	103	139	Poro
30	104	177	Poro
10	62	123	Poro
8	21	29	Poro
33	110	172	Poro
9	49	108	Poro
29	87	134	Poro
30	108	188	Poro
22	75	149	Poro
26	87	153	Poro
12	47	95	Poro
20	52	115	Poro
32	105	157	Poro
15	42	81	Poro
20	75	120	Poro
31	84	159	Poro
32	103	156	Poro
38	100	161	Poro
49	87	129	Poro
18	70	130	Poro
24	89	163	Poro
34	77	115	Poro
20	85	149	Poro
41	106	157	Poro
25	95	164	Poro
31	93	141	Poro
18	66	120	Poro
36	94	129	Poro
46	116	179	Poro
26	82	130	Poro
24	89	176	Poro
22	71	155	Poro
41	83	96	Poro
26	90	166	Poro
54	124	173	Poro
22	58	98	Poro
26	84	169	Poro
45	126	183	Poro
47	122	174	Poro
16	76	161	Poro
31	96	161	Poro
17	57	98	Poro
19	75	131	Poro
27	96	175	Poro
32	100	175	Poro
36	112	177	Poro
29	93	154	Poro
28	89	151	Poro
22	93	156	Poro
15	57	134	Poro
26	94	167	Poro
13	65	151	Poro
30	83	128	Poro
19	70	130	Poro
24	65	135	Poro
28	94	165	Poro
20	53	109	Poro
35	87	134	Poro
32	97	165	Poro
36	87	86	Poro
7	35	113	Poro
24	81	127	Poro
9	44	70	Poro
32	85	162	Poro
26	94	177	Poro
27	89	165	Poro
24	82	157	Poro
33	103	177	Poro
16	77	141	Poro
41	110	143	Poro
60	122	153	Poro
50	109	145	Poro
15	54	117	Poro
33	103	182	Poro
22	72	116	Poro
34	101	146	Poro
27	98	175	Poro
7	21	39	Poro
22	75	145	Poro
29	97	173	Poro
20	80	156	Poro
56	101	118	Poro
43	106	126	Poro
23	95	161	Poro
34	109	182	Poro
49	114	157	Poro
19	59	128	Poro
16	92	158	Poro
45	76	98	Poro
32	84	125	Poro
30	88	140	Poro
22	81	162	Poro
20	61	102	Poro
25	75	161	Poro
22	84	128	Poro
43	108	134	Poro
47	114	147	Poro
42	97	131	Poro
28	100	163	Poro
14	29	63	Poro
13	56	128	Poro
21	75	117	Poro
31	101	171	Poro
23	97	164	Poro
20	77	149	Poro
9	38	84	Poro
21	78	152	Poro
27	75	117	Poro
32	101	165	Poro
28	87	177	Poro
27	90	156	Poro
30	91	137	Poro
16	54	101	Poro
41	89	116	Poro
54	116	157	Poro
38	91	123	Poro
26	94	165	Poro
41	113	177	Poro
56	114	152	Poro
31	94	166	Poro
24	87	135	Poro
34	86	109	Poro
87	157	163	Poro
18	75	146	Poro
17	47	81	Poro
11	26	42	Poro
26	76	112	Poro
72	139	166	Poro
38	99	146	Poro
21	67	121	Poro
31	84	116	Poro
36	99	138	Poro
40	97	109	Poro
67	143	187	Poro
31	100	186	Poro
32	100	167	Poro
28	96	161	Poro
34	101	150	Poro
51	107	96	Poro
35	104	151	Poro
27	96	165	Poro
26	72	111	Poro
31	64	89	Poro
35	93	128	Poro
22	91	147	Poro
22	71	120	Poro
19	78	148	Poro
29	90	148	Poro
24	87	162	Poro
47	109	155	Poro
30	103	187	Poro
41	100	108	Poro
34	102	171	Poro
29	103	176	Poro
45	90	109	Poro
22	81	149	Poro
26	98	165	Poro
32	99	164	Poro
28	76	128	Poro
62	127	151	Poro
15	40	78	Poro
26	90	165	Poro
33	85	111	Poro
18	90	156	Poro
22	72	140	Poro
29	81	121	Poro
71	148	198	Poro
34	105	182	Poro
1	35	81	Poro
27	79	159	Poro
17	43	98	Poro
23	86	132	Poro
32	95	169	Poro
31	73	100	Poro
27	71	123	Poro
19	66	138	Poro
21	66	119	Poro
36	94	123	Poro
43	119	168	Poro
18	91	161	Poro
30	80	112	Poro
34	88	132	Poro
15	51	88	Poro
21	76	133	Poro
40	109	156	Poro
23	82	150	Poro
31	97	161	Poro
33	107	167	Poro
19	76	160	Poro
24	79	148	Poro
15	77	153	Poro
31	103	162	Poro
31	93	158	Poro
30	81	145	Poro
34	112	181	Poro
22	84	169	Poro
19	57	110	Poro
20	87	153	Poro
29	106	180	Poro
11	28	46	Poro
58	133	177	Poro
29	101	172	Poro
29	94	147	Poro
29	89	123	Poro
67	129	149	Poro
26	86	152	Poro
20	72	127	Poro
57	111	134	Poro
17	69	123	Poro
16	53	111	Poro
38	95	122	Poro
39	103	181	Poro
22	83	142	Poro
25	93	166	Poro
32	100	162	Poro
24	70	121	Poro
9	28	57	Poro
10	36	80	Poro
24	82	134	Poro
25	72	133	Poro
15	50	112	Poro
44	113	169	Poro
27	81	119	Poro
27	102	177	Poro
10	25	77	Poro
15	45	85	Poro
26	96	173	Poro
26	89	161	Poro
53	113	147	Poro
28	83	150	Poro
34	100	166	Poro
12	54	108	Poro
26	86	137	Poro
21	57	92	Poro
22	64	138	Poro
37	112	181	Poro
27	87	168	Poro
7	69	134	Poro
14	53	112	Poro
36	94	138	Poro
24	93	177	Poro
41	101	133	Poro
33	98	168	Poro
14	55	118	Poro
54	121	151	Poro
19	73	155	Poro
35	106	164	Poro
45	110	149	Poro
38	87	105	Poro
28	83	147	Poro
47	104	122	Poro
59	129	153	Poro
44	103	143	Poro
21	70	143	Poro
13	76	144	Poro
18	58	99	Poro
47	107	143	Poro
27	98	189	Poro
72	148	191	Poro
42	106	146	Poro
19	81	146	Poro
22	66	124	Poro
4	35	75	Poro
28	98	184	Poro
31	92	129	Poro
58	117	137	Poro
20	55	116	Poro
16	85	167	Poro
44	108	139	Poro
24	86	171	Poro
34	108	176	Poro
32	98	153	Poro
12	57	119	Poro
29	101	176	Poro
13	68	110	Poro
32	104	182	Poro
26	87	163	Poro
16	72	147	Poro
46	124	183	Poro
29	95	155	Poro
29	101	180	Poro
53	118	132	Poro
28	68	85	Poro
38	107	167	Poro
29	96	181	Poro
37	115	185	Poro
31	98	167	Poro
45	119	175	Poro
41	99	138	Poro
22	96	162	Poro
22	71	133	Poro
39	79	92	Poro
2	32	78	Poro
15	39	45	Poro
28	84	124	Poro
21	67	115	Poro
41	106	147	Poro
24	92	163	Poro
23	68	102	Poro
67	128	169	Poro
14	49	88	Poro
39	82	98	Poro
9	34	95	Poro
20	66	105	Poro
52	124	179	Poro
26	83	161	Poro
34	101	131	Poro
42	121	181	Poro
31	91	171	Poro
26	94	182	Poro
27	99	175	Poro
30	80	112	Poro
18	67	125	Poro
21	85	147	Poro
36	109	179	Poro
23	65	111	Poro
10	61	123	Poro
26	62	115	Poro
28	82	146	Poro
50	130	181	Poro
51	112	133	Poro
39	84	99	Poro
8	48	92	Poro
25	89	150	Poro
22	93	177	Poro
16	49	107	Poro
19	71	119	Poro
69	122	132	Poro
20	57	105	Poro
33	103	177	Poro
38	79	95	Poro
24	81	157	Poro
33	90	131	Poro
21	75	145	Poro
30	102	183	Poro
34	103	167	Poro
22	86	165	Poro
23	86	163	Poro
30	100	179	Poro
20	77	113	Poro
8	32	72	Poro
16	80	139	Poro
20	78	152	Poro
25	77	113	Poro
24	99	176	Poro
46	108	144	Poro
21	83	159	Poro
29	100	179	Poro
22	79	161	Poro
87	138	187	Poro
14	29	53	Poro
31	105	178	Poro
26	87	151	Poro
36	105	148	Poro
42	111	154	Poro
51	116	162	Poro
33	98	145	Poro
23	65	123	Poro
20	93	168	Poro
11	36	81	Poro
34	103	179	Poro
16	74	135	Poro
33	92	139	Poro
23	65	80	Poro
18	62	110	Poro
18	74	150	Poro
45	94	132	Poro
28	78	144	Poro
32	97	169	Poro
46	103	119	Poro
20	71	131	Poro
44	115	165	Poro
21	75	130	Poro
48	117	154	Poro
33	98	142	Poro
28	103	174	Poro
40	110	169	Poro
19	71	138	Poro
4	38	110	Poro
21	51	77	Poro
17	61	98	Poro
34	100	152	Poro
14	26	53	Poro
16	59	117	Poro
25	55	76	Poro
22	83	135	Poro
28	86	145	Poro
40	103	130	Poro
59	104	110	Poro
54	117	161	Poro
21	49	111	Poro
20	73	141	Poro
28	64	106	Poro
28	101	180	Poro
16	64	105	Poro
29	87	157	Poro
20	91	168	Poro
26	91	172	Poro
30	101	181	Poro
23	91	157	Poro
11	24	48	Poro
26	89	163	Poro
28	97	180	Poro
21	86	170	Poro
32	99	158	Poro
11	48	119	Poro
41	84	98	Poro
25	96	165	Poro
12	53	112	Poro
35	89	136	Poro
61	145	189	Poro
26	95	158	Poro
29	81	151	Poro
32	80	105	Poro
15	42	78	Poro
17	81	152	Poro
30	88	122	Poro
32	84	103	Poro
12	27	41	Poro
27	95	165	Poro
24	78	126	Poro
18	68	141	Poro
23	86	165	Poro
41	104	142	Poro
57	132	177	Poro
26	89	161	Poro
31	101	179	Poro
42	104	123	Poro
59	136	187	Poro
60	113	146	Poro
26	92	151	Poro
33	100	138	Poro
36	102	169	Poro
36	108	149	Poro
26	89	167	Poro
27	90	159	Poro
21	90	162	Poro
17	54	97	Poro
31	83	130	Poro
16	54	84	Poro
21	71	147	Poro
10	39	108	Poro
16	53	95	Poro
28	99	184	Poro
17	54	99	Poro
19	58	105	Poro
29	95	172	Poro
13	35	88	Poro
23	95	164	Poro
26	73	129	Poro
63	128	153	Poro
8	34	76	Poro
89	147	186	Poro
46	103	150	Poro
26	101	180	Poro
33	105	153	Poro
43	84	111	Poro
27	96	172	Poro
30	92	164	Poro
44	106	146	Poro
31	107	160	Poro
19	91	161	Poro
17	72	127	Poro
22	95	173	Poro
43	120	173	Poro
11	34	78	Poro
43	108	140	Poro
8	44	124	Poro
19	65	112	Poro
31	98	157	Poro
11	69	127	Poro
32	99	143	Poro
21	79	146	Poro
24	81	122	Poro
18	62	107	Poro
18	64	110	Poro
26	63	88	Poro
14	52	112	Poro
22	72	121	Poro
27	64	91	Poro
14	63	102	Poro
42	120	180	Poro
32	103	177	Poro
41	85	101	Poro
13	47	66	Poro
20	48	103	Poro
26	99	164	Poro
10	48	93	Poro
24	55	77	Poro
77	145	146	Poro
22	80	130	Poro
29	64	93	Poro
44	90	102	Poro
18	57	99	Poro
32	84	142	Poro
26	81	126	Poro
32	93	156	Poro
26	96	184	Poro
24	95	170	Poro
9	43	101	Poro
24	83	156	Poro
27	84	164	Poro
25	85	177	Poro
24	86	161	Poro
23	69	103	Poro
19	56	108	Poro
23	95	169	Poro
20	66	127	Poro
29	94	185	Poro
17	83	153	Poro
28	95	153	Poro
43	89	108	Poro
37	95	135	Poro
25	99	171	Poro
31	96	145	Poro
26	81	125	Poro
31	106	175	Poro
21	69	115	Poro
18	66	109	Poro
37	98	168	Poro
34	111	172	Poro
35	88	114	Poro
53	112	141	Poro
30	99	173	Poro
66	111	132	Poro
26	95	184	Poro
11	63	126	Poro
12	76	127	Poro
11	44	93	Poro
10	24	41	Poro
34	96	163	Poro
26	97	187	Poro
32	107	176	Poro
21	91	157	Poro
48	110	160	Poro
36	84	108	Poro
36	100	158	Poro
17	38	94	Poro
19	46	53	Poro
20	63	121	Poro
19	49	81	Poro
31	101	169	Poro
25	81	156	Poro
35	82	113	Poro
7	45	107	Poro
14	69	155	Poro
26	69	121	Poro
26	88	133	Poro
32	90	150	Poro
25	86	160	Poro
30	93	139	Poro
83	138	163	Poro
22	73	138	Poro
28	64	88	Poro
22	87	163	Poro
41	92	108	Poro
55	120	165	Poro
29	101	177	Poro
8	24	38	Poro
20	75	163	Poro
26	82	159	Poro
22	76	127	Poro
37	80	94	Poro
28	101	185	Poro
3	45	95	Poro
62	124	172	Poro
13	51	100	Poro
32	93	133	Poro
31	107	186	Poro
46	109	133	Poro
40	86	115	Poro
26	99	177	Poro
39	111	179	Poro
11	56	104	Poro
19	84	154	Poro
25	96	170	Poro
22	59	92	Poro
34	94	118	Poro
31	91	122	Poro
11	27	51	Poro
65	130	154	Poro
24	78	131	Poro
26	90	157	Poro
27	99	157	Poro
34	105	168	Poro
34	105	158	Poro
36	109	177	Poro
69	136	148	Poro
69	134	154	Poro
17	78	158	Poro
34	87	102	Poro
19	61	138	Poro
35	78	103	Poro
26	92	178	Poro
15	47	80	Poro
40	112	168	Poro
12	55	138	Poro
11	50	112	Poro
28	96	157	Poro
29	97	168	Poro
18	75	161	Poro
22	63	101	Poro
31	76	108	Poro
40	110	143	Poro
33	103	182	Poro
29	100	155	Poro
24	93	159	Poro
22	63	103	Poro
57	138	183	Poro
32	100	156	Poro
18	50	104	Poro
32	103	164	Poro
13	42	79	Poro
27	91	169	Poro
32	106	170	Poro
19	73	133	Poro
12	25	47	Poro
21	88	175	Poro
14	48	109	Poro
30	99	183	Poro
34	106	189	Poro
11	23	64	Poro
41	106	141	Poro
31	94	175	Poro
27	98	157	Poro
17	54	85	Poro
19	66	110	Poro
17	59	118	Poro
35	108	163	Poro
42	115	163	Poro
23	71	130	Poro
73	139	157	Poro
14	39	76	Poro
30	81	149	Poro
32	94	130	Poro
37	111	185	Poro
36	110	181	Poro
26	78	115	Poro
44	127	181	Poro
29	75	99	Poro
24	97	169	Poro
27	98	181	Poro
28	72	116	Poro
62	133	165	Poro
47	110	161	Poro
28	68	114	Poro
9	21	33	Poro
31	100	173	Poro
17	75	153	Poro
33	101	171	Poro
23	76	119	Poro
23	83	147	Poro
29	77	122	Poro
23	97	165	Poro
24	72	109	Poro
29	99	165	Poro
26	97	167	Poro
32	104	191	Poro
54	124	157	Poro
35	111	177	Poro
21	67	121	Poro
15	65	135	Poro
22	79	157	Poro
71	141	170	Poro
28	86	155	Poro
15	48	85	Poro
30	70	95	Poro
29	95	155	Poro
13	40	77	Poro
26	104	175	Poro
34	103	151	Poro
18	69	143	Poro
7	22	31	Poro
17	68	114	Poro
11	52	104	Poro
36	100	151	Poro
29	97	171	Poro
21	71	131	Poro
31	84	106	Poro
14	72	146	Poro
50	96	108	Poro
15	44	117	Poro
14	79	135	Poro
40	101	130	Poro
43	104	144	Poro
36	101	163	Poro
32	86	152	Poro
23	74	147	Poro
27	88	123	Poro
40	104	148	Poro
34	110	177	Poro
18	56	100	Poro
71	135	163	Poro
36	110	147	Poro
33	107	179	Poro
12	41	80	Poro
19	84	165	Poro
27	83	153	Poro
27	101	177	Poro
35	77	99	Poro
38	103	149	Poro
31	84	123	Poro
22	84	149	Poro
36	91	137	Poro
23	89	156	Poro
59	113	145	Poro
41	107	134	Poro
13	63	120	Poro
34	101	167	Poro
29	101	186	Poro
7	34	89	Poro
12	50	143	Poro
18	76	158	Poro
28	95	158	Poro
32	102	162	Poro
17	81	133	Poro
21	75	128	Poro
24	91	175	Poro
21	49	83	Poro
29	98	169	Poro
28	99	183	Poro
26	96	170	Poro
21	73	141	Poro
14	71	156	Poro
28	96	172	Poro
14	47	78	Poro
28	62	117	Poro
27	97	164	Poro
31	102	169	Poro
14	54	112	Poro
25	87	146	Poro
30	88	131	Poro
9	42	84	Poro
32	102	159	Poro
33	95	129	Poro
41	93	115	Poro
31	84	125	Poro
33	109	184	Poro
15	49	96	Poro
47	103	123	Poro
34	99	133	Poro
30	102	181	Poro
22	51	90	Poro
41	119	183	Poro
16	30	71	Poro
14	46	86	Poro
22	83	139	Poro
24	92	172	Poro
29	89	131	Poro
25	70	99	Poro
29	97	173	Poro
9	22	77	Poro
30	96	169	Poro
33	107	180	Poro
48	120	147	Poro
62	111	124	Poro
31	93	151	Poro
22	83	161	Poro
36	101	159	Poro
25	67	99	Poro
22	57	104	Poro
25	88	179	Poro
33	101	181	Poro
41	101	148	Poro
28	93	155	Poro
32	103	177	Poro
29	78	92	Poro
18	54	115	Poro
30	91	138	Poro
51	129	183	Poro
41	94	135	Poro
22	91	163	Poro
58	127	165	Poro
12	56	113	Poro
15	78	125	Poro
29	76	113	Poro
13	64	120	Poro
30	101	161	Poro
25	96	171	Poro
35	93	132	Poro
26	83	120	Poro
58	127	160	Poro
27	87	145	Poro
29	97	175	Poro
25	72	117	Poro
6	36	87	Poro
44	120	160	Poro
35	111	163	Poro
37	80	98	Poro
53	125	179	Poro
56	112	135	Poro
29	81	167	Poro
22	86	126	Poro
24	102	175	Poro
65	121	171	Poro
22	83	161	Poro
20	78	144	Poro
30	97	135	Poro
20	77	116	Poro
32	79	125	Poro
30	98	171	Poro
8	30	40	Poro
91	150	163	Poro
33	99	156	Poro
25	90	166	Poro
27	99	174	Poro
31	103	171	Poro
21	64	128	Poro
32	83	112	Poro
15	56	106	Poro
17	58	97	Poro
39	90	105	Poro
30	98	172	Poro
28	81	136	Poro
28	100	172	Poro
11	41	91	Poro
27	96	186	Poro
30	87	131	Poro
12	51	105	Poro
26	81	120	Poro
72	121	177	Poro
67	134	167	Poro
57	134	191	Poro
23	80	145	Poro
19	68	136	Poro
27	95	167	Poro
31	93	151	Poro
43	98	138	Poro
31	103	174	Poro
20	59	117	Poro
41	84	102	Poro
19	80	158	Poro
33	101	153	Poro
36	93	133	Poro
21	82	127	Poro
35	90	133	Poro
26	94	177	Poro
33	93	153	Poro
37	108	166	Poro
25	75	145	Poro
32	93	155	Poro
36	105	154	Poro
14	75	133	Poro
18	78	120	Poro
14	55	102	Poro
30	96	161	Poro
25	95	161	Poro
15	45	83	Poro
13	44	85	Poro
33	102	180	Poro
23	78	123	Poro
33	95	162	Poro
45	108	152	Poro
28	96	152	Poro
77	146	168	Poro
7	40	90	Poro
18	65	109	Poro
20	75	150	Poro
30	79	131	Poro
27	96	179	Poro
32	103	173	Poro
25	82	133	Poro
41	108	155	Poro
43	98	111	Poro
30	98	180	Poro
37	101	158	Poro
89	144	155	Poro
23	99	175	Poro
17	33	70	Poro
20	48	95	Poro
38	114	178	Poro
23	64	92	Poro
21	82	158	Poro
25	91	163	Poro
29	101	180	Poro
24	78	129	Poro
13	52	130	Poro
27	96	160	Poro
51	112	121	Poro
18	72	148	Poro
12	33	76	Poro
24	63	101	Poro
18	70	136	Poro
29	101	166	Poro
28	80	148	Poro
51	108	130	Poro
17	56	113	Poro
51	122	166	Poro
29	102	175	Poro
36	101	173	Poro
39	108	158	Poro
18	58	135	Poro
47	97	128	Poro
30	67	90	Poro
22	88	161	Poro
16	81	143	Poro
16	50	94	Poro
8	34	83	Poro
24	82	149	Poro
23	75	168	Poro
15	45	75	Poro
33	109	180	Poro
28	98	189	Poro
26	98	165	Poro
20	87	157	Poro
29	96	155	Poro
44	111	158	Poro
39	85	121	Poro
38	113	165	Poro
8	32	76	Poro
30	100	173	Poro
55	101	122	Poro
57	118	154	Poro
29	78	128	Poro
37	83	105	Poro
35	76	121	Poro
31	73	101	Poro
27	99	178	Poro
39	117	177	Poro
14	53	121	Poro
34	105	180	Poro
36	81	147	Poro
17	72	115	Poro
22	67	137	Poro
30	99	183	Poro
36	84	108	Poro
29	98	177	Poro
52	130	177	Poro
29	82	111	Poro
34	105	171	Poro
37	99	140	Poro
26	83	131	Poro
36	104	171	Poro
14	78	134	Poro
4	26	82	Poro
29	96	177	Poro
25	93	158	Poro
32	88	136	Poro
28	96	181	Poro
15	46	89	Poro
70	121	129	Poro
31	102	185	Poro
23	76	147	Poro
16	57	120	Poro
6	40	89	Poro
8	25	82	Poro
6	22	31	Poro
42	87	120	Poro
25	91	160	Poro
10	35	87	Poro
27	86	167	Poro
23	91	160	Poro
19	71	152	Poro
24	82	142	Poro
56	127	177	Poro
31	94	163	Poro
19	49	103	Poro
9	22	37	Poro
31	87	123	Poro
26	71	98	Poro
22	89	176	Poro
36	112	180	Poro
22	79	170	Poro
30	102	141	Poro
26	94	164	Poro
20	54	89	Poro
28	91	143	Poro
47	118	162	Poro
28	92	149	Poro
13	37	69	Poro
34	98	160	Poro
27	96	161	Poro
25	95	180	Poro
28	102	178	Poro
23	92	169	Poro
13	67	111	Poro
32	105	157	Poro
21	75	124	Poro
26	59	90	Poro
29	87	153	Poro
23	79	116	Poro
22	61	102	Poro
30	97	166	Poro
41	114	166	Poro
29	97	183	Poro
50	113	154	Poro
28	90	147	Poro
18	75	143	Poro
12	45	85	Poro
33	108	169	Poro
33	105	184	Poro
22	67	122	Poro
30	98	156	Poro
5	22	72	Poro
28	105	175	Poro
28	97	168	Poro
29	83	133	Poro
37	107	149	Poro
40	95	116	Poro
23	81	166	Poro
26	91	149	Poro
24	69	145	Poro
27	90	157	Poro
25	69	105	Poro
33	94	152	Poro
25	100	172	Poro
31	109	191	Poro
45	103	173	Poro
14	41	76	Poro
33	86	120	Poro
14	59	108	Poro
29	90	166	Poro
24	80	132	Poro
42	115	162	Poro
29	96	175	Poro
26	76	146	Poro
44	104	158	Poro
38	100	138	Poro
27	88	143	Poro
33	105	159	Poro
26	93	177	Poro
31	90	179	Poro
36	112	184	Poro
23	83	157	Poro
31	101	159	Poro
18	54	94	Poro
81	164	208	Poro
43	97	113	Poro
69	132	160	Poro
32	106	182	Poro
9	25	62	Poro
44	105	149	Poro
52	123	173	Poro
25	85	163	Poro
30	72	101	Poro
13	50	103	Poro
25	73	117	Poro
29	97	163	Poro
33	87	134	Poro
24	83	158	Poro
22	65	105	Poro
27	99	178	Poro
16	81	147	Poro
25	95	169	Poro
25	79	145	Poro
22	89	168	Poro
24	63	116	Poro
34	106	184	Poro
38	85	98	Poro
27	97	175	Poro
48	117	170	Poro
23	97	170	Poro
29	76	130	Poro
26	97	185	Poro
13	46	80	Poro
32	91	118	Poro
29	98	172	Poro
32	74	69	Poro
70	139	175	Poro
17	65	127	Poro
15	31	81	Poro
26	101	177	Poro
54	115	155	Poro
12	72	128	Poro
33	91	121	Poro
14	76	162	Poro
15	51	111	Poro
13	60	110	Poro
36	65	97	Poro
25	91	142	Poro
24	78	144	Poro
7	67	140	Poro
29	93	157	Poro
29	99	167	Poro
9	31	91	Poro
24	59	58	Poro
16	62	122	Poro
24	84	161	Poro
18	59	107	Poro
43	89	108	Poro
33	85	111	Poro
58	122	151	Poro
10	34	79	Poro
7	38	81	Poro
23	90	174	Poro
19	68	102	Poro
26	94	155	Poro
30	90	169	Poro
27	78	139	Poro
22	78	141	Poro
61	125	159	Poro
28	103	158	Poro
37	104	147	Poro
39	107	149	Poro
29	105	175	Poro
48	115	166	Poro
36	90	129	Poro
41	110	163	Poro
21	79	161	Poro
51	115	147	Poro
44	97	120	Poro
15	55	89	Poro
14	51	89	Poro
24	71	89	Poro
32	102	174	Poro
13	56	113	Poro
23	79	142	Poro
15	65	114	Poro
30	92	156	Poro
22	81	157	Poro
24	68	128	Poro
29	79	165	Poro
51	107	122	Poro
31	99	177	Poro
29	94	157	Poro
34	102	162	Poro
25	83	145	Poro
17	60	108	Poro
28	96	165	Poro
21	68	116	Poro
45	105	155	Poro
12	23	61	Poro
27	87	139	Poro
40	93	131	Poro
19	66	122	Poro
27	98	173	Poro
28	97	171	Poro
30	102	158	Poro
30	101	171	Poro
31	73	121	Poro
7	23	78	Poro
41	91	127	Poro
59	105	169	Poro
49	106	152	Poro
83	132	149	Poro
42	88	98	Poro
22	64	107	Poro
31	93	126	Poro
30	93	151	Poro
31	96	163	Poro
28	95	147	Poro
38	97	147	Poro
40	101	136	Poro
41	97	124	Poro
27	96	170	Poro
24	68	131	Poro
30	76	130	Poro
20	62	120	Poro
26	79	140	Poro
22	62	114	Poro
30	99	180	Poro
36	100	137	Poro
22	93	168	Poro
44	111	146	Poro
30	81	132	Poro
28	90	137	Poro
31	101	177	Poro
21	84	163	Poro
28	100	168	Poro
22	83	160	Poro
31	97	169	Poro
36	95	147	Poro
16	65	116	Poro
23	54	110	Poro
17	83	129	Poro
27	79	139	Poro
53	98	114	Poro
37	94	131	Poro
20	61	112	Poro
25	92	158	Poro
43	110	151	Poro
31	97	156	Poro
59	126	129	Poro
25	80	130	Poro
44	104	132	Poro
15	59	112	Poro
25	95	176	Poro
11	59	141	Poro
26	82	133	Poro
24	71	113	Poro
46	104	136	Poro
4	28	67	Poro
40	105	141	Poro
29	94	175	Poro
61	118	163	Poro
24	95	179	Poro
31	102	170	Poro
23	68	84	Poro
34	98	154	Poro
20	86	157	Poro
28	84	141	Poro
59	120	151	Poro
26	72	163	Poro
26	90	184	Poro
23	79	157	Poro
22	93	156	Poro
20	52	79	Poro
33	109	186	Poro
86	140	134	Poro
13	26	43	Poro
26	99	178	Poro
20	76	128	Poro
22	89	162	Poro
31	107	179	Poro
37	109	162	Poro
27	87	158	Poro
23	69	146	Poro
35	107	176	Poro
20	71	127	Poro
29	101	175	Poro
29	89	155	Poro
26	84	132	Poro
22	80	141	Poro
14	39	74	Poro
61	117	135	Poro
19	61	149	Poro
2	42	87	Poro
16	55	92	Poro
28	94	173	Poro
19	87	158	Poro
29	93	147	Poro
77	141	171	Poro
28	89	149	Poro
12	52	92	Poro
17	76	147	Poro
30	99	179	Poro
48	101	142	Poro
41	105	155	Poro
22	69	143	Poro
33	94	152	Poro
42	94	114	Poro
21	75	150	Poro
24	84	135	Poro
29	96	189	Poro
20	64	124	Poro
20	70	117	Poro
56	138	185	Poro
24	83	130	Poro
6	45	94	Poro
30	96	156	Poro
13	59	125	Poro
23	90	156	Poro
49	93	120	Poro
29	97	183	Poro
29	89	140	Poro
19	77	139	Poro
23	83	157	Poro
18	51	106	Poro
17	69	130	Poro
19	87	173	Poro
14	50	94	Poro
30	79	141	Poro
64	128	154	Poro
29	101	176	Poro
28	97	185	Poro
46	100	107	Poro
24	87	163	Poro
30	89	155	Poro
24	88	145	Poro
41	101	127	Poro
26	90	162	Poro
23	80	127	Poro
30	103	170	Poro
29	96	166	Poro
19	91	157	Poro
24	74	121	Poro
30	97	174	Poro
19	65	130	Poro
47	112	143	Poro
17	75	151	Poro
15	73	153	Poro
34	100	150	Poro
29	97	155	Poro
32	81	103	Poro
24	75	135	Poro
39	87	117	Poro
16	67	127	Poro
30	96	161	Poro
34	104	152	Poro
35	105	181	Poro
13	48	94	Poro
40	108	142	Poro
28	103	174	Poro
43	117	183	Poro
55	103	116	Poro
24	89	148	Poro
43	101	141	Poro
32	106	180	Poro
21	66	119	Poro
28	87	151	Poro
42	88	112	Poro
12	65	134	Poro
22	91	168	Poro
26	101	187	Poro
27	87	131	Poro
46	112	142	Poro
52	120	156	Poro
24	94	173	Poro
41	102	146	Poro
26	66	88	Poro
25	83	132	Poro
24	69	107	Poro
30	95	139	Poro
33	104	187	Poro
31	95	175	Poro
19	82	144	Poro
30	100	179	Poro
41	108	169	Poro
7	35	82	Poro
36	103	142	Poro
12	22	52	Poro
16	41	74	Poro
54	115	148	Poro
11	34	74	Poro
26	89	166	Poro
158	222	222	Solido
164	235	233	Solido
167	235	233	Solido
174	247	238	Solido
169	239	234	Solido
169	241	235	Solido
160	225	222	Solido
169	239	236	Solido
172	241	234	Solido
162	226	227	Solido
155	218	217	Solido
165	238	225	Solido
168	235	233	Solido
169	239	237	Solido
134	195	195	Solido
179	248	238	Solido
169	235	236	Solido
160	226	219	Solido
155	221	216	Solido
156	223	218	Solido
175	242	241	Solido
163	233	230	Solido
157	225	217	Solido
166	238	234	Solido
153	217	211	Solido
152	215	214	Solido
159	223	224	Solido
166	232	218	Solido
170	238	233	Solido
162	223	223	Solido
163	230	219	Solido
152	219	219	Solido
153	215	205	Solido
156	218	217	Solido
163	227	222	Solido
157	224	214	Solido
158	223	222	Solido
163	234	227	Solido
167	239	227	Solido
88	144	129	Solido
167	232	233	Solido
161	229	218	Solido
151	214	207	Solido
138	192	163	Solido
163	231	226	Solido
157	219	220	Solido
135	193	183	Solido
165	236	231	Solido
129	183	168	Solido
159	229	217	Solido
170	238	237	Solido
165	229	219	Solido
164	232	233	Solido
170	240	237	Solido
155	218	217	Solido
170	239	237	Solido
160	227	219	Solido
122	179	171	Solido
163	230	222	Solido
166	233	229	Solido
159	225	223	Solido
170	242	239	Solido
165	234	226	Solido
176	249	241	Solido
114	169	156	Solido
171	243	236	Solido
157	228	219	Solido
164	231	225	Solido
157	223	223	Solido
153	215	209	Solido
154	217	218	Solido
163	232	228	Solido
110	170	175	Solido
175	240	238	Solido
171	242	244	Solido
160	223	223	Solido
156	218	213	Solido
169	234	232	Solido
171	238	237	Solido
130	189	171	Solido
147	207	209	Solido
168	235	232	Solido
163	234	228	Solido
168	233	232	Solido
165	231	228	Solido
158	224	217	Solido
162	230	222	Solido
170	240	237	Solido
150	215	209	Solido
162	229	223	Solido
154	215	213	Solido
152	212	206	Solido
165	234	229	Solido
159	226	225	Solido
162	226	223	Solido
185	254	241	Solido
160	228	221	Solido
145	207	206	Solido
161	228	218	Solido
167	237	235	Solido
140	198	199	Solido
169	238	219	Solido
171	239	236	Solido
152	216	211	Solido
168	230	195	Solido
166	236	233	Solido
153	210	221	Solido
175	245	241	Solido
171	243	238	Solido
169	237	230	Solido
173	241	237	Solido
155	218	219	Solido
159	220	222	Solido
167	240	235	Solido
170	242	233	Solido
117	169	169	Solido
162	231	228	Solido
155	222	219	Solido
158	222	209	Solido
175	246	241	Solido
158	222	219	Solido
167	238	232	Solido
138	198	192	Solido
173	245	243	Solido
173	240	240	Solido
165	233	229	Solido
166	237	234	Solido
100	146	159	Solido
168	239	236	Solido
169	243	237	Solido
163	232	222	Solido
164	234	233	Solido
164	233	228	Solido
173	244	237	Solido
162	232	230	Solido
154	220	220	Solido
165	238	232	Solido
167	237	229	Solido
167	238	235	Solido
171	243	240	Solido
167	236	230	Solido
164	226	219	Solido
153	217	214	Solido
162	232	229	Solido
164	237	231	Solido
160	223	212	Solido
164	233	228	Solido
159	227	219	Solido
83	124	146	Solido
163	231	230	Solido
151	218	208	Solido
165	237	232	Solido
173	239	238	Solido
169	241	239	Solido
162	234	227	Solido
159	224	224	Solido
144	204	201	Solido
169	230	198	Solido
169	238	238	Solido
157	224	224	Solido
167	237	234	Solido
164	235	229	Solido
168	234	228	Solido
166	237	232	Solido
170	245	233	Solido
159	231	226	Solido
172	244	227	Solido
166	238	229	Solido
158	224	205	Solido
154	219	213	Solido
165	233	221	Solido
155	216	191	Solido
127	182	189	Solido
165	235	236	Solido
159	221	211	Solido
165	234	233	Solido
170	240	229	Solido
163	231	234	Solido
162	232	222	Solido
145	215	201	Solido
164	231	229	Solido
160	226	220	Solido
168	237	233	Solido
166	235	231	Solido
93	121	158	Solido
155	225	220	Solido
139	196	194	Solido
160	226	218	Solido
170	241	238	Solido
169	236	233	Solido
163	232	226	Solido
155	217	209	Solido
154	213	210	Solido
173	243	236	Solido
171	238	236	Solido
163	228	222	Solido
164	234	226	Solido
161	226	218	Solido
157	225	221	Solido
170	240	234	Solido
173	245	241	Solido
174	243	240	Solido
171	238	236	Solido
159	226	217	Solido
165	230	219	Solido
170	239	239	Solido
186	254	242	Solido
166	235	226	Solido
171	242	233	Solido
159	221	218	Solido
163	229	220	Solido
164	230	231	Solido
161	229	226	Solido
167	234	228	Solido
159	222	215	Solido
171	241	237	Solido
153	220	216	Solido
164	234	232	Solido
174	245	241	Solido
155	220	216	Solido
166	235	230	Solido
159	222	215	Solido
175	246	241	Solido
164	235	230	Solido
135	202	191	Solido
168	237	237	Solido
157	221	218	Solido
161	232	223	Solido
169	237	234	Solido
159	227	217	Solido
171	242	237	Solido
166	235	228	Solido
153	219	203	Solido
171	239	232	Solido
163	229	224	Solido
157	224	224	Solido
164	228	226	Solido
155	216	213	Solido
160	230	221	Solido
167	239	223	Solido
161	232	230	Solido
160	222	220	Solido
153	214	208	Solido
168	237	234	Solido
149	212	202	Solido
161	228	219	Solido
157	221	218	Solido
143	203	203	Solido
167	234	228	Solido
162	231	226	Solido
161	224	215	Solido
170	243	235	Solido
186	254	231	Solido
161	227	226	Solido
143	206	209	Solido
173	239	238	Solido
155	221	216	Solido
164	236	230	Solido
149	210	208	Solido
155	218	210	Solido
157	219	211	Solido
151	220	217	Solido
137	195	183	Solido
108	163	165	Solido
166	240	233	Solido
146	203	171	Solido
161	230	223	Solido
159	225	226	Solido
169	244	235	Solido
163	231	229	Solido
160	225	219	Solido
170	243	241	Solido
170	240	234	Solido
143	202	198	Solido
145	203	187	Solido
163	224	217	Solido
159	230	226	Solido
159	229	227	Solido
148	211	199	Solido
168	237	225	Solido
167	235	232	Solido
144	203	208	Solido
167	237	236	Solido
166	236	228	Solido
165	236	232	Solido
153	216	210	Solido
158	220	220	Solido
163	234	231	Solido
155	221	221	Solido
161	231	218	Solido
163	228	219	Solido
163	229	209	Solido
161	225	222	Solido
153	214	221	Solido
163	235	224	Solido
163	234	230	Solido
157	223	225	Solido
140	203	206	Solido
158	224	221	Solido
157	222	221	Solido
174	238	225	Solido
168	240	235	Solido
150	216	211	Solido
167	236	236	Solido
169	239	224	Solido
147	210	196	Solido
172	242	233	Solido
169	241	234	Solido
167	230	230	Solido
163	228	221	Solido
169	239	235	Solido
169	240	233	Solido
136	202	197	Solido
165	235	233	Solido
157	221	221	Solido
160	227	222	Solido
153	221	199	Solido
167	236	232	Solido
161	222	214	Solido
173	245	238	Solido
165	232	228	Solido
162	226	218	Solido
161	228	228	Solido
149	214	211	Solido
159	224	218	Solido
167	234	235	Solido
167	237	239	Solido
169	238	238	Solido
153	219	220	Solido
159	223	224	Solido
155	215	206	Solido
148	210	188	Solido
121	185	187	Solido
157	228	222	Solido
159	228	222	Solido
169	243	239	Solido
162	229	223	Solido
131	194	186	Solido
143	203	197	Solido
161	227	224	Solido
146	210	218	Solido
157	217	209	Solido
177	247	232	Solido
145	207	208	Solido
163	229	232	Solido
173	244	237	Solido
164	233	227	Solido
160	225	226	Solido
131	192	188	Solido
172	242	235	Solido
169	239	234	Solido
149	211	191	Solido
173	241	235	Solido
166	238	230	Solido
160	230	224	Solido
166	235	232	Solido
162	229	228	Solido
125	176	173	Solido
134	198	192	Solido
173	241	237	Solido
155	219	215	Solido
151	212	209	Solido
143	203	205	Solido
169	240	235	Solido
162	235	230	Solido
165	239	235	Solido
147	209	209	Solido
175	246	238	Solido
156	221	215	Solido
162	227	226	Solido
169	239	236	Solido
161	230	227	Solido
163	235	232	Solido
118	176	168	Solido
163	231	226	Solido
172	243	236	Solido
177	252	244	Solido
167	237	233	Solido
171	242	237	Solido
152	212	212	Solido
145	205	202	Solido
155	219	220	Solido
165	237	231	Solido
159	226	225	Solido
155	221	214	Solido
171	239	232	Solido
167	235	222	Solido
159	221	223	Solido
155	224	216	Solido
155	221	217	Solido
174	242	237	Solido
156	220	213	Solido
180	252	246	Solido
156	224	214	Solido
170	243	239	Solido
173	243	236	Solido
173	237	221	Solido
163	231	228	Solido
161	232	227	Solido
167	235	226	Solido
169	240	236	Solido
148	211	212	Solido
154	220	217	Solido
167	236	234	Solido
166	238	234	Solido
157	218	219	Solido
173	246	241	Solido
158	222	217	Solido
175	244	239	Solido
158	224	216	Solido
165	232	233	Solido
160	232	225	Solido
161	229	224	Solido
170	246	239	Solido
154	222	217	Solido
156	221	207	Solido
171	241	236	Solido
161	224	218	Solido
145	210	197	Solido
163	231	227	Solido
124	183	187	Solido
146	207	202	Solido
138	195	197	Solido
114	166	169	Solido
162	231	220	Solido
170	239	229	Solido
155	219	218	Solido
156	222	220	Solido
160	232	228	Solido
168	236	237	Solido
141	197	211	Solido
170	239	234	Solido
165	237	228	Solido
165	231	227	Solido
157	220	222	Solido
167	237	234	Solido
140	202	194	Solido
128	185	189	Solido
141	200	185	Solido
168	237	217	Solido
175	240	239	Solido
171	239	236	Solido
172	243	235	Solido
110	165	171	Solido
170	237	235	Solido
171	240	237	Solido
141	202	212	Solido
171	241	240	Solido
167	239	232	Solido
163	230	228	Solido
170	241	236	Solido
156	223	217	Solido
138	204	202	Solido
173	244	234	Solido
144	211	210	Solido
159	225	222	Solido
173	243	240	Solido
169	239	225	Solido
164	230	227	Solido
157	222	219	Solido
166	236	226	Solido
160	223	219	Solido
153	216	211	Solido
162	233	228	Solido
156	221	221	Solido
157	220	211	Solido
171	240	218	Solido
149	217	203	Solido
161	235	228	Solido
144	208	198	Solido
161	233	224	Solido
164	234	232	Solido
157	220	213	Solido
175	248	236	Solido
162	236	227	Solido
171	242	236	Solido
166	234	231	Solido
165	227	229	Solido
167	235	224	Solido
163	231	215	Solido
167	232	232	Solido
174	246	240	Solido
163	232	227	Solido
135	193	183	Solido
163	227	228	Solido
167	237	231	Solido
156	220	217	Solido
161	229	221	Solido
153	214	209	Solido
165	235	228	Solido
168	235	230	Solido
153	215	209	Solido
166	237	234	Solido
173	240	239	Solido
135	199	193	Solido
164	232	230	Solido
166	236	226	Solido
164	233	232	Solido
170	239	231	Solido
155	221	221	Solido
159	223	215	Solido
156	221	223	Solido
153	220	216	Solido
137	195	189	Solido
155	220	195	Solido
161	224	215	Solido
157	217	213	Solido
158	229	223	Solido
168	239	233	Solido
165	234	234	Solido
164	227	228	Solido
139	197	188	Solido
173	241	238	Solido
138	206	205	Solido
163	235	230	Solido
173	246	235	Solido
172	246	240	Solido
134	196	189	Solido
162	231	226	Solido
158	219	206	Solido
155	218	218	Solido
151	212	205	Solido
172	245	240	Solido
152	213	207	Solido
162	228	223	Solido
143	205	199	Solido
169	243	235	Solido
162	231	226	Solido
150	213	212	Solido
163	230	227	Solido
167	235	234	Solido
172	242	236	Solido
152	214	210	Solido
175	241	239	Solido
146	209	205	Solido
161	232	225	Solido
175	246	243	Solido
155	223	219	Solido
153	216	219	Solido
155	217	208	Solido
157	223	223	Solido
163	233	226	Solido
173	242	239	Solido
140	202	170	Solido
175	243	241	Solido
173	242	240	Solido
163	230	219	Solido
163	228	216	Solido
142	211	207	Solido
169	238	232	Solido
167	239	238	Solido
155	218	219	Solido
169	238	229	Solido
166	236	233	Solido
142	203	200	Solido
165	232	227	Solido
155	218	210	Solido
135	201	190	Solido
135	192	177	Solido
159	222	218	Solido
149	218	218	Solido
172	243	233	Solido
167	233	233	Solido
161	225	222	Solido
168	239	230	Solido
139	203	192	Solido
164	234	229	Solido
151	216	208	Solido
177	245	241	Solido
157	222	214	Solido
165	231	228	Solido
158	221	222	Solido
38	60	112	Solido
159	226	220	Solido
164	232	229	Solido
171	246	238	Solido
159	222	225	Solido
170	240	235	Solido
158	221	218	Solido
172	238	231	Solido
159	226	231	Solido
148	212	213	Solido
166	236	226	Solido
162	231	225	Solido
155	220	218	Solido
163	229	228	Solido
168	233	235	Solido
171	241	231	Solido
163	227	229	Solido
149	214	215	Solido
157	229	223	Solido
167	232	231	Solido
171	241	235	Solido
161	229	221	Solido
145	213	216	Solido
175	248	245	Solido
165	236	232	Solido
164	234	227	Solido
163	229	219	Solido
145	213	204	Solido
171	243	233	Solido
148	209	200	Solido
169	239	238	Solido
144	205	200	Solido
161	226	223	Solido
173	243	242	Solido
160	223	218	Solido
146	212	206	Solido
164	235	230	Solido
171	236	235	Solido
169	235	236	Solido
146	211	197	Solido
162	233	228	Solido
167	240	237	Solido
133	196	200	Solido
159	223	222	Solido
161	233	226	Solido
159	231	224	Solido
159	223	223	Solido
166	236	226	Solido
169	241	234	Solido
151	214	204	Solido
157	226	226	Solido
137	199	198	Solido
160	226	219	Solido
161	228	228	Solido
160	229	225	Solido
167	235	223	Solido
149	212	195	Solido
130	188	180	Solido
93	149	146	Solido
154	215	208	Solido
167	237	234	Solido
153	218	207	Solido
166	233	227	Solido
173	246	236	Solido
149	212	209	Solido
154	218	214	Solido
95	141	165	Solido
84	135	156	Solido
164	233	227	Solido
164	229	231	Solido
161	228	225	Solido
151	216	216	Solido
167	235	233	Solido
175	245	242	Solido
172	242	239	Solido
175	247	242	Solido
174	244	238	Solido
163	227	224	Solido
124	183	185	Solido
169	237	232	Solido
88	134	149	Solido
170	243	239	Solido
144	204	187	Solido
168	235	231	Solido
165	230	226	Solido
154	219	214	Solido
160	224	218	Solido
164	235	228	Solido
158	222	219	Solido
176	247	231	Solido
151	218	211	Solido
155	216	206	Solido
158	224	224	Solido
168	239	237	Solido
158	223	214	Solido
163	230	225	Solido
153	219	218	Solido
153	218	217	Solido
151	214	210	Solido
169	238	236	Solido
125	187	177	Solido
159	226	219	Solido
171	239	216	Solido
127	183	185	Solido
169	243	238	Solido
171	241	237	Solido
164	230	226	Solido
167	235	231	Solido
172	239	230	Solido
172	244	234	Solido
115	165	144	Solido
167	238	236	Solido
159	222	222	Solido
160	221	216	Solido
158	222	212	Solido
169	237	233	Solido
165	233	226	Solido
147	207	199	Solido
167	235	234	Solido
170	238	234	Solido
159	227	225	Solido
172	238	224	Solido
147	204	210	Solido
162	231	229	Solido
152	212	183	Solido
166	239	233	Solido
157	219	218	Solido
177	245	242	Solido
162	232	229	Solido
161	227	225	Solido
159	226	222	Solido
169	235	235	Solido
165	232	231	Solido
162	228	222	Solido
163	236	224	Solido
161	230	219	Solido
151	215	214	Solido
126	186	176	Solido
114	169	176	Solido
170	240	237	Solido
177	244	240	Solido
159	228	223	Solido
148	210	212	Solido
161	222	213	Solido
133	192	183	Solido
169	236	231	Solido
172	235	234	Solido
156	223	218	Solido
177	244	242	Solido
161	228	218	Solido
173	244	239	Solido
167	233	232	Solido
164	233	224	Solido
166	234	234	Solido
158	223	222	Solido
159	230	224	Solido
150	211	209	Solido
139	201	194	Solido
162	230	216	Solido
160	230	225	Solido
165	236	230	Solido
169	240	239	Solido
161	232	223	Solido
170	242	238	Solido
158	220	218	Solido
154	220	199	Solido
145	208	209	Solido
159	229	226	Solido
169	238	237	Solido
167	238	234	Solido
166	235	233	Solido
165	235	223	Solido
161	231	228	Solido
154	218	214	Solido
169	237	235	Solido
153	216	207	Solido
173	238	238	Solido
173	248	242	Solido
168	230	227	Solido
167	239	232	Solido
164	235	227	Solido
163	227	218	Solido
163	234	228	Solido
157	224	223	Solido
150	211	209	Solido
151	214	213	Solido
168	234	228	Solido
169	238	234	Solido
175	243	241	Solido
168	238	236	Solido
165	236	235	Solido
161	224	220	Solido
156	216	208	Solido
140	201	207	Solido
177	249	242	Solido
167	231	222	Solido
137	198	192	Solido
119	177	189	Solido
167	238	230	Solido
158	224	222	Solido
151	212	208	Solido
156	223	220	Solido
174	246	241	Solido
165	238	232	Solido
166	235	228	Solido
167	232	232	Solido
158	222	216	Solido
169	239	230	Solido
144	203	209	Solido
158	224	225	Solido
159	227	219	Solido
169	241	240	Solido
167	238	232	Solido
172	239	238	Solido
169	239	237	Solido
170	240	235	Solido
159	226	223	Solido
160	231	221	Solido
171	240	233	Solido
170	240	238	Solido
159	223	216	Solido
162	233	226	Solido
163	230	226	Solido
158	227	227	Solido
168	239	236	Solido
170	238	233	Solido
115	158	183	Solido
159	222	209	Solido
167	239	238	Solido
164	228	211	Solido
155	220	214	Solido
163	232	228	Solido
135	201	210	Solido
158	223	222	Solido
175	247	241	Solido
165	236	230	Solido
136	200	191	Solido
171	241	232	Solido
157	222	212	Solido
154	217	219	Solido
40	73	124	Solido
159	223	224	Solido
153	219	216	Solido
151	218	213	Solido
160	228	224	Solido
171	243	236	Solido
163	227	228	Solido
177	243	235	Solido
165	231	227	Solido
149	215	215	Solido
158	224	219	Solido
155	215	204	Solido
175	246	243	Solido
145	209	211	Solido
149	213	218	Solido
163	228	224	Solido
143	205	198	Solido
171	243	240	Solido
167	237	232	Solido
161	231	227	Solido
160	223	214	Solido
158	227	227	Solido
171	239	236	Solido
152	212	207	Solido
167	239	235	Solido
114	181	183	Solido
160	228	216	Solido
157	219	210	Solido
158	222	220	Solido
168	234	234	Solido
159	224	218	Solido
162	226	222	Solido
163	235	228	Solido
151	215	215	Solido
157	219	212	Solido
157	221	222	Solido
172	246	238	Solido
139	206	194	Solido
162	232	226	Solido
167	230	229	Solido
159	226	223	Solido
165	230	227	Solido
157	223	221	Solido
164	232	229	Solido
168	240	235	Solido
164	231	229	Solido
171	242	239	Solido
166	230	230	Solido
164	229	216	Solido
157	220	219	Solido
153	219	214	Solido
132	185	166	Solido
174	237	244	Solido
172	241	240	Solido
155	224	218	Solido
154	219	215	Solido
169	239	235	Solido
157	222	222	Solido
169	241	234	Solido
156	222	214	Solido
146	208	204	Solido
166	232	230	Solido
167	237	230	Solido
138	201	209	Solido
171	240	232	Solido
171	238	237	Solido
165	232	229	Solido
147	211	202	Solido
156	218	216	Solido
163	232	229	Solido
167	233	237	Solido
163	232	228	Solido
122	175	178	Solido
152	217	208	Solido
162	228	226	Solido
169	240	235	Solido
163	229	223	Solido
166	238	233	Solido
142	213	208	Solido
155	220	219	Solido
158	224	222	Solido
158	222	224	Solido
156	217	213	Solido
50	101	125	Solido
169	237	233	Solido
130	189	183	Solido
162	224	215	Solido
157	219	219	Solido
138	196	193	Solido
165	237	232	Solido
147	213	210	Solido
156	221	213	Solido
142	200	196	Solido
168	236	234	Solido
175	246	240	Solido
159	229	218	Solido
143	202	201	Solido
167	239	234	Solido
163	232	226	Solido
146	204	206	Solido
166	236	234	Solido
156	226	227	Solido
165	234	231	Solido
156	217	212	Solido
145	201	202	Solido
177	248	242	Solido
163	229	215	Solido
161	227	222	Solido
169	236	235	Solido
173	239	238	Solido
161	227	217	Solido
151	213	210	Solido
159	224	220	Solido
159	223	224	Solido
151	212	204	Solido
172	245	238	Solido
144	201	200	Solido
154	218	219	Solido
131	188	176	Solido
161	232	229	Solido
166	234	227	Solido
168	237	230	Solido
164	232	221	Solido
125	186	185	Solido
167	238	230	Solido
143	209	204	Solido
163	230	220	Solido
159	229	224	Solido
161	226	216	Solido
173	242	226	Solido
166	235	232	Solido
162	231	227	Solido
97	140	153	Solido
176	242	223	Solido
137	201	201	Solido
167	236	229	Solido
141	202	190	Solido
151	216	208	Solido
162	235	229	Solido
170	241	236	Solido
165	237	232	Solido
157	220	214	Solido
109	162	149	Solido
172	242	237	Solido
168	236	232	Solido
144	205	192	Solido
170	243	232	Solido
169	240	239	Solido
140	211	198	Solido
154	216	210	Solido
161	227	225	Solido
149	213	210	Solido
132	196	189	Solido
168	238	236	Solido
154	224	211	Solido
169	240	234	Solido
169	235	224	Solido
162	232	228	Solido
159	225	228	Solido
166	237	234	Solido
161	231	227	Solido
159	231	227	Solido
151	214	215	Solido
171	242	224	Solido
172	239	234	Solido
166	237	234	Solido
160	223	224	Solido
173	242	228	Solido
156	227	223	Solido
146	209	203	Solido
152	217	216	Solido
152	217	213	Solido
128	185	184	Solido
163	232	230	Solido
137	202	203	Solido
154	218	214	Solido
165	236	226	Solido
173	242	239	Solido
122	182	200	Solido
77	129	118	Solido
132	189	183	Solido
147	215	214	Solido
174	240	239	Solido
171	239	226	Solido
165	233	230	Solido
161	230	228	Solido
171	243	231	Solido
157	220	209	Solido
171	243	235	Solido
164	235	230	Solido
155	219	219	Solido
167	237	230	Solido
164	228	228	Solido
153	224	216	Solido
164	230	225	Solido
168	240	237	Solido
173	239	236	Solido
157	222	221	Solido
156	218	215	Solido
163	233	229	Solido
159	223	221	Solido
139	198	189	Solido
165	235	233	Solido
159	222	220	Solido
155	220	217	Solido
173	246	237	Solido
159	223	221	Solido
160	227	221	Solido
161	226	229	Solido
174	246	228	Solido
155	219	211	Solido
167	235	234	Solido
131	187	187	Solido
148	213	204	Solido
167	237	230	Solido
165	231	233	Solido
134	189	170	Solido
167	228	229	Solido
156	224	217	Solido
151	210	211	Solido
163	234	226	Solido
153	219	219	Solido
164	232	226	Solido
145	209	196	Solido
169	238	236	Solido
160	223	215	Solido
144	202	198	Solido
153	220	213	Solido
165	229	229	Solido
171	241	236	Solido
166	231	227	Solido
157	220	222	Solido
162	231	229	Solido
171	239	238	Solido
164	234	229	Solido
159	224	220	Solido
163	235	226	Solido
159	227	225	Solido
173	243	237	Solido
175	247	238	Solido
166	234	230	Solido
156	219	209	Solido
171	243	237	Solido
153	216	208	Solido
128	196	196	Solido
166	235	235	Solido
151	216	219	Solido
157	221	219	Solido
145	203	172	Solido
145	204	178	Solido
154	218	221	Solido
169	241	233	Solido
126	187	186	Solido
157	222	212	Solido
149	211	210	Solido
164	231	227	Solido
176	249	241	Solido
143	211	208	Solido
163	235	231	Solido
169	238	235	Solido
158	221	218	Solido
171	238	235	Solido
154	219	220	Solido
150	214	211	Solido
150	210	203	Solido
161	234	224	Solido
159	229	226	Solido
166	237	234	Solido
132	197	194	Solido
156	217	215	Solido
155	215	220	Solido
163	231	229	Solido
157	223	222	Solido
165	235	225	Solido
161	227	223	Solido
159	223	222	Solido
146	211	209	Solido
163	230	230	Solido
169	240	236	Solido
164	236	235	Solido
156	218	218	Solido
173	239	228	Solido
172	241	237	Solido
158	223	212	Solido
167	230	219	Solido
165	235	231	Solido
163	234	228	Solido
157	222	222	Solido
169	235	228	Solido
169	239	235	Solido
161	226	224	Solido
133	191	200	Solido
154	223	223	Solido
170	240	239	Solido
161	227	219	Solido
148	212	210	Solido
165	235	231	Solido
161	232	223	Solido
170	241	234	Solido
157	221	222	Solido
109	163	162	Solido
155	215	209	Solido
181	252	237	Solido
161	226	217	Solido
162	227	216	Solido
155	219	219	Solido
163	234	229	Solido
162	229	225	Solido
145	206	205	Solido
161	225	220	Solido
161	231	230	Solido
174	238	238	Solido
159	227	226	Solido
163	230	227	Solido
158	222	219	Solido
153	216	215	Solido
159	227	221	Solido
159	225	222	Solido
165	235	233	Solido
164	235	231	Solido
164	230	227	Solido
162	229	224	Solido
98	141	149	Solido
162	225	224	Solido
158	222	221	Solido
149	211	203	Solido
143	198	196	Solido
169	240	218	Solido
165	230	231	Solido
162	231	232	Solido
150	212	219	Solido
151	213	207	Solido
159	224	217	Solido
165	232	228	Solido
168	239	234	Solido
162	229	224	Solido
159	221	220	Solido
161	229	219	Solido
167	238	230	Solido
154	216	210	Solido
161	225	212	Solido
167	231	219	Solido
164	231	228	Solido
135	201	211	Solido
140	197	197	Solido
161	229	226	Solido
164	234	229	Solido
168	240	230	Solido
145	207	211	Solido
157	221	220	Solido
157	220	210	Solido
148	209	203	Solido
155	221	219	Solido
178	248	238	Solido
165	235	223	Solido
171	241	237	Solido
166	235	230	Solido
130	189	185	Solido
151	215	204	Solido
144	206	210	Solido
176	242	222	Solido
167	238	232	Solido
159	224	219	Solido
158	225	226	Solido
145	214	202	Solido
163	229	226	Solido
157	220	219	Solido
159	220	217	Solido
138	200	192	Solido
154	217	219	Solido
158	226	216	Solido
159	225	227	Solido
171	238	232	Solido
154	219	217	Solido
160	229	226	Solido
159	222	213	Solido
159	223	221	Solido
154	214	213	Solido
141	200	201	Solido
167	236	234	Solido
161	225	218	Solido
153	217	203	Solido
152	219	216	Solido
170	236	238	Solido
144	207	195	Solido
158	223	221	Solido
162	232	225	Solido
157	226	217	Solido
150	211	215	Solido
158	225	217	Solido
159	227	225	Solido
153	221	221	Solido
149	212	205	Solido
132	189	177	Solido
178	244	231	Solido
171	242	237	Solido
165	235	234	Solido
164	236	230	Solido
176	244	239	Solido
162	226	230	Solido
172	241	237	Solido
163	233	222	Solido
113	165	189	Solido
155	216	216	Solido
174	245	231	Solido
162	231	217	Solido
164	233	225	Solido
162	234	231	Solido
155	221	217	Solido
173	239	237	Solido
150	211	204	Solido
174	244	239	Solido
159	226	220	Solido
159	225	224	Solido
159	223	222	Solido
156	223	222	Solido
163	230	219	Solido
170	237	234	Solido
153	214	211	Solido
167	237	234	Solido
168	242	232	Solido
169	241	235	Solido
154	215	208	Solido
161	223	215	Solido
160	232	227	Solido
150	212	207	Solido
141	197	190	Solido
157	227	225	Solido
156	218	218	Solido
145	208	197	Solido
148	211	216	Solido
152	214	195	Solido
171	242	236	Solido
109	161	155	Solido
160	222	217	Solido
157	224	216	Solido
149	207	179	Solido
171	243	237	Solido
154	216	213	Solido
164	229	224	Solido
158	222	220	Solido
168	236	235	Solido
157	224	213	Solido
164	235	230	Solido
177	242	217	Solido
157	224	221	Solido
115	183	188	Solido
172	238	237	Solido
148	209	202	Solido
158	223	224	Solido
163	233	226	Solido
164	230	232	Solido
155	216	212	Solido
157	228	220	Solido
168	238	235	Solido
169	238	230	Solido
170	244	232	Solido
157	223	212	Solido
156	217	211	Solido
158	229	224	Solido
151	217	216	Solido
159	229	224	Solido
171	238	233	Solido
153	215	215	Solido
175	246	242	Solido
109	156	180	Solido
145	211	218	Solido
158	224	222	Solido
155	221	221	Solido
147	207	205	Solido
169	237	235	Solido
152	223	217	Solido
162	228	218	Solido
145	209	201	Solido
161	226	217	Solido
163	232	227	Solido
150	212	216	Solido
162	228	223	Solido
151	196	206	Solido
164	234	224	Solido
157	220	216	Solido
151	215	210	Solido
161	224	206	Solido
158	225	216	Solido
164	230	226	Solido
166	235	229	Solido
158	227	223	Solido
118	171	180	Solido
157	225	220	Solido
161	226	222	Solido
156	222	218	Solido
166	233	231	Solido
171	240	236	Solido
159	221	215	Solido
171	243	235	Solido
164	232	224	Solido
172	240	235	Solido
177	251	241	Solido
159	233	228	Solido
148	201	220	Solido
167	236	232	Solido
167	236	231	Solido
163	233	224	Solido
169	239	219	Solido
133	192	184	Solido
149	214	215	Solido
165	232	229	Solido
175	246	223	Solido
147	217	203	Solido
162	233	228	Solido
175	243	241	Solido
155	217	219	Solido
128	185	173	Solido
165	235	233	Solido
145	208	210	Solido
156	224	215	Solido
165	236	232	Solido
151	215	211	Solido
154	217	218	Solido
174	241	239	Solido
159	224	221	Solido
136	194	169	Solido
136	188	186	Solido
168	236	226	Solido
169	241	235	Solido
161	231	224	Solido
168	237	235	Solido
111	167	160	Solido
161	229	223	Solido
176	243	235	Solido
157	221	214	Solido
165	237	232	Solido
149	217	207	Solido
164	228	214	Solido
167	240	232	Solido
135	195	167	Solido
158	228	220	Solido
164	234	233	Solido
137	198	196	Solido
127	187	191	Solido
153	217	209	Solido
158	229	219	Solido
162	228	228	Solido
95	138	169	Solido
167	240	236	Solido
169	238	236	Solido
155	224	218	Solido
130	191	192	Solido
167	235	237	Solido
177	246	228	Solido
159	222	222	Solido
156	220	225	Solido
159	223	223	Solido
163	232	230	Solido
167	235	230	Solido
162	235	230	Solido
168	234	234	Solido
156	217	210	Solido
167	234	235	Solido
155	219	212	Solido
170	239	238	Solido
157	220	216	Solido
159	222	222	Solido
111	167	167	Solido
130	187	191	Solido
173	238	237	Solido
145	209	205	Solido
176	242	237	Solido
156	224	218	Solido
163	233	226	Solido
163	233	227	Solido
166	237	233	Solido
164	224	216	Solido
162	228	225	Solido
170	239	234	Solido
165	232	230	Solido
143	209	206	Solido
158	220	218	Solido
153	216	210	Solido
167	238	233	Solido
170	242	236	Solido
172	242	234	Solido
177	247	230	Solido
149	211	215	Solido
156	223	223	Solido
173	240	239	Solido
177	247	238	Solido
170	238	231	Solido
172	243	237	Solido
159	217	188	Solido
160	224	215	Solido
164	232	229	Solido
148	214	201	Solido
155	220	216	Solido
168	239	233	Solido
143	208	213	Solido
155	214	210	Solido
158	228	224	Solido
139	194	183	Solido
174	242	238	Solido
139	202	192	Solido
150	212	214	Solido
155	217	215	Solido
169	242	237	Solido
161	226	221	Solido
153	221	218	Solido
155	218	218	Solido
159	226	222	Solido
171	242	228	Solido
156	217	217	Solido
168	235	219	Solido
120	176	187	Solido
170	241	238	Solido
165	232	225	Solido
163	228	224	Solido
172	244	240	Solido
165	238	227	Solido
92	145	158	Solido
169	240	238	Solido
148	207	208	Solido
162	235	228	Solido
157	225	229	Solido
168	239	231	Solido
145	206	206	Solido
152	211	207	Solido
157	225	223	Solido
168	242	239	Solido
178	248	244	Solido
157	225	222	Solido
154	216	218	Solido
176	248	243	Solido
161	221	217	Solido
134	193	191	Solido
131	193	186	Solido
155	219	218	Solido
163	231	230	Solido
158	223	212	Solido
172	242	241	Solido
173	239	240	Solido
170	242	238	Solido
166	237	230	Solido
167	237	230	Solido
151	214	219	Solido
162	227	221	Solido
171	240	235	Solido
171	241	236	Solido
167	235	234	Solido
140	198	204	Solido
166	239	234	Solido
168	237	234	Solido
163	231	226	Solido
155	218	216	Solido
161	224	217	Solido
159	222	216	Solido
128	184	187	Solido
165	232	229	Solido
167	236	235	Solido
170	242	238	Solido
150	213	215	Solido
166	236	226	Solido
162	232	229	Solido
141	203	192	Solido
171	241	236	Solido
161	232	229	Solido
164	235	228	Solido
173	241	241	Solido
162	224	217	Solido
157	220	209	Solido
162	228	229	Solido
161	232	222	Solido
167	238	228	Solido
115	172	163	Solido
155	219	213	Solido
149	209	208	Solido
170	240	236	Solido
163	234	222	Solido
173	244	239	Solido
160	227	223	Solido
164	236	231	Solido
166	239	232	Solido
164	238	226	Solido
153	214	214	Solido
166	236	228	Solido
125	186	175	Solido
163	228	225	Solido
159	225	221	Solido
166	238	233	Solido
159	226	222	Solido
162	229	226	Solido
160	224	215	Solido
157	222	216	Solido
169	241	236	Solido
151	214	207	Solido
167	237	233	Solido
164	231	226	Solido
167	238	236	Solido
169	238	233	Solido
157	222	224	Solido
163	234	229	Solido
141	200	191	Solido
153	218	216	Solido
119	181	181	Solido
175	246	239	Solido
173	244	236	Solido
155	220	214	Solido
168	236	230	Solido
156	219	220	Solido
177	249	228	Solido
126	182	185	Solido
174	246	238	Solido
157	222	212	Solido
162	233	228	Solido
158	221	218	Solido
133	197	194	Solido
169	240	234	Solido
150	210	211	Solido
165	228	221	Solido
161	231	223	Solido
169	242	239	Solido
154	222	219	Solido
156	225	219	Solido
168	237	233	Solido
47	90	109	Solido
160	223	227	Solido
166	232	221	Solido
160	231	226	Solido
154	219	213	Solido
152	213	212	Solido
175	246	234	Solido
163	231	225	Solido
158	223	219	Solido
150	215	211	Solido
157	223	222	Solido
162	229	227	Solido
157	227	224	Solido
148	208	213	Solido
161	226	225	Solido
142	203	194	Solido
159	224	211	Solido
164	234	230	Solido
171	237	234	Solido
148	207	210	Solido
159	226	219	Solido
157	220	216	Solido
164	229	225	Solido
142	203	205	Solido
159	223	210	Solido
176	244	246	Solido
167	239	228	Solido
125	187	190	Solido
157	222	221	Solido
156	224	226	Solido
165	233	227	Solido
163	231	223	Solido
155	219	220	Solido
166	233	231	Solido
162	229	223	Solido
127	189	202	Solido
154	215	219	Solido
167	234	227	Solido
164	233	230	Solido
157	222	216	Solido
156	219	211	Solido
161	226	225	Solido
102	165	175	Solido
161	232	225	Solido
150	221	216	Solido
166	227	224	Solido
160	226	221	Solido
159	223	212	Solido
169	239	238	Solido
150	214	212	Solido
176	249	236	Solido
167	237	229	Solido
172	241	236	Solido
163	234	228	Solido
169	237	238	Solido
151	217	207	Solido
143	208	196	Solido
163	233	228	Solido
155	218	219	Solido
157	221	210	Solido
155	218	217	Solido
124	182	190	Solido
153	215	217	Solido
165	235	231	Solido
94	143	175	Solido
163	230	224	Solido
169	238	236	Solido
144	202	211	Solido
166	239	233	Solido
159	231	228	Solido
155	219	206	Solido
165	234	231	Solido
169	240	231	Solido
170	238	237	Solido
132	191	192	Solido
141	202	191	Solido
166	228	221	Solido
147	209	198	Solido
162	225	227	Solido
157	225	221	Solido
171	241	238	Solido
150	215	216	Solido
156	221	218	Solido
165	237	232	Solido
142	204	199	Solido
174	241	236	Solido
151	215	204	Solido
167	238	233	Solido
157	220	222	Solido
171	242	236	Solido
156	217	213	Solido
140	198	197	Solido
170	242	236	Solido
169	242	236	Solido
130	185	179	Solido
169	239	226	Solido
174	246	237	Solido
158	223	220	Solido
158	222	215	Solido
155	222	219	Solido
156	219	220	Solido
171	243	238	Solido
164	232	221	Solido
167	234	215	Solido
157	227	215	Solido
157	222	222	Solido
167	236	233	Solido
171	239	231	Solido
149	211	202	Solido
162	236	223	Solido
158	225	226	Solido
127	185	183	Solido
158	226	225	Solido
172	243	235	Solido
168	235	232	Solido
167	230	228	Solido
166	235	229	Solido
164	231	223	Solido
161	228	224	Solido
130	186	185	Solido
165	232	227	Solido
159	224	223	Solido
153	218	220	Solido
164	228	219	Solido
158	225	218	Solido
136	196	205	Solido
158	227	226	Solido
171	242	237	Solido
163	234	228	Solido
162	229	234	Solido
169	237	233	Solido
160	226	221	Solido
173	240	237	Solido
167	232	224	Solido
165	236	229	Solido
168	234	223	Solido
159	221	222	Solido
161	225	218	Solido
173	241	232	Solido
173	243	233	Solido
164	235	227	Solido
158	223	223	Solido
153	219	216	Solido
170	242	240	Solido
169	239	233	Solido
173	242	235	Solido
154	217	216	Solido
171	240	238	Solido
163	228	227	Solido
157	220	216	Solido
159	224	222	Solido
155	218	208	Solido
157	226	222	Solido
153	220	220	Solido
165	229	227	Solido
150	215	212	Solido
154	214	221	Solido
166	238	235	Solido
132	197	192	Solido
161	229	223	Solido
162	231	215	Solido
169	244	240	Solido
168	238	235	Solido
125	188	191	Solido
135	196	188	Solido
138	199	191	Solido
158	228	224	Solido
137	202	196	Solido
176	247	240	Solido
156	222	216	Solido
157	221	217	Solido
159	224	218	Solido
153	216	216	Solido
123	176	169	Solido
151	223	208	Solido
162	228	219	Solido
163	234	228	Solido
155	217	216	Solido
156	218	211	Solido
163	228	223	Solido
151	213	207	Solido
167	239	228	Solido
152	215	211	Solido
149	212	211	Solido
155	218	217	Solido
163	236	226	Solido
167	234	226	Solido
153	217	215	Solido
165	232	225	Solido
161	230	223	Solido
157	223	222	Solido
157	226	221	Solido
176	243	241	Solido
177	250	238	Solido
164	225	226	Solido
173	240	237	Solido
171	239	235	Solido
174	246	240	Solido
132	199	205	Solido
131	192	198	Solido
170	244	239	Solido
163	231	220	Solido
164	231	232	Solido
158	220	207	Solido
164	234	228	Solido
167	233	221	Solido
126	187	186	Solido
154	223	220	Solido
158	220	221	Solido
157	220	214	Solido
159	225	222	Solido
173	243	240	Solido
162	232	223	Solido
167	235	231	Solido
157	221	218	Solido
161	227	225	Solido
166	234	222	Solido
166	235	230	Solido
159	223	223	Solido
147	210	197	Solido
155	218	215	Solido
164	236	235	Solido
159	228	220	Solido
146	208	174	Solido
160	222	222	Solido
161	229	224	Solido
159	224	221	Solido
151	214	209	Solido
165	234	235	Solido
157	220	222	Solido
171	240	238	Solido
155	220	213	Solido
163	230	224	Solido
175	245	241	Solido
159	226	217	Solido
158	227	222	Solido
167	237	236	Solido
180	244	242	Solido
153	216	214	Solido
154	215	218	Solido
166	238	232	Solido
173	241	233	Solido
162	232	228	Solido
154	216	212	Solido
151	222	213	Solido
165	234	230	Solido
175	244	241	Solido
160	222	213	Solido
153	214	207	Solido
165	232	228	Solido
161	227	227	Solido
117	178	181	Solido
114	158	183	Solido
171	239	236	Solido
144	212	204	Solido
161	227	219	Solido
161	229	220	Solido
151	214	206	Solido
149	209	181	Solido
171	241	232	Solido
169	239	236	Solido
170	240	236	Solido
159	226	220	Solido
154	219	205	Solido
55	99	135	Solido
161	228	225	Solido
157	224	224	Solido
166	232	226	Solido
161	228	227	Solido
168	234	229	Solido
146	212	196	Solido
161	228	225	Solido
142	201	189	Solido
179	252	237	Solido
169	240	232	Solido
151	212	210	Solido
99	153	152	Solido
162	227	223	Solido
159	224	224	Solido
160	224	216	Solido
162	232	226	Solido
154	223	216	Solido
159	232	224	Solido
153	220	215	Solido
141	200	206	Solido
163	228	219	Solido
157	228	224	Solido
163	231	227	Solido
173	243	238	Solido
133	193	188	Solido
167	237	231	Solido
166	237	233	Solido
166	233	229	Solido
124	183	180	Solido
168	238	233	Solido
162	227	224	Solido
170	239	238	Solido
151	214	217	Solido
176	238	226	Solido
154	212	184	Solido
160	222	212	Solido
161	221	195	Solido
159	228	226	Solido
156	217	215	Solido
171	240	238	Solido
151	218	206	Solido
159	228	220	Solido
153	219	220	Solido
155	225	218	Solido
169	237	233	Solido
167	235	225	Solido
173	240	240	Solido
165	231	223	Solido
157	220	213	Solido
131	201	200	Solido
159	225	222	Solido
155	219	213	Solido
147	202	197	Solido
161	234	228	Solido
151	215	222	Solido
170	241	237	Solido
159	222	216	Solido
165	236	229	Solido
142	202	209	Solido
161	230	228	Solido
166	232	226	Solido
159	227	223	Solido
173	246	241	Solido
157	219	218	Solido
163	227	219	Solido
162	226	221	Solido
157	223	215	Solido
155	222	220	Solido
154	215	218	Solido
166	230	228	Solido
161	227	227	Solido
167	235	233	Solido
150	213	211	Solido
163	233	233	Solido
157	224	221	Solido
163	233	226	Solido
165	234	229	Solido
163	229	226	Solido
163	228	220	Solido
174	249	241	Solido
157	222	220	Solido
166	236	234	Solido
169	241	236	Solido
174	246	232	Solido
167	237	226	Solido
167	238	233	Solido
170	236	231	Solido
167	238	219	Solido
163	233	231	Solido
155	226	217	Solido
168	238	225	Solido
164	232	218	Solido
166	235	231	Solido
153	215	207	Solido
151	223	216	Solido
160	226	218	Solido
167	234	222	Solido
161	228	222	Solido
142	204	207	Solido
159	225	223	Solido
158	227	225	Solido
172	241	237	Solido
113	160	163	Solido
169	239	230	Solido
157	225	225	Solido
171	238	238	Solido
124	181	179	Solido
151	213	206	Solido
166	233	230	Solido
167	238	233	Solido
163	230	227	Solido
166	237	232	Solido
161	232	219	Solido
164	236	228	Solido
155	224	211	Solido
162	235	226	Solido
157	228	221	Solido
167	235	232	Solido
169	237	233	Solido
141	195	203	Solido
163	232	228	Solido
158	227	220	Solido
155	219	217	Solido
126	185	165	Solido
164	235	231	Solido
171	237	226	Solido
147	208	210	Solido
159	225	223	Solido
141	207	197	Solido
169	239	236	Solido
169	236	235	Solido
161	224	216	Solido
163	228	229	Solido
163	232	229	Solido
165	234	224	Solido
157	216	180	Solido
166	237	234	Solido
161	230	227	Solido
157	223	222	Solido
173	242	239	Solido
167	236	236	Solido
158	220	213	Solido
141	205	206	Solido
157	219	213	Solido
157	220	220	Solido
159	225	217	Solido
167	237	234	Solido
169	236	235	Solido
163	230	217	Solido
170	239	234	Solido
152	215	210	Solido
167	233	230	Solido
163	229	220	Solido
178	248	242	Solido
143	204	199	Solido
165	238	230	Solido
159	222	204	Solido
155	221	208	Solido
115	172	180	Solido
147	210	202	Solido
147	208	203	Solido
165	231	228	Solido
159	229	222	Solido
161	228	227	Solido
170	239	236	Solido
157	221	223	Solido
165	236	229	Solido
171	240	236	Solido
162	228	222	Solido
173	243	233	Solido
158	224	213	Solido
176	245	231	Solido
159	221	222	Solido
172	243	237	Solido
154	219	215	Solido
175	245	233	Solido
164	230	230	Solido
171	242	235	Solido
159	221	220	Solido
155	225	224	Solido
157	218	214	Solido
155	219	219	Solido
169	238	235	Solido
79	129	155	Solido
159	225	224	Solido
173	240	237	Solido
159	226	222	Solido
119	171	160	Solido
157	225	225	Solido
173	244	233	Solido
167	239	228	Solido
129	190	182	Solido
112	169	171	Solido
165	236	228	Solido
138	199	195	Solido
143	202	203	Solido
163	234	225	Solido
164	228	207	Solido
170	239	234	Solido
159	226	223	Solido
160	231	230	Solido
166	235	230	Solido
161	231	228	Solido
169	239	237	Solido
156	222	220	Solido
155	226	221	Solido
163	229	229	Solido
124	188	188	Solido
160	224	217	Solido
144	205	187	Solido
167	240	235	Solido
165	234	232	Solido
172	235	208	Solido
169	238	233	Solido
156	222	222	Solido
159	224	224	Solido
157	228	223	Solido
159	229	230	Solido
153	216	207	Solido
153	222	219	Solido
156	220	215	Solido
156	219	221	Solido
169	238	230	Solido
169	237	235	Solido
169	238	230	Solido
163	229	228	Solido
157	224	223	Solido
139	195	167	Solido
160	224	217	Solido
93	144	161	Solido
170	241	237	Solido
173	244	235	Solido
176	243	235	Solido
152	216	216	Solido
161	226	220	Solido
171	237	236	Solido
174	242	238	Solido
172	240	240	Solido
149	210	210	Solido
171	239	237	Solido
149	213	204	Solido
160	225	224	Solido
148	214	207	Solido
163	229	227	Solido
114	164	181	Solido
155	217	215	Solido
136	197	183	Solido
160	226	223	Solido
137	197	186	Solido
157	221	211	Solido
122	175	165	Solido
149	212	210	Solido
171	240	240	Solido
168	237	234	Solido
172	243	237	Solido
165	235	231	Solido
162	235	230	Solido
156	217	221	Solido
159	222	228	Solido
133	194	187	Solido
167	237	232	Solido
170	240	236	Solido
166	237	231	Solido
154	217	217	Solido
154	219	217	Solido
112	162	164	Solido
170	237	230	Solido
168	239	233	Solido
151	213	206	Solido
172	244	237	Solido
173	246	232	Solido
153	218	218	Solido
155	226	222	Solido
171	241	240	Solido
170	238	238	Solido
165	235	231	Solido
170	243	236	Solido
162	234	229	Solido
155	221	218	Solido
170	238	236	Solido
157	221	208	Solido
170	241	227	Solido
154	220	218	Solido
157	220	220	Solido
156	220	222	Solido
166	241	234	Solido
159	229	226	Solido
153	216	209	Solido
158	226	222	Solido
165	231	227	Solido
158	226	223	Solido
155	221	216	Solido
147	211	214	Solido
122	182	170	Solido
154	220	214	Solido
106	160	159	Solido
155	219	217	Solido
167	239	234	Solido
170	242	240	Solido
163	235	228	Solido
106	163	178	Solido
116	173	173	Solido
138	202	196	Solido
166	229	221	Solido
157	223	223	Solido
171	243	240	Solido
170	238	228	Solido
161	221	223	Solido
166	234	228	Solido
173	239	235	Solido
169	238	231	Solido
49	72	126	Solido
150	208	180	Solido
164	232	232	Solido
171	244	241	Solido
174	249	243	Solido
159	227	228	Solido
172	243	236	Solido
172	241	234	Solido
134	189	187	Solido
170	240	234	Solido
156	221	215	Solido
171	239	234	Solido
155	222	219	Solido
154	222	213	Solido
169	237	236	Solido
173	242	238	Solido
164	228	226	Solido
160	227	225	Solido
163	230	230	Solido
166	237	230	Solido
165	232	233	Solido
165	232	226	Solido
82	127	150	Solido
159	222	216	Solido
160	225	212	Solido
134	198	186	Solido
159	221	216	Solido
149	213	210	Solido
162	226	219	Solido
171	240	234	Solido
168	238	232	Solido
177	247	243	Solido
173	242	231	Solido
165	234	226	Solido
169	241	238	Solido
157	223	221	Solido
171	245	242	Solido
151	220	217	Solido
160	227	229	Solido
145	205	199	Solido
166	234	228	Solido
135	196	189	Solido
170	237	228	Solido
164	236	231	Solido
161	225	212	Solido
168	237	223	Solido
161	229	226	Solido
163	233	230	Solido
159	224	216	Solido
170	240	229	Solido
141	205	198	Solido
142	207	200	Solido
163	231	230	Solido
152	222	217	Solido
127	183	155	Solido
174	246	240	Solido
169	237	232	Solido
159	225	221	Solido
160	229	223	Solido
159	222	221	Solido
167	237	232	Solido
165	231	228	Solido
175	246	240	Solido
167	239	236	Solido
164	223	220	Solido
156	221	220	Solido
158	224	216	Solido
155	218	209	Solido
166	234	233	Solido
156	219	212	Solido
165	230	230	Solido
151	217	216	Solido
173	239	238	Solido
164	235	234	Solido
162	227	215	Solido
169	236	233	Solido
154	220	224	Solido
162	231	222	Solido
164	234	226	Solido
169	241	235	Solido
166	234	232	Solido
156	215	216	Solido
127	183	186	Solido
139	203	193	Solido
151	216	216	Solido
159	222	213	Solido
155	221	221	Solido
161	229	223	Solido
160	227	216	Solido
158	221	216	Solido
151	214	215	Solido
175	243	240	Solido
165	236	228	Solido
167	232	232	Solido
168	239	234	Solido
149	210	218	Solido
153	220	217	Solido
157	221	217	Solido
167	235	231	Solido
143	204	214	Solido
144	206	205	Solido
147	205	207	Solido
167	235	233	Solido
163	228	217	Solido
167	230	234	Solido
132	195	189	Solido
141	205	203	Solido
161	229	229	Solido
148	209	217	Solido
147	215	205	Solido
165	233	223	Solido
173	241	234	Solido
148	213	211	Solido
155	221	220	Solido
155	217	206	Solido
163	234	226	Solido
153	217	194	Solido
136	189	172	Solido
163	228	225	Solido
171	237	234	Solido
163	230	228	Solido
159	229	220	Solido
144	199	194	Solido
101	155	161	Solido
172	244	240	Solido
168	237	231	Solido
169	235	232	Solido
131	191	178	Solido
160	224	214	Solido
169	237	234	Solido
170	240	233	Solido
159	224	224	Solido
121	176	182	Solido
157	223	217	Solido
151	210	201	Solido
156	223	219	Solido
167	238	228	Solido
153	218	212	Solido
151	218	218	Solido
168	237	236	Solido
158	224	228	Solido
177	244	240	Solido
167	236	235	Solido
162	228	226	Solido
141	205	191	Solido
169	241	239	Solido
148	210	206	Solido
138	200	194	Solido
167	235	232	Solido
163	231	229	Solido
157	231	226	Solido
157	220	208	Solido
157	223	202	Solido
165	237	228	Solido
161	228	226	Solido
164	226	220	Solido
159	232	227	Solido
171	238	233	Solido
158	220	212	Solido
158	221	232	Solido
169	237	233	Solido
139	198	198	Solido
167	238	233	Solido
165	231	232	Solido
161	231	228	Solido
145	206	205	Solido
169	239	230	Solido
165	239	235	Solido
164	235	231	Solido
151	217	214	Solido
153	216	218	Solido
157	220	223	Solido
155	222	220	Solido
163	232	229	Solido
153	213	206	Solido
137	202	191	Solido
177	249	247	Solido
172	245	240	Solido
160	227	223	Solido
159	229	226	Solido
171	242	239	Solido
175	245	238	Solido
169	236	232	Solido
155	221	214	Solido
173	244	242	Solido
164	234	222	Solido
153	217	218	Solido
167	235	227	Solido
164	234	232	Solido
159	222	213	Solido
148	211	208	Solido
171	244	237	Solido
163	231	228	Solido
169	237	233	Solido
164	232	227	Solido
117	170	168	Solido
173	245	241	Solido
169	238	237	Solido
120	174	187	Solido
83	133	167	Solido
127	187	185	Solido
161	229	219	Solido
169	235	236	Solido
151	218	197	Solido
161	225	218	Solido
175	245	245	Solido
159	220	208	Solido
164	232	225	Solido
149	215	213	Solido
169	242	232	Solido
161	225	221	Solido
153	219	217	Solido
166	236	231	Solido
160	224	223	Solido
162	227	215	Solido
154	223	220	Solido
154	218	214	Solido
158	223	223	Solido
157	218	212	Solido
130	193	190	Solido
159	226	223	Solido
167	240	237	Solido
155	220	219	Solido
159	230	226	Solido
163	230	225	Solido
167	235	228	Solido
160	222	228	Solido
166	234	234	Solido
165	231	226	Solido
143	205	194	Solido
167	238	232	Solido
169	239	237	Solido
162	227	224	Solido
169	237	232	Solido
165	232	222	Solido
175	246	237	Solido
157	214	202	Solido
171	240	238	Solido
169	237	237	Solido
144	205	202	Solido
155	222	213	Solido
159	228	227	Solido
144	203	182	Solido
163	226	223	Solido
145	207	206	Solido
161	231	225	Solido
157	224	221	Solido
171	243	241	Solido
141	203	188	Solido
161	227	220	Solido
172	242	240	Solido
159	225	210	Solido
155	219	211	Solido
149	211	210	Solido
150	219	213	Solido
164	234	227	Solido
157	228	228	Solido
159	228	215	Solido
159	223	215	Solido
158	220	224	Solido
151	210	203	Solido
152	215	193	Solido
167	235	225	Solido
174	247	239	Solido
169	233	233	Solido
164	236	231	Solido
165	231	233	Solido
167	237	234	Solido
171	241	237	Solido
162	228	229	Solido
157	221	213	Solido
172	241	234	Solido
166	233	225	Solido
168	238	225	Solido
171	243	235	Solido
165	234	230	Solido
159	226	223	Solido
171	238	237	Solido
171	239	239	Solido
167	235	233	Solido
163	234	220	Solido
161	232	225	Solido
133	193	207	Solido
165	235	233	Solido
134	180	197	Solido
157	222	214	Solido
156	221	218	Solido
160	232	226	Solido
151	213	215	Solido
163	232	224	Solido
140	199	198	Solido
159	228	222	Solido
157	225	221	Solido
165	237	228	Solido
168	235	233	Solido
170	239	236	Solido
171	240	235	Solido
159	227	217	Solido
168	234	230	Solido
153	217	197	Solido
162	231	229	Solido
166	231	220	Solido
169	240	237	Solido
162	229	220	Solido
153	214	202	Solido
169	234	225	Solido
161	225	225	Solido
160	229	224	Solido
158	224	221	Solido
164	231	225	Solido
158	224	213	Solido
156	222	219	Solido
163	236	228	Solido
167	241	232	Solido
162	229	227	Solido
154	218	212	Solido
