10	56	114	Poro
31	105	182	Poro
40	113	190	Poro
24	78	135	Poro
40	77	87	Poro
40	93	133	Poro
26	72	126	Poro
22	75	135	Poro
23	69	114	Poro
31	106	182	Poro
29	109	183	Poro
24	86	139	Poro
52	117	179	Poro
22	72	137	Poro
35	102	141	Poro
30	96	153	Poro
19	54	82	Poro
32	104	155	Poro
28	81	146	Poro
40	97	137	Poro
58	125	153	Poro
10	40	95	Poro
30	102	166	Poro
35	108	189	Poro
33	98	179	Poro
54	121	165	Poro
19	67	131	Poro
29	105	170	Poro
31	94	144	Poro
22	74	120	Poro
33	101	160	Poro
65	133	155	Poro
32	94	155	Poro
23	69	77	Poro
14	71	147	Poro
31	98	175	Poro
31	94	155	Poro
35	77	116	Poro
31	105	178	Poro
32	105	154	Poro
24	61	76	Poro
14	69	122	Poro
30	106	173	Poro
31	105	169	Poro
37	105	182	Poro
23	81	126	Poro
27	93	144	Poro
37	73	108	Poro
39	114	155	Poro
44	122	182	Poro
27	71	126	Poro
42	123	185	Poro
35	116	191	Poro
39	110	160	Poro
27	99	151	Poro
33	110	178	Poro
7	35	82	Poro
27	108	173	Poro
30	102	162	Poro
32	93	179	Poro
28	75	133	Poro
33	100	162	Poro
24	77	167	Poro
31	110	187	Poro
29	93	169	Poro
40	114	158	Poro
29	69	87	Poro
30	96	142	Poro
33	108	185	Poro
38	121	173	Poro
17	79	142	Poro
38	111	170	Poro
32	105	183	Poro
33	106	171	Poro
34	109	151	Poro
29	87	176	Poro
32	106	165	Poro
32	101	173	Poro
31	79	105	Poro
31	101	183	Poro
33	93	136	Poro
30	112	183	Poro
31	106	183	Poro
34	105	183	Poro
55	122	164	Poro
39	115	185	Poro
35	107	189	Poro
38	98	137	Poro
15	59	127	Poro
32	84	122	Poro
27	91	167	Poro
20	76	131	Poro
6	32	73	Poro
35	105	188	Poro
32	94	151	Poro
39	113	193	Poro
26	97	180	Poro
22	80	117	Poro
42	110	184	Poro
28	93	156	Poro
35	85	108	Poro
32	104	179	Poro
36	81	101	Poro
28	101	161	Poro
44	111	149	Poro
36	105	179	Poro
25	94	173	Poro
33	101	186	Poro
37	116	166	Poro
63	132	157	Poro
35	104	165	Poro
30	106	185	Poro
32	97	171	Poro
32	101	183	Poro
38	117	183	Poro
45	127	193	Poro
34	104	183	Poro
21	99	159	Poro
27	97	176	Poro
61	102	106	Poro
36	112	192	Poro
56	124	161	Poro
32	92	131	Poro
37	104	185	Poro
54	124	178	Poro
42	101	141	Poro
30	96	162	Poro
28	88	150	Poro
39	120	175	Poro
19	56	130	Poro
35	102	157	Poro
33	102	154	Poro
46	98	144	Poro
23	50	74	Poro
40	119	174	Poro
25	88	144	Poro
23	71	135	Poro
31	101	180	Poro
51	123	166	Poro
30	108	182	Poro
31	87	135	Poro
33	115	192	Poro
27	98	183	Poro
44	127	184	Poro
45	97	109	Poro
42	108	154	Poro
32	99	179	Poro
33	104	177	Poro
32	106	175	Poro
41	115	190	Poro
19	56	81	Poro
36	104	153	Poro
27	85	152	Poro
49	119	171	Poro
36	107	163	Poro
23	73	125	Poro
32	103	146	Poro
37	89	116	Poro
29	96	179	Poro
25	77	113	Poro
34	104	167	Poro
28	104	159	Poro
72	142	173	Poro
8	61	130	Poro
31	92	143	Poro
23	64	89	Poro
71	141	181	Poro
22	81	129	Poro
22	68	97	Poro
29	99	176	Poro
41	113	168	Poro
32	105	168	Poro
16	76	124	Poro
30	76	95	Poro
29	103	168	Poro
38	113	187	Poro
36	103	158	Poro
31	110	173	Poro
35	112	177	Poro
29	107	170	Poro
40	112	159	Poro
36	115	177	Poro
32	93	132	Poro
22	69	117	Poro
106	174	212	Poro
43	109	158	Poro
89	163	207	Poro
55	112	164	Poro
34	98	145	Poro
19	69	135	Poro
37	107	165	Poro
34	99	142	Poro
36	98	155	Poro
36	90	115	Poro
35	108	172	Poro
30	80	149	Poro
32	108	172	Poro
65	123	143	Poro
43	106	146	Poro
72	139	187	Poro
32	112	183	Poro
36	114	191	Poro
18	49	81	Poro
30	111	171	Poro
35	78	109	Poro
29	73	80	Poro
31	80	143	Poro
31	104	163	Poro
75	137	155	Poro
41	110	161	Poro
32	95	170	Poro
32	104	176	Poro
13	54	96	Poro
33	95	137	Poro
35	72	75	Poro
33	94	170	Poro
35	108	178	Poro
20	59	90	Poro
18	63	122	Poro
27	71	106	Poro
25	99	168	Poro
42	119	171	Poro
31	101	157	Poro
34	105	133	Poro
39	106	168	Poro
33	103	157	Poro
53	114	155	Poro
30	101	183	Poro
32	112	188	Poro
29	111	175	Poro
38	118	178	Poro
26	97	171	Poro
32	94	141	Poro
32	103	178	Poro
26	69	109	Poro
33	101	187	Poro
24	68	128	Poro
26	108	182	Poro
32	103	188	Poro
36	106	162	Poro
40	123	200	Poro
19	73	128	Poro
58	132	175	Poro
15	41	88	Poro
31	100	150	Poro
34	112	178	Poro
29	75	98	Poro
31	108	166	Poro
35	102	167	Poro
32	82	113	Poro
35	112	191	Poro
30	102	184	Poro
16	48	54	Poro
33	104	133	Poro
27	98	183	Poro
34	107	167	Poro
19	51	87	Poro
32	101	176	Poro
39	108	155	Poro
43	115	170	Poro
35	113	185	Poro
40	112	192	Poro
25	69	114	Poro
30	102	159	Poro
35	116	184	Poro
35	109	179	Poro
38	113	179	Poro
69	128	154	Poro
48	96	138	Poro
33	113	171	Poro
64	119	136	Poro
29	93	167	Poro
23	76	117	Poro
26	102	172	Poro
36	103	143	Poro
18	81	148	Poro
29	101	183	Poro
46	110	159	Poro
21	81	126	Poro
41	114	171	Poro
29	87	137	Poro
67	131	159	Poro
13	40	86	Poro
15	65	123	Poro
28	96	174	Poro
36	99	155	Poro
40	121	199	Poro
37	108	168	Poro
12	68	119	Poro
28	90	161	Poro
32	103	181	Poro
34	106	181	Poro
42	103	150	Poro
33	109	180	Poro
31	96	151	Poro
34	86	121	Poro
33	81	121	Poro
37	105	156	Poro
13	66	151	Poro
21	74	132	Poro
20	64	127	Poro
75	118	145	Poro
31	99	175	Poro
34	108	175	Poro
36	98	147	Poro
35	99	151	Poro
48	83	100	Poro
29	99	157	Poro
45	109	158	Poro
31	99	167	Poro
33	101	177	Poro
35	96	162	Poro
44	100	132	Poro
47	111	136	Poro
28	94	163	Poro
33	106	169	Poro
8	43	117	Poro
32	103	183	Poro
35	109	192	Poro
27	79	114	Poro
37	109	182	Poro
57	92	114	Poro
21	54	105	Poro
29	82	135	Poro
27	73	107	Poro
29	81	143	Poro
26	97	176	Poro
26	92	155	Poro
31	84	122	Poro
31	106	177	Poro
33	107	177	Poro
41	113	166	Poro
47	82	93	Poro
30	77	136	Poro
29	103	180	Poro
24	67	102	Poro
31	114	187	Poro
28	91	156	Poro
44	114	178	Poro
29	91	147	Poro
36	111	189	Poro
9	58	132	Poro
44	113	147	Poro
30	77	105	Poro
34	104	175	Poro
33	99	159	Poro
12	44	58	Poro
17	45	67	Poro
33	97	154	Poro
48	92	102	Poro
36	106	156	Poro
38	114	195	Poro
34	114	183	Poro
45	120	197	Poro
35	106	167	Poro
67	131	183	Poro
34	99	162	Poro
8	52	106	Poro
33	108	185	Poro
35	107	180	Poro
41	95	104	Poro
30	83	168	Poro
16	71	133	Poro
29	107	159	Poro
33	110	175	Poro
39	120	192	Poro
39	118	177	Poro
33	98	152	Poro
28	98	153	Poro
36	115	171	Poro
21	76	175	Poro
22	89	146	Poro
32	93	126	Poro
37	113	181	Poro
16	92	172	Poro
33	96	135	Poro
43	103	116	Poro
118	184	180	Poro
49	113	153	Poro
38	122	192	Poro
27	91	149	Poro
30	108	175	Poro
29	91	137	Poro
28	96	170	Poro
24	105	162	Poro
34	105	162	Poro
30	111	183	Poro
21	53	78	Poro
37	101	138	Poro
37	112	177	Poro
29	92	117	Poro
38	107	169	Poro
31	105	171	Poro
33	96	147	Poro
58	114	141	Poro
33	104	165	Poro
12	42	69	Poro
26	58	111	Poro
35	76	124	Poro
21	78	142	Poro
18	63	162	Poro
26	90	152	Poro
49	105	136	Poro
27	85	128	Poro
38	114	189	Poro
34	105	181	Poro
47	109	129	Poro
27	98	157	Poro
41	123	181	Poro
35	101	149	Poro
33	109	186	Poro
23	85	115	Poro
31	108	187	Poro
33	103	152	Poro
36	119	185	Poro
44	126	192	Poro
27	81	135	Poro
32	100	158	Poro
33	102	160	Poro
41	97	137	Poro
27	67	81	Poro
28	72	90	Poro
23	77	141	Poro
45	98	121	Poro
22	80	152	Poro
31	68	87	Poro
70	129	150	Poro
24	71	69	Poro
28	101	169	Poro
41	114	175	Poro
39	115	172	Poro
34	108	179	Poro
36	112	177	Poro
28	92	148	Poro
32	105	175	Poro
32	90	138	Poro
38	111	169	Poro
27	93	151	Poro
29	77	84	Poro
34	84	120	Poro
29	109	171	Poro
16	63	93	Poro
23	69	131	Poro
28	102	180	Poro
182	238	180	Poro
32	106	160	Poro
19	67	115	Poro
24	84	126	Poro
37	115	175	Poro
33	82	104	Poro
30	86	118	Poro
44	123	187	Poro
28	101	159	Poro
33	112	168	Poro
61	139	188	Poro
14	46	66	Poro
28	106	167	Poro
40	120	179	Poro
55	134	191	Poro
45	109	152	Poro
25	62	99	Poro
47	116	183	Poro
51	135	186	Poro
31	97	162	Poro
30	104	162	Poro
38	119	187	Poro
24	85	138	Poro
29	89	146	Poro
32	92	136	Poro
30	92	167	Poro
37	112	167	Poro
16	42	59	Poro
23	77	144	Poro
20	73	149	Poro
26	80	129	Poro
33	96	146	Poro
34	103	166	Poro
30	105	167	Poro
29	72	96	Poro
32	105	166	Poro
17	71	130	Poro
52	94	131	Poro
36	104	151	Poro
29	61	70	Poro
10	47	112	Poro
25	100	179	Poro
29	99	173	Poro
40	114	176	Poro
32	98	171	Poro
46	107	146	Poro
14	59	123	Poro
43	121	171	Poro
28	104	184	Poro
35	98	150	Poro
23	63	98	Poro
23	75	123	Poro
8	53	106	Poro
37	105	159	Poro
44	100	134	Poro
40	122	194	Poro
36	104	138	Poro
35	106	157	Poro
41	115	186	Poro
34	95	142	Poro
33	101	161	Poro
40	105	162	Poro
36	103	165	Poro
41	120	177	Poro
37	105	159	Poro
17	57	82	Poro
22	58	78	Poro
32	105	183	Poro
121	184	182	Poro
31	91	145	Poro
32	103	184	Poro
35	89	149	Poro
107	180	197	Poro
26	55	97	Poro
35	109	163	Poro
43	119	180	Poro
24	85	159	Poro
49	121	179	Poro
37	113	192	Poro
25	91	157	Poro
13	41	73	Poro
32	112	187	Poro
37	115	165	Poro
33	107	178	Poro
33	115	187	Poro
39	105	150	Poro
21	68	95	Poro
37	112	171	Poro
24	51	82	Poro
31	85	135	Poro
46	90	103	Poro
31	91	149	Poro
28	89	157	Poro
27	77	127	Poro
20	56	76	Poro
81	147	182	Poro
31	110	173	Poro
33	108	159	Poro
30	99	167	Poro
44	120	194	Poro
40	103	137	Poro
22	75	122	Poro
30	101	174	Poro
27	84	157	Poro
27	91	164	Poro
52	104	133	Poro
30	91	153	Poro
42	100	138	Poro
30	103	189	Poro
29	108	178	Poro
35	112	192	Poro
26	107	181	Poro
40	75	88	Poro
30	105	184	Poro
80	149	201	Poro
33	106	185	Poro
29	103	187	Poro
26	100	159	Poro
24	93	172	Poro
29	85	147	Poro
32	74	107	Poro
36	107	186	Poro
50	115	165	Poro
35	97	149	Poro
30	89	161	Poro
84	148	186	Poro
17	48	101	Poro
39	124	195	Poro
51	107	118	Poro
46	97	113	Poro
29	89	126	Poro
43	114	175	Poro
38	104	166	Poro
24	76	122	Poro
28	102	166	Poro
33	111	184	Poro
34	108	173	Poro
44	112	174	Poro
33	108	184	Poro
29	110	171	Poro
31	113	191	Poro
25	69	117	Poro
17	67	127	Poro
31	100	166	Poro
12	43	101	Poro
32	95	165	Poro
20	50	73	Poro
30	106	158	Poro
13	59	113	Poro
27	85	135	Poro
33	97	167	Poro
41	111	160	Poro
30	101	184	Poro
36	106	184	Poro
26	98	175	Poro
9	63	121	Poro
127	198	226	Poro
24	86	154	Poro
35	95	136	Poro
28	100	175	Poro
44	123	184	Poro
25	100	179	Poro
18	55	78	Poro
43	126	184	Poro
31	93	173	Poro
33	84	107	Poro
34	111	169	Poro
38	107	152	Poro
21	87	175	Poro
33	102	163	Poro
38	108	163	Poro
41	113	178	Poro
16	79	143	Poro
31	100	183	Poro
33	93	168	Poro
30	100	175	Poro
28	96	172	Poro
30	94	152	Poro
36	109	157	Poro
40	85	118	Poro
7	49	113	Poro
40	118	193	Poro
34	106	173	Poro
43	116	184	Poro
28	108	182	Poro
35	111	191	Poro
76	141	162	Poro
32	96	149	Poro
45	96	117	Poro
37	110	165	Poro
22	86	133	Poro
38	88	166	Poro
30	102	179	Poro
36	84	116	Poro
27	76	141	Poro
31	99	166	Poro
45	120	177	Poro
82	149	197	Poro
32	101	180	Poro
30	101	160	Poro
16	53	87	Poro
31	96	159	Poro
26	109	173	Poro
23	48	93	Poro
37	111	177	Poro
23	89	164	Poro
39	103	139	Poro
27	76	134	Poro
34	102	157	Poro
37	114	179	Poro
23	74	121	Poro
32	73	91	Poro
6	57	131	Poro
37	109	153	Poro
17	45	74	Poro
26	93	168	Poro
30	105	181	Poro
36	92	126	Poro
38	113	184	Poro
27	87	137	Poro
35	107	187	Poro
48	106	140	Poro
22	61	86	Poro
25	93	139	Poro
36	108	171	Poro
37	115	170	Poro
39	108	176	Poro
26	101	172	Poro
8	35	85	Poro
33	96	151	Poro
32	108	187	Poro
30	104	164	Poro
42	101	133	Poro
30	100	157	Poro
36	71	83	Poro
29	105	181	Poro
86	153	167	Poro
28	98	154	Poro
26	88	134	Poro
30	100	171	Poro
9	33	65	Poro
34	102	160	Poro
28	99	175	Poro
24	105	170	Poro
29	106	168	Poro
34	104	187	Poro
32	107	185	Poro
33	104	167	Poro
175	229	187	Poro
31	91	140	Poro
31	97	151	Poro
32	87	116	Poro
27	69	84	Poro
29	84	123	Poro
62	116	127	Poro
19	82	164	Poro
53	91	95	Poro
30	91	140	Poro
26	98	179	Poro
33	111	171	Poro
37	84	92	Poro
37	107	189	Poro
35	96	126	Poro
32	100	162	Poro
20	73	150	Poro
29	79	144	Poro
12	37	58	Poro
64	131	175	Poro
10	42	108	Poro
16	54	83	Poro
29	92	167	Poro
14	64	117	Poro
38	117	185	Poro
34	94	156	Poro
38	92	155	Poro
58	121	144	Poro
28	93	151	Poro
38	111	190	Poro
26	93	150	Poro
42	114	169	Poro
38	101	151	Poro
36	117	191	Poro
29	72	102	Poro
37	113	164	Poro
36	98	163	Poro
26	58	95	Poro
30	98	168	Poro
30	112	188	Poro
20	77	141	Poro
31	104	166	Poro
32	96	155	Poro
35	113	183	Poro
32	110	193	Poro
20	80	136	Poro
38	105	184	Poro
48	100	130	Poro
45	120	188	Poro
26	82	147	Poro
34	110	189	Poro
33	109	172	Poro
56	128	182	Poro
37	114	185	Poro
53	101	128	Poro
49	115	111	Poro
32	97	153	Poro
41	119	191	Poro
49	119	166	Poro
27	73	89	Poro
37	105	161	Poro
21	57	80	Poro
38	100	179	Poro
29	105	181	Poro
28	106	179	Poro
22	84	132	Poro
45	111	157	Poro
36	101	160	Poro
33	105	187	Poro
30	89	97	Poro
32	112	189	Poro
22	66	78	Poro
33	94	133	Poro
25	85	130	Poro
37	97	133	Poro
29	108	171	Poro
25	87	163	Poro
34	107	163	Poro
8	39	74	Poro
26	92	148	Poro
33	118	186	Poro
31	73	84	Poro
29	104	167	Poro
38	117	185	Poro
36	102	155	Poro
33	99	157	Poro
32	95	157	Poro
40	116	171	Poro
31	97	172	Poro
42	124	183	Poro
32	104	185	Poro
29	98	176	Poro
32	111	177	Poro
26	54	97	Poro
19	69	145	Poro
89	165	183	Poro
33	107	183	Poro
29	90	177	Poro
32	106	171	Poro
33	110	185	Poro
28	78	125	Poro
37	95	127	Poro
28	106	184	Poro
26	66	85	Poro
31	103	153	Poro
23	76	133	Poro
13	39	82	Poro
39	116	143	Poro
24	101	163	Poro
32	95	151	Poro
41	120	171	Poro
67	137	172	Poro
48	101	135	Poro
35	98	150	Poro
71	144	199	Poro
19	72	142	Poro
37	86	107	Poro
31	104	182	Poro
38	107	189	Poro
48	112	171	Poro
41	107	143	Poro
36	104	181	Poro
35	78	102	Poro
23	75	123	Poro
30	102	165	Poro
36	82	106	Poro
36	112	183	Poro
45	107	155	Poro
33	83	104	Poro
34	112	169	Poro
35	96	149	Poro
40	85	90	Poro
17	49	83	Poro
33	113	183	Poro
34	103	171	Poro
39	119	187	Poro
33	97	176	Poro
27	95	161	Poro
28	97	174	Poro
26	93	154	Poro
31	91	143	Poro
35	101	183	Poro
20	83	160	Poro
55	113	153	Poro
32	107	178	Poro
39	102	184	Poro
29	102	185	Poro
9	47	116	Poro
30	97	165	Poro
37	121	192	Poro
38	121	189	Poro
30	101	168	Poro
128	195	226	Poro
34	111	191	Poro
31	81	135	Poro
37	99	159	Poro
40	116	167	Poro
45	83	86	Poro
36	105	151	Poro
56	122	166	Poro
44	103	149	Poro
34	107	189	Poro
14	62	102	Poro
44	118	184	Poro
24	71	117	Poro
30	103	163	Poro
8	47	102	Poro
29	78	116	Poro
26	89	149	Poro
28	91	148	Poro
32	107	182	Poro
36	106	167	Poro
3	34	75	Poro
38	102	153	Poro
72	126	149	Poro
11	65	117	Poro
31	107	185	Poro
12	62	126	Poro
39	110	153	Poro
51	128	189	Poro
41	95	128	Poro
37	108	175	Poro
27	106	177	Poro
26	75	97	Poro
31	104	180	Poro
38	96	141	Poro
34	114	170	Poro
43	108	152	Poro
34	106	180	Poro
33	106	187	Poro
41	97	132	Poro
32	94	135	Poro
18	60	101	Poro
27	99	157	Poro
42	112	151	Poro
28	86	144	Poro
45	113	170	Poro
42	125	183	Poro
16	65	140	Poro
8	46	80	Poro
23	89	140	Poro
16	59	123	Poro
26	82	133	Poro
34	110	174	Poro
20	55	86	Poro
27	79	110	Poro
44	102	136	Poro
28	93	153	Poro
18	78	137	Poro
18	76	134	Poro
26	80	129	Poro
41	119	185	Poro
31	103	173	Poro
26	84	155	Poro
28	107	176	Poro
25	90	147	Poro
35	97	160	Poro
37	112	165	Poro
28	72	109	Poro
33	111	188	Poro
22	72	118	Poro
40	111	169	Poro
33	95	141	Poro
44	105	138	Poro
35	91	147	Poro
34	92	121	Poro
31	94	135	Poro
41	91	108	Poro
33	98	171	Poro
38	123	189	Poro
22	74	133	Poro
35	101	178	Poro
22	55	77	Poro
27	95	150	Poro
21	74	134	Poro
26	75	126	Poro
29	110	191	Poro
41	117	181	Poro
34	62	97	Poro
63	134	152	Poro
31	110	181	Poro
34	99	139	Poro
37	107	159	Poro
37	114	185	Poro
103	164	196	Poro
31	112	177	Poro
57	113	165	Poro
32	104	168	Poro
33	107	180	Poro
15	68	146	Poro
19	51	78	Poro
86	158	172	Poro
38	116	181	Poro
34	99	186	Poro
36	99	176	Poro
22	54	84	Poro
34	87	113	Poro
40	119	188	Poro
8	45	85	Poro
42	122	189	Poro
41	114	172	Poro
38	115	194	Poro
28	75	129	Poro
37	112	182	Poro
40	105	137	Poro
29	95	153	Poro
4	52	122	Poro
31	78	108	Poro
44	121	183	Poro
53	85	121	Poro
118	169	129	Poro
87	160	205	Poro
33	109	181	Poro
31	83	112	Poro
40	109	164	Poro
36	95	155	Poro
23	92	143	Poro
90	168	177	Poro
40	100	140	Poro
16	56	100	Poro
40	113	183	Poro
36	99	145	Poro
36	101	152	Poro
28	92	150	Poro
28	98	175	Poro
39	122	195	Poro
29	102	170	Poro
24	56	110	Poro
100	165	169	Poro
33	95	138	Poro
39	107	163	Poro
30	100	186	Poro
54	108	170	Poro
38	112	191	Poro
33	71	84	Poro
40	122	190	Poro
32	111	176	Poro
33	108	184	Poro
34	103	181	Poro
36	97	132	Poro
7	50	113	Poro
28	99	164	Poro
32	101	180	Poro
31	104	158	Poro
37	114	172	Poro
1	33	113	Poro
36	101	114	Poro
38	113	195	Poro
27	87	154	Poro
26	93	166	Poro
55	119	143	Poro
35	108	177	Poro
36	115	189	Poro
34	116	191	Poro
26	80	133	Poro
34	111	184	Poro
35	107	167	Poro
31	70	89	Poro
31	72	99	Poro
24	89	145	Poro
35	113	178	Poro
41	116	163	Poro
97	164	210	Poro
35	110	175	Poro
26	85	155	Poro
36	92	118	Poro
30	93	149	Poro
46	120	167	Poro
125	188	218	Poro
35	90	110	Poro
38	78	105	Poro
95	167	210	Poro
36	91	105	Poro
49	112	172	Poro
34	104	172	Poro
25	74	135	Poro
32	96	141	Poro
24	81	126	Poro
23	88	162	Poro
35	115	184	Poro
31	112	191	Poro
46	106	148	Poro
26	94	175	Poro
32	103	167	Poro
32	103	171	Poro
10	54	138	Poro
13	58	115	Poro
31	112	193	Poro
21	71	113	Poro
31	101	187	Poro
29	110	188	Poro
40	117	195	Poro
14	58	128	Poro
26	85	148	Poro
31	110	174	Poro
32	92	126	Poro
59	133	179	Poro
27	97	159	Poro
20	70	116	Poro
26	75	108	Poro
36	105	189	Poro
27	80	141	Poro
42	115	160	Poro
34	102	161	Poro
25	100	160	Poro
105	153	128	Poro
27	105	167	Poro
33	110	180	Poro
5	31	54	Poro
15	57	105	Poro
26	77	122	Poro
24	72	121	Poro
30	99	165	Poro
33	103	185	Poro
38	113	195	Poro
34	85	111	Poro
42	93	147	Poro
26	91	166	Poro
45	121	176	Poro
29	101	171	Poro
25	76	145	Poro
34	89	120	Poro
35	101	164	Poro
77	125	136	Poro
39	117	182	Poro
35	109	182	Poro
21	87	151	Poro
21	75	133	Poro
33	109	181	Poro
40	116	177	Poro
39	115	185	Poro
34	106	178	Poro
35	83	101	Poro
34	106	171	Poro
38	112	183	Poro
25	94	147	Poro
43	91	104	Poro
24	71	148	Poro
13	57	118	Poro
39	113	169	Poro
99	172	177	Poro
31	105	179	Poro
21	85	131	Poro
38	113	174	Poro
43	117	180	Poro
8	62	141	Poro
37	115	183	Poro
46	123	181	Poro
46	118	186	Poro
33	94	153	Poro
38	106	163	Poro
33	113	175	Poro
3	37	76	Poro
39	114	177	Poro
23	53	95	Poro
26	80	147	Poro
31	103	169	Poro
26	90	147	Poro
26	78	136	Poro
24	75	137	Poro
42	112	191	Poro
41	108	163	Poro
44	119	179	Poro
162	220	159	Poro
128	197	226	Poro
45	111	153	Poro
34	112	188	Poro
42	114	181	Poro
35	112	179	Poro
41	120	181	Poro
38	114	194	Poro
31	95	173	Poro
36	112	192	Poro
39	119	194	Poro
40	115	167	Poro
33	81	125	Poro
17	56	96	Poro
30	85	128	Poro
26	78	120	Poro
28	92	133	Poro
35	117	181	Poro
67	125	153	Poro
10	33	100	Poro
30	86	126	Poro
6	30	44	Poro
29	100	177	Poro
21	53	81	Poro
28	97	152	Poro
19	56	90	Poro
21	67	100	Poro
36	112	171	Poro
32	103	169	Poro
31	102	178	Poro
38	114	162	Poro
24	60	87	Poro
32	99	180	Poro
29	110	176	Poro
31	105	175	Poro
41	117	161	Poro
36	80	117	Poro
29	86	134	Poro
32	100	175	Poro
40	114	159	Poro
29	84	138	Poro
29	98	152	Poro
36	112	189	Poro
33	108	186	Poro
36	106	151	Poro
32	102	179	Poro
95	166	173	Poro
20	91	151	Poro
39	114	168	Poro
30	97	152	Poro
28	106	174	Poro
25	93	168	Poro
28	66	82	Poro
11	48	113	Poro
4	38	81	Poro
23	87	163	Poro
44	117	169	Poro
41	121	180	Poro
32	106	183	Poro
26	95	169	Poro
28	58	91	Poro
31	101	175	Poro
33	107	189	Poro
33	111	169	Poro
21	77	137	Poro
31	99	178	Poro
40	111	156	Poro
30	78	101	Poro
33	120	185	Poro
34	101	185	Poro
17	62	137	Poro
19	67	109	Poro
37	117	190	Poro
27	100	161	Poro
55	116	188	Poro
21	81	139	Poro
31	93	156	Poro
35	118	186	Poro
33	110	179	Poro
31	91	155	Poro
31	101	181	Poro
117	185	220	Poro
11	34	92	Poro
36	115	182	Poro
23	87	133	Poro
30	96	160	Poro
36	90	113	Poro
32	100	149	Poro
58	132	184	Poro
23	90	143	Poro
23	72	101	Poro
33	92	129	Poro
28	111	183	Poro
31	109	185	Poro
31	97	175	Poro
34	94	136	Poro
31	84	102	Poro
31	96	163	Poro
30	103	182	Poro
44	98	134	Poro
92	157	167	Poro
35	101	157	Poro
31	110	163	Poro
26	87	157	Poro
32	108	191	Poro
41	119	178	Poro
38	93	119	Poro
39	108	153	Poro
22	94	177	Poro
20	81	142	Poro
61	125	157	Poro
29	100	179	Poro
40	112	169	Poro
51	109	121	Poro
32	93	140	Poro
48	93	97	Poro
34	105	169	Poro
35	112	196	Poro
32	84	131	Poro
37	109	162	Poro
133	207	201	Poro
34	108	182	Poro
14	60	150	Poro
23	83	145	Poro
32	80	132	Poro
98	174	191	Poro
9	39	93	Poro
47	111	149	Poro
28	91	148	Poro
43	123	174	Poro
36	114	186	Poro
28	97	157	Poro
35	118	190	Poro
33	106	174	Poro
27	97	149	Poro
33	104	179	Poro
24	74	130	Poro
23	73	119	Poro
29	96	155	Poro
36	108	170	Poro
34	117	185	Poro
31	93	137	Poro
36	93	149	Poro
31	103	180	Poro
39	103	141	Poro
36	111	154	Poro
27	83	155	Poro
35	107	171	Poro
22	78	98	Poro
31	104	163	Poro
29	100	186	Poro
30	111	188	Poro
33	101	179	Poro
36	106	183	Poro
46	127	183	Poro
21	76	129	Poro
35	86	107	Poro
37	115	194	Poro
40	116	194	Poro
40	104	145	Poro
31	91	145	Poro
57	134	183	Poro
40	113	176	Poro
39	122	179	Poro
29	92	152	Poro
46	125	189	Poro
95	146	155	Poro
31	97	146	Poro
17	69	142	Poro
24	64	86	Poro
35	102	168	Poro
40	112	154	Poro
34	112	171	Poro
16	59	105	Poro
31	108	187	Poro
33	106	166	Poro
29	97	177	Poro
31	105	165	Poro
32	103	176	Poro
21	83	128	Poro
27	101	184	Poro
33	115	184	Poro
29	79	130	Poro
28	101	181	Poro
21	72	140	Poro
38	118	181	Poro
32	110	177	Poro
23	66	96	Poro
40	102	144	Poro
40	111	175	Poro
33	92	147	Poro
22	72	109	Poro
28	88	143	Poro
18	58	124	Poro
22	72	168	Poro
41	111	156	Poro
16	59	107	Poro
30	73	129	Poro
31	109	186	Poro
98	170	215	Poro
32	114	189	Poro
38	103	165	Poro
45	83	97	Poro
37	120	179	Poro
29	99	185	Poro
26	69	98	Poro
42	112	170	Poro
18	79	139	Poro
28	92	146	Poro
31	99	172	Poro
38	110	174	Poro
33	83	98	Poro
83	146	155	Poro
34	111	184	Poro
38	88	108	Poro
34	111	174	Poro
36	105	182	Poro
39	109	169	Poro
38	105	160	Poro
42	120	168	Poro
16	50	78	Poro
33	87	123	Poro
25	87	135	Poro
44	109	168	Poro
40	105	146	Poro
25	75	109	Poro
24	67	116	Poro
23	73	117	Poro
34	104	160	Poro
21	70	125	Poro
35	75	94	Poro
15	42	73	Poro
31	106	173	Poro
30	82	143	Poro
22	73	125	Poro
21	62	108	Poro
32	108	164	Poro
33	104	187	Poro
38	114	177	Poro
23	80	129	Poro
34	102	155	Poro
16	59	119	Poro
24	85	159	Poro
33	106	160	Poro
28	97	169	Poro
38	101	173	Poro
37	102	149	Poro
39	94	126	Poro
34	88	117	Poro
27	86	139	Poro
24	50	84	Poro
31	62	87	Poro
36	76	91	Poro
33	110	177	Poro
52	114	158	Poro
42	112	161	Poro
35	112	186	Poro
32	103	161	Poro
30	59	77	Poro
29	86	126	Poro
44	109	147	Poro
36	114	181	Poro
30	103	181	Poro
97	176	184	Poro
27	90	143	Poro
30	106	183	Poro
42	124	186	Poro
29	67	118	Poro
35	101	163	Poro
53	105	137	Poro
34	103	165	Poro
42	120	185	Poro
39	105	163	Poro
33	102	160	Poro
30	110	177	Poro
93	167	177	Poro
14	38	57	Poro
26	84	151	Poro
33	105	184	Poro
30	95	161	Poro
44	116	158	Poro
40	116	186	Poro
31	104	181	Poro
46	113	171	Poro
34	102	169	Poro
26	86	145	Poro
30	70	83	Poro
37	104	155	Poro
34	105	164	Poro
35	103	182	Poro
47	128	191	Poro
29	111	170	Poro
23	93	173	Poro
34	82	101	Poro
29	93	169	Poro
38	110	170	Poro
36	112	176	Poro
36	113	177	Poro
19	81	154	Poro
21	81	150	Poro
37	103	169	Poro
28	108	174	Poro
27	83	121	Poro
36	103	183	Poro
50	124	191	Poro
52	107	124	Poro
41	115	160	Poro
32	78	134	Poro
52	103	110	Poro
41	99	136	Poro
13	62	121	Poro
10	53	117	Poro
30	90	144	Poro
32	108	185	Poro
32	101	185	Poro
34	107	164	Poro
14	40	92	Poro
28	88	159	Poro
17	77	153	Poro
16	53	118	Poro
7	51	129	Poro
26	93	171	Poro
34	113	174	Poro
27	97	176	Poro
28	70	89	Poro
41	118	170	Poro
41	113	185	Poro
28	101	177	Poro
120	191	200	Poro
31	113	196	Poro
37	103	181	Poro
33	99	157	Poro
34	87	116	Poro
52	122	151	Poro
33	85	124	Poro
55	115	155	Poro
26	77	115	Poro
29	103	157	Poro
33	91	176	Poro
40	116	185	Poro
55	113	179	Poro
54	123	175	Poro
25	79	129	Poro
26	95	156	Poro
3	36	59	Poro
54	120	167	Poro
39	102	155	Poro
35	99	140	Poro
28	102	163	Poro
31	113	191	Poro
38	83	101	Poro
51	101	141	Poro
28	77	100	Poro
31	84	122	Poro
27	97	158	Poro
61	136	187	Poro
26	94	178	Poro
32	94	161	Poro
34	108	181	Poro
33	117	178	Poro
35	114	184	Poro
35	95	141	Poro
6	28	61	Poro
18	60	108	Poro
44	111	198	Poro
41	104	151	Poro
48	128	188	Poro
35	107	169	Poro
31	102	171	Poro
29	96	158	Poro
47	118	176	Poro
42	109	175	Poro
28	97	176	Poro
49	127	191	Poro
31	100	181	Poro
39	115	181	Poro
34	105	129	Poro
45	100	116	Poro
42	123	193	Poro
30	109	163	Poro
26	77	102	Poro
39	114	172	Poro
31	84	115	Poro
25	90	136	Poro
39	90	143	Poro
44	118	140	Poro
34	71	103	Poro
35	97	166	Poro
52	109	123	Poro
26	100	176	Poro
32	109	180	Poro
30	68	94	Poro
35	108	172	Poro
38	112	163	Poro
33	98	145	Poro
30	103	173	Poro
94	153	155	Poro
32	103	161	Poro
31	110	172	Poro
30	89	147	Poro
34	92	145	Poro
38	110	170	Poro
35	114	177	Poro
11	53	121	Poro
35	98	175	Poro
38	86	113	Poro
42	114	173	Poro
36	99	164	Poro
37	110	185	Poro
35	108	179	Poro
28	99	178	Poro
26	58	107	Poro
30	74	148	Poro
28	104	183	Poro
31	96	161	Poro
34	103	187	Poro
39	112	175	Poro
31	99	155	Poro
97	147	147	Poro
38	121	184	Poro
23	71	105	Poro
23	92	165	Poro
20	70	113	Poro
27	98	184	Poro
31	111	188	Poro
67	113	131	Poro
51	128	187	Poro
52	120	183	Poro
17	68	97	Poro
34	109	170	Poro
29	104	183	Poro
28	94	141	Poro
30	83	133	Poro
35	100	121	Poro
1	27	48	Poro
31	101	154	Poro
33	109	189	Poro
26	97	156	Poro
31	100	153	Poro
41	118	176	Poro
53	113	144	Poro
35	108	181	Poro
50	117	162	Poro
73	134	147	Poro
69	139	183	Poro
33	97	142	Poro
33	100	185	Poro
16	88	151	Poro
22	65	134	Poro
44	84	66	Poro
37	101	169	Poro
36	104	173	Poro
55	128	164	Poro
24	51	92	Poro
32	93	148	Poro
8	69	135	Poro
28	81	152	Poro
32	105	183	Poro
22	69	93	Poro
56	110	122	Poro
22	73	134	Poro
27	87	137	Poro
26	78	114	Poro
41	123	188	Poro
29	89	167	Poro
27	109	172	Poro
27	97	173	Poro
28	103	178	Poro
17	63	118	Poro
58	111	134	Poro
32	96	151	Poro
29	90	175	Poro
21	81	149	Poro
37	107	170	Poro
82	130	100	Poro
9	36	76	Poro
36	110	172	Poro
27	78	116	Poro
36	91	161	Poro
41	117	166	Poro
26	61	79	Poro
10	59	119	Poro
32	105	176	Poro
11	44	75	Poro
33	104	153	Poro
42	125	193	Poro
1	25	69	Poro
40	119	192	Poro
19	77	140	Poro
27	88	140	Poro
26	78	135	Poro
8	51	142	Poro
27	92	165	Poro
30	106	185	Poro
21	70	146	Poro
38	112	172	Poro
10	51	119	Poro
24	72	113	Poro
49	114	154	Poro
30	106	161	Poro
43	121	184	Poro
29	80	133	Poro
29	98	161	Poro
32	108	186	Poro
37	111	191	Poro
29	61	75	Poro
26	93	151	Poro
26	105	163	Poro
29	99	180	Poro
31	101	144	Poro
61	130	169	Poro
40	110	158	Poro
31	103	161	Poro
19	70	128	Poro
30	111	170	Poro
36	119	175	Poro
31	103	176	Poro
28	101	179	Poro
27	86	135	Poro
115	178	178	Poro
36	89	151	Poro
31	99	164	Poro
34	90	119	Poro
30	104	181	Poro
32	101	181	Poro
111	175	177	Poro
30	97	163	Poro
42	115	190	Poro
34	111	173	Poro
21	54	84	Poro
24	72	131	Poro
35	92	137	Poro
27	100	187	Poro
48	120	163	Poro
30	81	131	Poro
26	74	111	Poro
28	100	183	Poro
24	80	136	Poro
19	67	133	Poro
25	85	148	Poro
29	101	152	Poro
1	42	117	Poro
36	87	133	Poro
32	105	181	Poro
23	95	174	Poro
38	108	167	Poro
26	96	161	Poro
31	110	181	Poro
30	95	152	Poro
27	80	122	Poro
28	78	131	Poro
37	117	176	Poro
30	112	183	Poro
22	55	97	Poro
32	95	155	Poro
10	48	82	Poro
28	82	135	Poro
37	109	171	Poro
28	84	160	Poro
32	106	175	Poro
42	107	147	Poro
20	67	87	Poro
78	157	189	Poro
38	114	170	Poro
34	102	161	Poro
28	87	135	Poro
36	115	193	Poro
34	108	156	Poro
32	102	165	Poro
31	81	143	Poro
7	52	114	Poro
33	103	167	Poro
24	97	173	Poro
32	97	157	Poro
26	67	131	Poro
29	104	164	Poro
28	107	169	Poro
15	48	78	Poro
5	31	74	Poro
39	107	171	Poro
28	93	147	Poro
51	119	167	Poro
22	80	137	Poro
45	115	153	Poro
23	70	86	Poro
31	96	160	Poro
34	100	177	Poro
38	79	83	Poro
30	97	171	Poro
33	104	149	Poro
35	101	188	Poro
19	68	128	Poro
37	106	192	Poro
36	101	165	Poro
28	104	169	Poro
8	59	121	Poro
29	85	122	Poro
28	91	130	Poro
37	101	180	Poro
32	99	159	Poro
41	118	164	Poro
30	105	179	Poro
33	83	120	Poro
30	75	129	Poro
15	43	59	Poro
19	56	83	Poro
29	103	179	Poro
9	52	108	Poro
18	60	89	Poro
28	95	166	Poro
33	98	165	Poro
109	170	173	Poro
33	111	164	Poro
31	71	99	Poro
26	90	155	Poro
22	72	124	Poro
26	65	96	Poro
15	62	110	Poro
49	128	188	Poro
41	110	157	Poro
15	54	126	Poro
28	104	177	Poro
45	111	168	Poro
62	121	157	Poro
32	104	173	Poro
34	109	171	Poro
30	91	157	Poro
30	101	161	Poro
35	111	171	Poro
32	114	188	Poro
18	67	100	Poro
33	111	168	Poro
35	112	180	Poro
29	87	114	Poro
28	101	166	Poro
28	96	149	Poro
26	72	102	Poro
37	106	168	Poro
15	48	93	Poro
29	111	185	Poro
33	101	160	Poro
34	116	184	Poro
18	64	132	Poro
33	113	183	Poro
41	117	195	Poro
33	103	175	Poro
24	84	159	Poro
31	87	157	Poro
34	114	190	Poro
9	43	78	Poro
39	119	191	Poro
41	117	184	Poro
21	67	114	Poro
31	102	158	Poro
21	54	80	Poro
32	101	164	Poro
36	111	174	Poro
40	111	177	Poro
34	106	178	Poro
42	117	166	Poro
32	78	101	Poro
32	103	156	Poro
19	68	111	Poro
32	97	160	Poro
32	109	187	Poro
24	80	127	Poro
28	97	149	Poro
35	101	139	Poro
34	107	182	Poro
33	95	162	Poro
61	139	186	Poro
36	107	160	Poro
39	111	153	Poro
42	124	191	Poro
35	88	111	Poro
29	102	183	Poro
35	95	135	Poro
34	106	184	Poro
26	71	124	Poro
11	60	112	Poro
35	102	156	Poro
32	108	188	Poro
36	115	190	Poro
23	69	130	Poro
29	88	150	Poro
10	69	129	Poro
36	100	171	Poro
27	92	162	Poro
30	105	183	Poro
34	111	175	Poro
37	100	167	Poro
28	107	179	Poro
36	106	163	Poro
40	87	114	Poro
30	87	142	Poro
39	109	173	Poro
28	102	154	Poro
8	39	81	Poro
25	80	166	Poro
48	92	116	Poro
34	101	122	Poro
37	92	128	Poro
28	99	180	Poro
31	97	149	Poro
38	87	111	Poro
109	162	164	Poro
32	104	183	Poro
22	78	151	Poro
40	102	184	Poro
32	100	187	Poro
41	103	159	Poro
71	135	136	Poro
26	91	152	Poro
38	114	169	Poro
38	112	170	Poro
31	98	167	Poro
32	91	155	Poro
24	86	152	Poro
39	110	168	Poro
40	112	175	Poro
37	112	177	Poro
41	125	193	Poro
81	140	149	Poro
36	113	181	Poro
36	117	195	Poro
42	105	162	Poro
35	71	121	Poro
38	119	161	Poro
29	88	151	Poro
33	89	149	Poro
39	113	185	Poro
17	65	132	Poro
43	109	149	Poro
34	109	175	Poro
52	100	114	Poro
33	101	180	Poro
33	96	139	Poro
38	118	196	Poro
28	103	172	Poro
16	64	130	Poro
18	65	134	Poro
29	112	186	Poro
11	59	121	Poro
38	102	165	Poro
27	72	95	Poro
33	82	100	Poro
55	120	136	Poro
35	105	181	Poro
25	108	184	Poro
29	97	177	Poro
25	83	141	Poro
35	106	167	Poro
26	104	165	Poro
36	110	175	Poro
17	61	123	Poro
34	107	169	Poro
32	94	171	Poro
27	90	152	Poro
48	117	167	Poro
35	106	161	Poro
35	105	163	Poro
32	78	138	Poro
24	74	131	Poro
30	105	187	Poro
12	46	83	Poro
29	81	130	Poro
34	114	182	Poro
31	82	131	Poro
31	105	179	Poro
8	40	68	Poro
34	104	169	Poro
33	107	168	Poro
27	91	161	Poro
62	100	107	Poro
5	36	74	Poro
29	92	139	Poro
31	99	172	Poro
27	89	143	Poro
27	88	135	Poro
26	87	126	Poro
33	101	164	Poro
83	153	178	Poro
32	81	99	Poro
35	103	171	Poro
33	107	179	Poro
29	81	140	Poro
36	108	177	Poro
36	113	177	Poro
47	103	135	Poro
34	109	178	Poro
44	115	166	Poro
31	97	161	Poro
59	119	141	Poro
28	111	185	Poro
26	84	132	Poro
36	103	173	Poro
34	111	185	Poro
88	155	199	Poro
17	79	135	Poro
38	106	165	Poro
34	101	137	Poro
40	118	166	Poro
34	95	169	Poro
29	102	184	Poro
32	108	164	Poro
38	101	162	Poro
57	117	170	Poro
41	95	137	Poro
29	86	151	Poro
3	36	98	Poro
37	105	163	Poro
42	118	189	Poro
23	83	128	Poro
40	115	176	Poro
39	112	168	Poro
35	104	156	Poro
33	109	178	Poro
33	95	181	Poro
31	97	158	Poro
34	113	188	Poro
43	121	181	Poro
28	90	148	Poro
34	92	153	Poro
29	112	193	Poro
34	109	181	Poro
31	112	184	Poro
32	105	173	Poro
35	114	176	Poro
7	41	104	Poro
31	110	183	Poro
41	117	175	Poro
25	76	140	Poro
31	111	175	Poro
26	96	177	Poro
30	108	178	Poro
20	79	145	Poro
40	114	160	Poro
54	124	158	Poro
33	114	180	Poro
41	103	157	Poro
35	104	176	Poro
31	98	137	Poro
49	124	184	Poro
29	94	171	Poro
11	39	62	Poro
43	119	180	Poro
42	116	181	Poro
26	95	173	Poro
33	104	172	Poro
14	50	69	Poro
33	105	171	Poro
24	56	77	Poro
39	117	179	Poro
32	105	176	Poro
27	99	175	Poro
29	100	174	Poro
30	96	173	Poro
21	50	67	Poro
47	120	181	Poro
34	113	181	Poro
33	103	175	Poro
32	109	175	Poro
26	96	170	Poro
34	99	159	Poro
23	90	152	Poro
42	105	138	Poro
10	69	133	Poro
36	100	160	Poro
37	105	167	Poro
29	101	174	Poro
29	106	176	Poro
31	83	102	Poro
23	94	165	Poro
32	98	169	Poro
25	87	150	Poro
36	85	111	Poro
61	134	171	Poro
32	103	165	Poro
24	79	137	Poro
36	108	175	Poro
40	111	140	Poro
31	109	183	Poro
27	95	175	Poro
31	100	175	Poro
30	97	174	Poro
15	41	64	Poro
41	109	169	Poro
27	94	165	Poro
34	113	182	Poro
52	131	179	Poro
28	99	173	Poro
28	96	176	Poro
37	101	162	Poro
36	111	180	Poro
29	102	174	Poro
14	43	64	Poro
15	62	129	Poro
34	84	105	Poro
46	119	165	Poro
19	72	127	Poro
36	109	173	Poro
23	67	87	Poro
33	118	183	Poro
32	102	173	Poro
41	101	163	Poro
25	92	169	Poro
30	95	178	Poro
34	106	179	Poro
29	99	164	Poro
38	103	169	Poro
31	113	180	Poro
56	126	183	Poro
28	98	174	Poro
32	111	175	Poro
42	114	164	Poro
41	117	183	Poro
11	56	117	Poro
11	55	119	Poro
38	106	176	Poro
45	119	180	Poro
21	90	153	Poro
38	116	187	Poro
34	114	182	Poro
33	116	187	Poro
40	122	179	Poro
34	113	179	Poro
24	82	142	Poro
32	100	175	Poro
30	75	91	Poro
36	105	175	Poro
30	93	156	Poro
34	112	167	Poro
16	51	78	Poro
48	124	174	Poro
30	98	175	Poro
29	98	176	Poro
27	94	165	Poro
35	116	179	Poro
36	116	177	Poro
36	122	186	Poro
27	95	171	Poro
30	112	181	Poro
33	101	179	Poro
34	103	179	Poro
32	100	158	Poro
16	50	67	Poro
37	110	177	Poro
6	45	108	Poro
34	99	122	Poro
32	100	179	Poro
32	118	186	Poro
54	122	179	Poro
23	81	143	Poro
11	52	115	Poro
36	103	175	Poro
38	115	175	Poro
16	65	91	Poro
29	94	176	Poro
27	69	82	Poro
27	96	169	Poro
23	81	145	Poro
16	70	135	Poro
29	103	171	Poro
22	76	135	Poro
33	103	178	Poro
36	108	177	Poro
39	104	143	Poro
32	111	176	Poro
38	107	177	Poro
35	121	183	Poro
34	116	181	Poro
32	114	179	Poro
29	108	181	Poro
40	109	169	Poro
46	121	182	Poro
28	98	175	Poro
32	110	184	Poro
30	98	168	Poro
26	91	171	Poro
35	94	121	Poro
12	69	141	Poro
24	78	138	Poro
21	74	134	Poro
29	101	175	Poro
28	97	167	Poro
32	99	176	Poro
31	103	151	Poro
42	105	165	Poro
33	97	174	Poro
32	102	165	Poro
14	42	68	Poro
25	91	165	Poro
20	60	122	Poro
51	108	134	Poro
58	118	142	Poro
37	109	167	Poro
33	106	158	Poro
30	84	107	Poro
33	93	132	Poro
38	91	109	Poro
33	77	115	Poro
37	109	172	Poro
44	103	116	Poro
46	116	161	Poro
26	77	145	Poro
38	101	162	Poro
44	106	144	Poro
20	81	148	Poro
28	85	150	Poro
11	55	113	Poro
52	116	133	Poro
45	96	107	Poro
21	83	143	Poro
34	108	173	Poro
31	94	147	Poro
52	106	128	Poro
34	80	105	Poro
77	134	137	Poro
36	102	153	Poro
30	72	96	Poro
28	81	114	Poro
38	92	134	Poro
35	109	176	Poro
28	104	169	Poro
29	104	170	Poro
31	103	168	Poro
123	180	160	Poro
29	83	133	Poro
31	104	169	Poro
26	88	134	Poro
41	101	139	Poro
85	145	145	Poro
71	123	146	Poro
27	92	158	Poro
34	100	156	Poro
31	100	155	Poro
38	105	164	Poro
27	90	154	Poro
51	117	159	Poro
22	81	137	Poro
39	83	117	Poro
20	58	113	Poro
24	59	103	Poro
30	101	169	Poro
26	84	150	Poro
44	112	157	Poro
19	79	139	Poro
44	115	161	Poro
24	84	139	Poro
29	88	151	Poro
18	55	110	Poro
30	92	139	Poro
32	93	148	Poro
35	105	161	Poro
26	88	148	Poro
24	76	135	Poro
29	88	141	Poro
54	103	140	Poro
19	65	132	Poro
38	78	108	Poro
28	86	121	Poro
29	98	159	Poro
36	103	171	Poro
31	87	141	Poro
38	101	146	Poro
36	94	138	Poro
22	81	153	Poro
94	147	143	Poro
41	113	158	Poro
40	95	132	Poro
130	185	164	Poro
39	105	154	Poro
19	86	135	Poro
36	108	159	Poro
26	75	120	Poro
28	89	155	Poro
33	107	167	Poro
13	53	97	Poro
36	99	136	Poro
41	89	110	Poro
26	84	155	Poro
31	105	167	Poro
32	96	155	Poro
39	114	164	Poro
68	124	134	Poro
21	83	136	Poro
22	71	143	Poro
43	116	156	Poro
58	126	159	Poro
18	75	127	Poro
40	101	146	Poro
9	64	120	Poro
35	97	166	Poro
8	57	115	Poro
24	84	129	Poro
36	104	162	Poro
31	102	167	Poro
43	112	149	Poro
29	90	151	Poro
40	113	155	Poro
51	97	134	Poro
61	107	133	Poro
37	99	122	Poro
38	106	147	Poro
22	80	135	Poro
18	70	108	Poro
36	109	161	Poro
32	106	163	Poro
26	81	131	Poro
52	113	149	Poro
115	165	154	Poro
37	106	151	Poro
31	101	158	Poro
25	80	148	Poro
24	86	138	Poro
28	90	147	Poro
26	88	151	Poro
21	70	135	Poro
20	71	138	Poro
85	135	159	Poro
28	90	153	Poro
39	92	126	Poro
39	94	145	Poro
52	116	161	Poro
37	113	162	Poro
34	106	168	Poro
20	68	134	Poro
30	91	142	Poro
24	90	147	Poro
16	77	139	Poro
38	108	157	Poro
39	105	157	Poro
36	85	106	Poro
54	117	134	Poro
35	95	159	Poro
72	121	152	Poro
44	100	125	Poro
14	69	141	Poro
35	108	162	Poro
30	93	157	Poro
36	101	166	Poro
49	109	133	Poro
55	122	167	Poro
34	112	169	Poro
49	111	136	Poro
31	85	141	Poro
24	82	128	Poro
38	108	166	Poro
39	103	147	Poro
24	84	143	Poro
30	104	170	Poro
36	92	113	Poro
58	128	159	Poro
49	114	151	Poro
33	84	125	Poro
33	103	153	Poro
39	107	157	Poro
28	95	163	Poro
18	62	124	Poro
37	81	99	Poro
23	75	118	Poro
31	93	124	Poro
51	108	129	Poro
22	68	128	Poro
15	52	97	Poro
55	116	150	Poro
105	163	153	Poro
24	88	145	Poro
73	127	138	Poro
44	102	140	Poro
51	120	153	Poro
24	59	94	Poro
46	97	118	Poro
42	105	149	Poro
25	70	118	Poro
33	89	141	Poro
14	51	102	Poro
70	129	141	Poro
38	110	172	Poro
45	114	145	Poro
38	110	147	Poro
12	47	95	Poro
26	70	103	Poro
33	90	122	Poro
31	93	137	Poro
41	110	145	Poro
33	103	158	Poro
29	105	165	Poro
31	92	128	Poro
32	90	129	Poro
36	105	142	Poro
26	91	144	Poro
48	118	155	Poro
44	113	147	Poro
50	92	107	Poro
26	95	152	Poro
34	109	168	Poro
30	107	163	Poro
55	124	151	Poro
32	92	133	Poro
34	87	114	Poro
18	55	100	Poro
34	96	143	Poro
23	59	100	Poro
15	49	95	Poro
41	103	132	Poro
16	74	123	Poro
30	94	134	Poro
56	119	142	Poro
54	103	118	Poro
42	94	113	Poro
21	75	124	Poro
13	65	120	Poro
20	58	99	Poro
38	110	148	Poro
56	112	134	Poro
54	120	148	Poro
45	117	155	Poro
27	92	147	Poro
29	98	158	Poro
32	101	161	Poro
163	227	218	Solido
134	194	186	Solido
104	154	144	Solido
150	210	210	Solido
71	114	102	Solido
154	219	203	Solido
163	231	225	Solido
162	227	226	Solido
103	149	144	Solido
147	210	192	Solido
56	91	91	Solido
79	144	141	Solido
152	216	212	Solido
73	106	107	Solido
113	174	159	Solido
153	219	215	Solido
157	218	222	Solido
149	216	212	Solido
97	141	121	Solido
11	23	29	Solido
163	230	231	Solido
102	148	129	Solido
38	61	58	Solido
150	212	212	Solido
161	228	229	Solido
170	237	230	Solido
156	224	221	Solido
159	225	222	Solido
124	172	156	Solido
167	237	230	Solido
157	225	217	Solido
75	113	100	Solido
165	231	230	Solido
159	223	217	Solido
117	165	156	Solido
162	231	226	Solido
123	169	166	Solido
151	217	194	Solido
148	212	213	Solido
135	197	194	Solido
91	135	137	Solido
148	204	195	Solido
163	231	227	Solido
159	224	222	Solido
83	122	115	Solido
158	224	221	Solido
89	143	143	Solido
106	147	127	Solido
161	226	226	Solido
158	222	224	Solido
111	152	140	Solido
155	219	219	Solido
65	93	82	Solido
95	135	115	Solido
13	24	44	Solido
160	223	222	Solido
97	132	111	Solido
169	238	236	Solido
118	171	161	Solido
167	232	228	Solido
90	126	131	Solido
76	115	102	Solido
105	157	148	Solido
106	146	131	Solido
42	101	133	Solido
164	233	230	Solido
143	204	189	Solido
44	77	72	Solido
73	114	115	Solido
164	232	229	Solido
154	216	216	Solido
108	162	157	Solido
31	60	53	Solido
109	170	170	Solido
170	241	235	Solido
149	212	207	Solido
159	223	223	Solido
34	55	62	Solido
96	140	122	Solido
83	118	109	Solido
126	179	164	Solido
148	214	211	Solido
116	164	148	Solido
159	225	227	Solido
172	239	238	Solido
159	224	218	Solido
153	219	215	Solido
165	233	218	Solido
152	217	214	Solido
123	181	177	Solido
155	222	208	Solido
144	204	171	Solido
165	231	203	Solido
85	129	130	Solido
151	217	204	Solido
98	135	117	Solido
159	227	220	Solido
154	220	199	Solido
156	221	217	Solido
158	225	219	Solido
102	155	154	Solido
118	166	127	Solido
59	94	89	Solido
128	193	179	Solido
166	234	219	Solido
163	230	224	Solido
88	128	121	Solido
8	20	33	Solido
159	225	225	Solido
156	218	220	Solido
163	232	229	Solido
128	191	176	Solido
154	219	216	Solido
149	215	210	Solido
162	229	224	Solido
150	212	210	Solido
104	161	158	Solido
89	121	110	Solido
170	239	234	Solido
155	208	200	Solido
158	220	221	Solido
167	235	232	Solido
82	117	97	Solido
97	130	110	Solido
151	213	207	Solido
128	184	198	Solido
164	235	230	Solido
123	178	165	Solido
146	212	199	Solido
159	227	204	Solido
138	199	186	Solido
165	235	222	Solido
137	191	181	Solido
150	214	211	Solido
102	143	141	Solido
160	227	222	Solido
149	215	187	Solido
163	230	224	Solido
95	133	107	Solido
111	156	138	Solido
22	52	75	Solido
114	164	148	Solido
72	127	137	Solido
167	231	227	Solido
150	216	214	Solido
165	234	232	Solido
161	227	225	Solido
171	240	232	Solido
123	173	165	Solido
163	229	226	Solido
14	27	29	Solido
60	115	128	Solido
166	232	221	Solido
61	114	136	Solido
154	220	218	Solido
164	233	228	Solido
10	22	49	Solido
127	177	162	Solido
133	187	173	Solido
113	161	131	Solido
108	156	147	Solido
112	161	150	Solido
159	227	225	Solido
162	229	226	Solido
87	130	135	Solido
135	189	147	Solido
104	156	146	Solido
110	156	146	Solido
108	147	154	Solido
96	142	135	Solido
154	217	214	Solido
163	231	231	Solido
167	235	230	Solido
159	222	219	Solido
9	26	46	Solido
108	158	146	Solido
76	111	105	Solido
45	81	89	Solido
146	212	208	Solido
157	223	220	Solido
147	209	212	Solido
166	228	227	Solido
151	216	208	Solido
151	213	200	Solido
91	135	136	Solido
102	163	163	Solido
141	202	190	Solido
136	199	201	Solido
131	188	186	Solido
10	26	52	Solido
89	136	147	Solido
119	176	169	Solido
128	186	174	Solido
123	181	172	Solido
163	230	232	Solido
94	135	124	Solido
161	226	216	Solido
153	222	217	Solido
165	231	227	Solido
137	206	191	Solido
41	70	93	Solido
126	171	132	Solido
170	240	233	Solido
154	215	199	Solido
151	217	212	Solido
163	231	227	Solido
162	228	225	Solido
167	232	231	Solido
124	180	185	Solido
167	234	228	Solido
16	39	46	Solido
118	163	155	Solido
162	228	224	Solido
79	111	114	Solido
153	214	192	Solido
141	202	199	Solido
158	212	194	Solido
61	98	102	Solido
158	225	218	Solido
73	106	98	Solido
158	223	220	Solido
155	220	218	Solido
169	237	232	Solido
151	219	213	Solido
167	236	229	Solido
160	224	209	Solido
105	163	154	Solido
161	227	225	Solido
35	64	62	Solido
87	130	129	Solido
157	222	215	Solido
128	187	184	Solido
157	224	220	Solido
143	204	208	Solido
114	165	153	Solido
153	213	217	Solido
116	179	174	Solido
84	119	103	Solido
76	122	117	Solido
114	171	162	Solido
34	61	67	Solido
164	228	223	Solido
117	177	177	Solido
145	204	185	Solido
75	118	124	Solido
91	123	102	Solido
154	221	217	Solido
109	159	151	Solido
165	235	229	Solido
74	135	142	Solido
117	169	168	Solido
127	185	162	Solido
61	109	133	Solido
110	166	155	Solido
163	233	229	Solido
162	230	202	Solido
120	173	156	Solido
158	221	217	Solido
116	170	155	Solido
169	237	231	Solido
84	118	102	Solido
152	214	210	Solido
159	227	217	Solido
148	211	208	Solido
153	215	208	Solido
81	118	123	Solido
168	236	233	Solido
120	172	155	Solido
67	100	94	Solido
114	173	175	Solido
119	175	161	Solido
156	220	210	Solido
109	171	167	Solido
47	74	65	Solido
117	166	150	Solido
159	224	221	Solido
167	234	230	Solido
153	217	210	Solido
148	205	181	Solido
163	232	230	Solido
141	202	182	Solido
19	41	43	Solido
140	197	179	Solido
146	201	181	Solido
153	220	213	Solido
146	205	191	Solido
165	235	231	Solido
165	236	233	Solido
90	138	132	Solido
156	220	216	Solido
144	206	205	Solido
157	217	199	Solido
114	169	173	Solido
133	195	181	Solido
78	116	132	Solido
136	196	178	Solido
115	175	171	Solido
101	151	140	Solido
166	234	228	Solido
79	127	126	Solido
85	140	121	Solido
151	215	208	Solido
56	107	122	Solido
11	36	51	Solido
135	188	175	Solido
120	176	179	Solido
163	233	231	Solido
154	220	219	Solido
158	224	222	Solido
140	192	173	Solido
137	200	193	Solido
104	147	143	Solido
147	213	209	Solido
114	179	171	Solido
110	155	136	Solido
107	167	167	Solido
160	225	221	Solido
128	188	179	Solido
129	189	178	Solido
155	218	213	Solido
149	214	210	Solido
154	225	219	Solido
164	232	226	Solido
78	117	104	Solido
166	232	229	Solido
37	65	74	Solido
101	147	139	Solido
165	232	229	Solido
90	139	151	Solido
79	115	136	Solido
164	232	228	Solido
131	182	157	Solido
12	21	33	Solido
163	231	227	Solido
142	205	196	Solido
137	192	185	Solido
152	219	200	Solido
134	194	197	Solido
22	49	55	Solido
152	217	215	Solido
164	231	228	Solido
146	210	207	Solido
163	229	225	Solido
163	226	224	Solido
157	217	169	Solido
171	239	228	Solido
64	106	99	Solido
165	230	230	Solido
159	226	225	Solido
166	233	230	Solido
120	169	151	Solido
153	217	212	Solido
149	212	214	Solido
26	47	54	Solido
153	215	213	Solido
115	169	173	Solido
85	139	139	Solido
155	223	217	Solido
163	230	222	Solido
150	212	212	Solido
154	220	215	Solido
159	224	218	Solido
139	209	192	Solido
158	222	218	Solido
152	217	215	Solido
112	157	141	Solido
50	101	123	Solido
149	213	209	Solido
116	165	153	Solido
127	176	177	Solido
166	235	231	Solido
109	173	185	Solido
154	219	218	Solido
164	232	225	Solido
147	211	212	Solido
135	191	173	Solido
124	174	163	Solido
171	237	232	Solido
7	20	50	Solido
107	154	146	Solido
161	227	220	Solido
145	208	204	Solido
161	227	227	Solido
153	217	213	Solido
35	78	107	Solido
124	179	165	Solido
125	179	164	Solido
153	215	207	Solido
165	230	229	Solido
148	211	213	Solido
164	231	228	Solido
152	215	208	Solido
84	115	101	Solido
128	181	167	Solido
15	33	31	Solido
154	217	216	Solido
124	181	181	Solido
127	181	167	Solido
162	224	219	Solido
90	127	101	Solido
56	84	87	Solido
124	188	185	Solido
102	147	136	Solido
103	147	115	Solido
148	215	218	Solido
134	188	173	Solido
100	148	145	Solido
148	212	208	Solido
148	209	204	Solido
161	227	220	Solido
162	228	225	Solido
139	204	205	Solido
125	179	161	Solido
90	140	135	Solido
93	135	118	Solido
99	151	149	Solido
148	212	212	Solido
122	184	165	Solido
18	42	53	Solido
164	231	227	Solido
110	181	181	Solido
149	214	208	Solido
16	47	67	Solido
113	160	153	Solido
141	203	190	Solido
157	220	214	Solido
154	222	217	Solido
124	175	173	Solido
140	189	157	Solido
161	230	221	Solido
97	159	139	Solido
161	227	222	Solido
167	232	230	Solido
105	149	132	Solido
146	211	207	Solido
134	195	186	Solido
152	217	216	Solido
82	127	120	Solido
163	228	227	Solido
91	141	127	Solido
149	211	217	Solido
152	211	218	Solido
145	207	202	Solido
113	153	157	Solido
158	224	220	Solido
148	211	216	Solido
90	133	134	Solido
64	99	95	Solido
62	91	117	Solido
77	109	112	Solido
93	135	122	Solido
154	217	213	Solido
164	228	226	Solido
143	210	195	Solido
104	146	132	Solido
112	155	133	Solido
164	229	227	Solido
166	237	232	Solido
158	226	223	Solido
142	204	209	Solido
131	182	153	Solido
155	220	220	Solido
155	216	216	Solido
94	146	114	Solido
85	131	127	Solido
90	124	115	Solido
9	17	37	Solido
43	82	75	Solido
161	227	225	Solido
153	220	217	Solido
160	229	222	Solido
163	232	232	Solido
95	144	112	Solido
100	157	148	Solido
83	115	92	Solido
128	174	166	Solido
123	173	159	Solido
161	227	202	Solido
88	147	151	Solido
9	22	33	Solido
87	119	99	Solido
155	212	186	Solido
87	126	120	Solido
155	224	216	Solido
167	233	227	Solido
101	146	136	Solido
98	142	132	Solido
58	90	91	Solido
109	159	151	Solido
64	125	141	Solido
135	197	197	Solido
139	202	201	Solido
124	170	163	Solido
144	205	203	Solido
156	221	217	Solido
124	173	169	Solido
163	230	225	Solido
139	196	180	Solido
131	187	165	Solido
110	156	130	Solido
150	216	196	Solido
71	102	98	Solido
65	119	125	Solido
101	148	137	Solido
163	230	207	Solido
151	215	211	Solido
163	230	229	Solido
41	69	71	Solido
142	195	180	Solido
80	132	135	Solido
159	222	201	Solido
49	89	70	Solido
74	104	125	Solido
119	182	173	Solido
118	167	153	Solido
164	228	219	Solido
151	214	209	Solido
167	236	230	Solido
153	220	205	Solido
31	60	57	Solido
167	235	229	Solido
154	213	192	Solido
161	229	229	Solido
153	220	213	Solido
149	213	207	Solido
130	180	159	Solido
157	221	214	Solido
86	128	131	Solido
116	178	168	Solido
167	233	227	Solido
164	231	228	Solido
118	164	141	Solido
143	194	176	Solido
161	227	224	Solido
128	176	151	Solido
30	48	45	Solido
159	225	223	Solido
158	225	223	Solido
86	129	120	Solido
163	228	226	Solido
153	218	203	Solido
101	144	119	Solido
163	230	229	Solido
129	189	174	Solido
22	34	30	Solido
30	79	115	Solido
69	102	80	Solido
102	146	133	Solido
101	162	162	Solido
134	197	176	Solido
153	214	214	Solido
157	221	216	Solido
167	233	205	Solido
167	236	228	Solido
121	173	171	Solido
161	228	226	Solido
133	195	182	Solido
108	155	158	Solido
123	172	154	Solido
150	211	210	Solido
137	203	191	Solido
158	222	226	Solido
134	208	202	Solido
87	124	115	Solido
157	222	203	Solido
165	232	220	Solido
145	212	202	Solido
153	216	212	Solido
157	220	217	Solido
138	205	191	Solido
145	212	211	Solido
166	232	225	Solido
99	140	138	Solido
163	228	224	Solido
32	71	83	Solido
20	49	76	Solido
46	71	81	Solido
37	67	58	Solido
105	147	131	Solido
164	232	228	Solido
163	230	224	Solido
84	114	109	Solido
154	217	216	Solido
109	164	138	Solido
149	210	214	Solido
167	237	233	Solido
159	229	211	Solido
157	222	220	Solido
159	225	221	Solido
150	212	216	Solido
144	206	191	Solido
160	226	223	Solido
17	38	65	Solido
128	187	180	Solido
159	223	223	Solido
147	211	207	Solido
89	130	122	Solido
163	228	224	Solido
158	223	213	Solido
112	163	151	Solido
94	139	124	Solido
113	159	154	Solido
138	196	187	Solido
105	152	120	Solido
97	143	133	Solido
122	174	161	Solido
116	165	154	Solido
98	138	116	Solido
130	185	167	Solido
114	160	153	Solido
117	164	143	Solido
153	217	216	Solido
163	231	230	Solido
50	76	66	Solido
167	232	225	Solido
145	207	205	Solido
140	197	187	Solido
143	205	183	Solido
22	47	63	Solido
149	211	186	Solido
73	115	114	Solido
159	226	221	Solido
153	220	218	Solido
160	229	220	Solido
21	59	89	Solido
166	232	226	Solido
112	182	173	Solido
103	142	120	Solido
163	230	227	Solido
164	231	224	Solido
67	102	110	Solido
155	221	216	Solido
158	225	220	Solido
7	32	54	Solido
137	185	171	Solido
156	223	221	Solido
152	216	212	Solido
141	208	195	Solido
139	201	181	Solido
150	208	192	Solido
129	176	151	Solido
134	186	171	Solido
138	205	196	Solido
97	143	133	Solido
152	221	214	Solido
163	230	225	Solido
167	232	233	Solido
151	205	175	Solido
157	222	218	Solido
119	170	161	Solido
81	120	94	Solido
124	172	133	Solido
149	210	211	Solido
146	212	206	Solido
144	207	204	Solido
171	239	232	Solido
130	186	170	Solido
160	229	219	Solido
108	161	153	Solido
144	206	189	Solido
153	217	215	Solido
157	223	226	Solido
169	235	231	Solido
154	219	216	Solido
101	142	126	Solido
159	221	218	Solido
151	215	195	Solido
20	38	56	Solido
93	127	112	Solido
54	99	84	Solido
142	203	177	Solido
149	214	214	Solido
161	228	221	Solido
171	237	228	Solido
89	143	138	Solido
154	220	218	Solido
78	116	102	Solido
97	139	129	Solido
171	239	237	Solido
111	162	155	Solido
120	172	169	Solido
126	184	176	Solido
145	208	205	Solido
161	228	229	Solido
9	43	90	Solido
117	166	161	Solido
161	229	224	Solido
93	123	102	Solido
151	215	214	Solido
156	207	199	Solido
122	185	180	Solido
165	233	225	Solido
139	202	184	Solido
149	217	214	Solido
160	226	223	Solido
104	159	158	Solido
93	125	112	Solido
126	175	153	Solido
150	217	203	Solido
167	232	227	Solido
152	215	218	Solido
92	130	131	Solido
163	230	226	Solido
154	216	221	Solido
165	233	227	Solido
161	227	223	Solido
92	139	141	Solido
133	199	187	Solido
159	224	224	Solido
159	226	220	Solido
129	184	143	Solido
1	22	59	Solido
168	237	232	Solido
163	232	227	Solido
157	225	217	Solido
159	221	223	Solido
83	124	117	Solido
157	225	221	Solido
153	215	217	Solido
67	108	124	Solido
141	213	199	Solido
96	138	129	Solido
148	212	210	Solido
161	228	228	Solido
97	135	127	Solido
75	114	113	Solido
80	127	140	Solido
164	232	224	Solido
163	229	228	Solido
154	219	219	Solido
104	147	139	Solido
164	223	183	Solido
115	166	160	Solido
159	224	222	Solido
164	230	226	Solido
155	221	222	Solido
108	155	144	Solido
149	214	212	Solido
140	198	196	Solido
182	254	235	Solido
114	168	159	Solido
170	237	215	Solido
157	224	220	Solido
28	56	52	Solido
134	195	185	Solido
148	210	213	Solido
139	195	186	Solido
66	100	98	Solido
128	184	169	Solido
161	227	224	Solido
163	229	223	Solido
161	228	226	Solido
50	80	70	Solido
119	168	152	Solido
113	172	167	Solido
136	192	183	Solido
44	75	65	Solido
14	42	46	Solido
53	83	87	Solido
147	210	207	Solido
126	179	171	Solido
73	109	106	Solido
155	218	219	Solido
163	231	225	Solido
96	146	137	Solido
98	136	129	Solido
119	168	157	Solido
163	226	220	Solido
97	144	117	Solido
147	213	210	Solido
148	217	202	Solido
133	189	190	Solido
120	178	170	Solido
125	185	173	Solido
151	211	188	Solido
112	155	159	Solido
128	196	187	Solido
155	220	215	Solido
67	99	97	Solido
97	138	132	Solido
92	130	121	Solido
69	131	138	Solido
153	219	212	Solido
87	125	112	Solido
155	217	214	Solido
91	156	163	Solido
1	6	36	Solido
121	183	171	Solido
165	235	230	Solido
24	51	55	Solido
118	167	159	Solido
139	201	199	Solido
156	222	219	Solido
12	30	54	Solido
164	228	226	Solido
82	117	95	Solido
95	131	117	Solido
135	192	183	Solido
115	162	153	Solido
159	226	218	Solido
126	175	157	Solido
124	175	136	Solido
155	221	216	Solido
158	226	218	Solido
75	108	101	Solido
143	204	206	Solido
137	204	198	Solido
152	216	216	Solido
156	221	220	Solido
142	199	180	Solido
141	200	181	Solido
74	105	111	Solido
145	208	201	Solido
110	157	138	Solido
119	169	157	Solido
97	159	158	Solido
81	112	110	Solido
137	201	190	Solido
80	120	129	Solido
165	233	233	Solido
120	179	169	Solido
135	196	180	Solido
61	91	100	Solido
140	202	200	Solido
151	218	214	Solido
165	232	229	Solido
66	96	98	Solido
147	212	210	Solido
38	71	68	Solido
94	141	131	Solido
17	27	31	Solido
171	240	233	Solido
116	167	157	Solido
151	215	212	Solido
161	227	218	Solido
116	168	158	Solido
154	217	193	Solido
157	219	213	Solido
129	179	146	Solido
163	232	228	Solido
66	102	102	Solido
157	220	217	Solido
83	116	115	Solido
155	223	215	Solido
155	215	212	Solido
146	212	209	Solido
144	210	197	Solido
99	148	150	Solido
102	151	149	Solido
108	150	139	Solido
122	173	161	Solido
157	222	214	Solido
164	231	226	Solido
160	224	224	Solido
121	166	141	Solido
158	222	222	Solido
165	232	231	Solido
171	239	200	Solido
161	229	228	Solido
118	173	157	Solido
158	223	221	Solido
91	144	147	Solido
151	217	216	Solido
155	219	217	Solido
160	226	221	Solido
161	227	223	Solido
40	60	64	Solido
164	229	229	Solido
159	223	221	Solido
159	224	208	Solido
121	171	154	Solido
164	228	232	Solido
158	226	219	Solido
165	232	229	Solido
71	120	108	Solido
135	196	178	Solido
94	132	114	Solido
162	226	223	Solido
104	147	133	Solido
133	192	174	Solido
62	110	102	Solido
107	167	169	Solido
17	39	53	Solido
140	202	206	Solido
150	217	211	Solido
148	211	208	Solido
150	215	213	Solido
126	177	173	Solido
8	28	47	Solido
93	132	115	Solido
159	227	218	Solido
153	211	223	Solido
81	114	109	Solido
153	220	217	Solido
102	149	139	Solido
147	214	198	Solido
91	132	127	Solido
125	181	168	Solido
63	96	92	Solido
179	248	231	Solido
30	52	53	Solido
164	233	226	Solido
149	217	213	Solido
94	138	134	Solido
164	233	227	Solido
115	166	159	Solido
177	245	208	Solido
160	227	224	Solido
145	210	211	Solido
141	203	188	Solido
159	222	205	Solido
101	145	128	Solido
162	226	228	Solido
161	227	206	Solido
160	226	222	Solido
163	230	225	Solido
174	237	192	Solido
160	226	219	Solido
160	229	223	Solido
73	106	95	Solido
73	106	109	Solido
163	232	229	Solido
154	221	216	Solido
143	204	192	Solido
163	228	226	Solido
85	129	116	Solido
167	234	225	Solido
157	225	215	Solido
144	208	208	Solido
153	218	219	Solido
156	222	218	Solido
168	236	234	Solido
159	223	204	Solido
114	164	161	Solido
42	70	59	Solido
145	202	179	Solido
160	223	216	Solido
28	56	63	Solido
158	225	224	Solido
163	229	226	Solido
167	233	229	Solido
44	80	65	Solido
161	228	220	Solido
13	31	36	Solido
110	174	168	Solido
163	233	229	Solido
85	135	135	Solido
149	210	193	Solido
150	212	208	Solido
82	125	121	Solido
149	218	217	Solido
143	199	166	Solido
158	225	223	Solido
50	96	86	Solido
149	216	210	Solido
13	26	27	Solido
163	230	223	Solido
159	224	217	Solido
167	235	228	Solido
149	204	185	Solido
163	230	227	Solido
97	145	138	Solido
136	186	158	Solido
49	78	75	Solido
131	186	166	Solido
45	79	89	Solido
136	189	160	Solido
107	155	137	Solido
139	193	159	Solido
136	190	183	Solido
160	225	222	Solido
163	230	226	Solido
87	123	113	Solido
161	226	223	Solido
162	227	226	Solido
91	133	119	Solido
89	144	144	Solido
111	164	160	Solido
146	211	207	Solido
120	175	161	Solido
169	239	232	Solido
74	108	93	Solido
164	231	229	Solido
41	93	122	Solido
143	203	185	Solido
62	113	123	Solido
142	189	182	Solido
148	213	208	Solido
151	214	212	Solido
166	235	232	Solido
116	161	146	Solido
152	223	219	Solido
156	220	212	Solido
156	221	215	Solido
164	233	229	Solido
163	228	226	Solido
91	125	135	Solido
101	144	143	Solido
134	197	178	Solido
77	125	126	Solido
100	139	119	Solido
140	208	192	Solido
109	157	149	Solido
165	228	225	Solido
141	204	188	Solido
171	234	191	Solido
163	229	226	Solido
108	154	148	Solido
154	219	215	Solido
129	191	181	Solido
133	186	181	Solido
100	148	145	Solido
155	218	207	Solido
153	214	193	Solido
168	236	235	Solido
165	232	228	Solido
149	213	209	Solido
93	131	123	Solido
159	227	222	Solido
81	118	117	Solido
149	211	193	Solido
155	221	215	Solido
148	215	216	Solido
161	229	226	Solido
125	179	165	Solido
161	226	223	Solido
159	224	223	Solido
159	225	225	Solido
153	217	212	Solido
82	120	110	Solido
84	144	151	Solido
148	213	196	Solido
64	92	87	Solido
131	192	178	Solido
113	163	153	Solido
1	15	52	Solido
117	164	151	Solido
111	169	161	Solido
163	233	227	Solido
1	28	62	Solido
100	159	159	Solido
105	151	137	Solido
107	151	131	Solido
125	171	164	Solido
107	155	139	Solido
62	103	109	Solido
98	141	131	Solido
56	82	91	Solido
158	221	223	Solido
14	32	33	Solido
101	159	151	Solido
163	236	226	Solido
84	119	109	Solido
90	133	129	Solido
157	220	221	Solido
95	126	100	Solido
135	193	185	Solido
169	235	214	Solido
59	91	86	Solido
150	218	216	Solido
65	107	93	Solido
108	163	156	Solido
159	222	220	Solido
129	187	171	Solido
160	230	222	Solido
143	202	181	Solido
164	230	218	Solido
153	219	219	Solido
127	181	173	Solido
143	203	203	Solido
64	101	99	Solido
57	95	97	Solido
105	150	126	Solido
157	220	219	Solido
153	215	214	Solido
99	144	135	Solido
28	49	48	Solido
161	227	224	Solido
147	210	209	Solido
141	195	163	Solido
161	230	226	Solido
91	131	112	Solido
151	216	213	Solido
167	236	234	Solido
164	232	228	Solido
151	215	211	Solido
61	103	94	Solido
85	115	98	Solido
8	29	43	Solido
154	217	215	Solido
30	55	68	Solido
91	131	105	Solido
157	222	219	Solido
167	236	231	Solido
165	233	226	Solido
166	233	228	Solido
159	224	225	Solido
127	177	172	Solido
132	185	174	Solido
100	139	126	Solido
137	199	202	Solido
78	118	119	Solido
53	98	126	Solido
153	221	197	Solido
157	226	205	Solido
157	222	224	Solido
153	215	207	Solido
18	42	58	Solido
126	186	178	Solido
166	232	214	Solido
163	227	225	Solido
86	121	107	Solido
164	232	230	Solido
107	155	153	Solido
167	235	232	Solido
38	65	44	Solido
145	208	211	Solido
146	215	192	Solido
133	192	182	Solido
109	155	141	Solido
160	224	198	Solido
110	164	157	Solido
155	218	209	Solido
160	226	224	Solido
84	133	102	Solido
113	167	188	Solido
143	206	204	Solido
163	228	225	Solido
41	65	96	Solido
105	151	145	Solido
133	195	185	Solido
163	233	214	Solido
153	217	194	Solido
157	223	219	Solido
152	217	204	Solido
148	212	212	Solido
123	169	154	Solido
122	187	179	Solido
149	214	211	Solido
125	174	168	Solido
156	221	216	Solido
156	221	222	Solido
104	164	156	Solido
152	218	212	Solido
87	132	125	Solido
96	151	155	Solido
58	91	79	Solido
154	213	190	Solido
141	201	193	Solido
158	223	219	Solido
113	167	160	Solido
127	186	176	Solido
1	12	42	Solido
143	207	206	Solido
41	68	60	Solido
160	226	223	Solido
149	213	208	Solido
72	118	115	Solido
156	222	222	Solido
9	33	77	Solido
27	49	55	Solido
171	240	231	Solido
156	221	215	Solido
153	218	216	Solido
153	216	219	Solido
166	232	224	Solido
58	86	82	Solido
109	156	131	Solido
84	123	117	Solido
87	139	145	Solido
53	84	90	Solido
139	199	185	Solido
162	228	223	Solido
162	229	227	Solido
157	221	217	Solido
159	222	215	Solido
162	230	228	Solido
157	219	216	Solido
159	227	225	Solido
165	232	226	Solido
99	136	105	Solido
100	141	131	Solido
155	222	218	Solido
139	191	164	Solido
132	192	173	Solido
163	233	229	Solido
80	115	132	Solido
98	149	151	Solido
102	144	123	Solido
115	157	173	Solido
91	130	125	Solido
155	222	219	Solido
157	219	219	Solido
131	183	179	Solido
157	223	219	Solido
140	199	187	Solido
125	185	176	Solido
89	132	129	Solido
112	167	165	Solido
159	222	218	Solido
148	211	207	Solido
148	210	195	Solido
106	148	150	Solido
160	226	220	Solido
159	228	223	Solido
142	200	199	Solido
70	132	150	Solido
113	168	165	Solido
139	200	202	Solido
85	142	134	Solido
145	209	205	Solido
108	160	155	Solido
156	219	218	Solido
104	155	159	Solido
163	229	222	Solido
67	102	84	Solido
134	194	191	Solido
163	232	228	Solido
156	223	216	Solido
153	218	219	Solido
25	49	54	Solido
134	186	173	Solido
167	234	223	Solido
164	229	223	Solido
154	220	216	Solido
149	210	207	Solido
119	168	148	Solido
165	221	215	Solido
163	231	228	Solido
159	225	220	Solido
155	215	197	Solido
175	240	234	Solido
13	24	43	Solido
111	161	151	Solido
162	229	228	Solido
161	228	222	Solido
159	226	225	Solido
95	134	125	Solido
155	224	204	Solido
130	180	167	Solido
153	220	217	Solido
167	236	228	Solido
159	227	226	Solido
138	199	204	Solido
164	229	226	Solido
147	209	194	Solido
123	175	141	Solido
105	161	161	Solido
97	145	136	Solido
165	230	228	Solido
157	220	200	Solido
149	200	175	Solido
151	214	209	Solido
149	214	219	Solido
75	106	97	Solido
31	58	62	Solido
163	231	232	Solido
6	27	53	Solido
67	107	117	Solido
163	230	228	Solido
98	138	116	Solido
59	89	79	Solido
117	166	163	Solido
134	191	174	Solido
42	73	80	Solido
132	188	175	Solido
112	159	151	Solido
80	114	114	Solido
163	227	226	Solido
11	43	43	Solido
164	229	228	Solido
78	112	82	Solido
162	230	226	Solido
141	202	181	Solido
159	224	222	Solido
159	225	220	Solido
161	229	225	Solido
166	232	226	Solido
109	165	161	Solido
47	75	73	Solido
136	198	196	Solido
132	185	165	Solido
85	117	101	Solido
79	114	113	Solido
103	148	138	Solido
38	94	112	Solido
63	95	106	Solido
153	218	216	Solido
164	231	227	Solido
169	238	228	Solido
151	220	212	Solido
106	157	155	Solido
158	226	216	Solido
99	140	124	Solido
137	191	177	Solido
162	228	226	Solido
150	213	214	Solido
137	187	156	Solido
23	44	41	Solido
141	202	187	Solido
95	145	139	Solido
23	49	53	Solido
128	183	189	Solido
121	169	127	Solido
160	225	223	Solido
145	216	198	Solido
72	108	102	Solido
150	214	209	Solido
100	152	145	Solido
165	229	222	Solido
115	166	148	Solido
96	135	116	Solido
4	18	57	Solido
157	223	204	Solido
64	94	77	Solido
111	169	163	Solido
165	232	227	Solido
111	158	148	Solido
64	103	103	Solido
147	209	202	Solido
136	202	199	Solido
163	231	231	Solido
142	200	188	Solido
119	186	179	Solido
123	181	167	Solido
49	87	78	Solido
159	222	199	Solido
159	223	218	Solido
113	162	132	Solido
161	224	223	Solido
123	173	166	Solido
97	164	159	Solido
155	217	215	Solido
158	225	220	Solido
49	78	97	Solido
130	180	147	Solido
159	226	219	Solido
83	122	106	Solido
122	177	165	Solido
126	188	178	Solido
150	217	213	Solido
153	218	214	Solido
141	200	190	Solido
156	220	217	Solido
136	197	197	Solido
162	230	226	Solido
134	187	177	Solido
166	232	230	Solido
160	223	222	Solido
160	225	223	Solido
147	209	205	Solido
122	168	149	Solido
148	205	194	Solido
154	219	202	Solido
152	215	210	Solido
147	209	208	Solido
157	223	217	Solido
73	105	108	Solido
150	213	216	Solido
106	151	133	Solido
162	226	218	Solido
174	242	217	Solido
111	156	142	Solido
167	234	231	Solido
149	213	210	Solido
161	228	225	Solido
165	233	229	Solido
115	171	171	Solido
158	224	220	Solido
165	231	226	Solido
137	192	196	Solido
124	174	137	Solido
83	117	121	Solido
168	238	214	Solido
155	217	201	Solido
146	209	196	Solido
117	165	156	Solido
181	253	232	Solido
153	220	217	Solido
118	169	133	Solido
36	59	64	Solido
113	159	135	Solido
168	236	228	Solido
160	224	223	Solido
125	177	165	Solido
98	141	133	Solido
143	205	203	Solido
159	222	218	Solido
157	220	219	Solido
167	234	233	Solido
137	199	190	Solido
161	226	218	Solido
144	206	202	Solido
86	123	118	Solido
81	128	130	Solido
159	226	225	Solido
159	223	221	Solido
153	217	216	Solido
163	228	228	Solido
96	163	162	Solido
149	210	215	Solido
162	230	224	Solido
112	167	161	Solido
153	219	221	Solido
96	136	122	Solido
106	152	149	Solido
168	231	204	Solido
162	229	229	Solido
157	210	167	Solido
132	191	177	Solido
128	190	178	Solido
162	230	221	Solido
147	207	194	Solido
151	221	221	Solido
52	83	71	Solido
152	219	216	Solido
107	151	129	Solido
159	224	222	Solido
32	65	85	Solido
161	230	228	Solido
150	206	194	Solido
95	135	128	Solido
150	215	208	Solido
160	224	219	Solido
148	211	211	Solido
160	227	226	Solido
153	218	218	Solido
136	197	188	Solido
105	155	132	Solido
139	200	180	Solido
178	250	231	Solido
79	116	121	Solido
63	99	89	Solido
160	226	220	Solido
147	210	213	Solido
12	33	52	Solido
171	239	223	Solido
86	128	123	Solido
55	96	70	Solido
129	184	163	Solido
109	147	121	Solido
121	171	159	Solido
91	134	124	Solido
162	228	224	Solido
162	232	229	Solido
149	211	217	Solido
75	107	101	Solido
81	115	109	Solido
182	252	234	Solido
160	228	225	Solido
156	220	218	Solido
165	223	218	Solido
155	221	219	Solido
153	217	213	Solido
121	172	157	Solido
143	203	190	Solido
46	69	73	Solido
159	220	220	Solido
140	204	207	Solido
76	111	114	Solido
108	162	171	Solido
159	226	228	Solido
149	213	209	Solido
165	235	228	Solido
153	220	218	Solido
70	101	95	Solido
10	22	30	Solido
164	230	222	Solido
162	225	222	Solido
129	192	182	Solido
137	198	184	Solido
40	71	74	Solido
106	173	169	Solido
165	235	232	Solido
83	120	125	Solido
148	209	212	Solido
99	143	135	Solido
140	203	191	Solido
157	223	222	Solido
142	206	205	Solido
15	50	94	Solido
71	114	121	Solido
145	200	190	Solido
162	231	226	Solido
139	197	182	Solido
163	231	217	Solido
107	165	162	Solido
61	112	129	Solido
163	230	229	Solido
7	23	60	Solido
159	225	225	Solido
93	159	163	Solido
104	142	118	Solido
153	220	216	Solido
153	215	198	Solido
46	103	126	Solido
142	206	204	Solido
168	237	216	Solido
155	222	218	Solido
83	117	111	Solido
13	24	34	Solido
134	192	184	Solido
135	205	192	Solido
116	165	167	Solido
147	211	207	Solido
140	205	202	Solido
163	229	226	Solido
142	203	199	Solido
164	227	217	Solido
108	162	155	Solido
138	200	187	Solido
130	179	164	Solido
58	88	96	Solido
139	200	203	Solido
96	137	131	Solido
167	235	230	Solido
146	211	193	Solido
140	205	203	Solido
156	220	218	Solido
5	18	40	Solido
28	76	100	Solido
51	111	132	Solido
158	222	219	Solido
101	142	131	Solido
151	215	213	Solido
106	155	145	Solido
32	69	59	Solido
135	190	196	Solido
171	238	228	Solido
98	135	114	Solido
119	171	188	Solido
107	153	147	Solido
165	234	227	Solido
163	231	226	Solido
88	129	119	Solido
12	30	43	Solido
137	191	184	Solido
144	205	180	Solido
147	217	216	Solido
63	93	97	Solido
10	32	47	Solido
152	215	214	Solido
167	239	235	Solido
159	223	216	Solido
150	217	207	Solido
138	199	176	Solido
60	95	87	Solido
148	213	207	Solido
120	181	174	Solido
83	118	109	Solido
96	138	129	Solido
127	180	163	Solido
71	106	110	Solido
157	223	220	Solido
34	62	67	Solido
65	96	89	Solido
138	199	198	Solido
167	237	229	Solido
162	228	226	Solido
132	184	140	Solido
157	222	201	Solido
72	111	85	Solido
140	197	183	Solido
159	223	218	Solido
169	235	226	Solido
74	111	104	Solido
73	118	121	Solido
119	164	152	Solido
155	216	213	Solido
125	164	132	Solido
161	227	223	Solido
160	225	223	Solido
155	217	199	Solido
89	127	114	Solido
129	189	165	Solido
72	111	112	Solido
60	93	93	Solido
123	181	189	Solido
92	153	162	Solido
161	225	177	Solido
166	235	228	Solido
153	220	197	Solido
154	221	222	Solido
8	23	40	Solido
101	150	153	Solido
151	215	212	Solido
107	171	166	Solido
42	66	78	Solido
167	232	226	Solido
141	204	201	Solido
133	188	168	Solido
155	223	222	Solido
165	231	228	Solido
147	205	209	Solido
169	232	227	Solido
135	189	170	Solido
130	171	167	Solido
92	137	125	Solido
141	200	183	Solido
96	156	154	Solido
68	96	87	Solido
156	217	223	Solido
162	228	222	Solido
155	223	214	Solido
149	214	205	Solido
126	176	165	Solido
110	161	149	Solido
148	208	195	Solido
104	167	167	Solido
160	224	218	Solido
157	222	223	Solido
38	71	69	Solido
155	223	219	Solido
112	144	114	Solido
148	214	211	Solido
142	204	203	Solido
156	224	218	Solido
77	122	116	Solido
159	227	219	Solido
155	224	220	Solido
162	225	222	Solido
129	185	176	Solido
113	159	142	Solido
134	179	170	Solido
36	55	67	Solido
10	26	42	Solido
138	197	189	Solido
19	57	83	Solido
139	194	154	Solido
11	21	44	Solido
138	195	180	Solido
84	124	119	Solido
150	217	210	Solido
162	228	224	Solido
166	231	226	Solido
160	227	228	Solido
161	229	230	Solido
159	225	219	Solido
163	233	227	Solido
158	219	217	Solido
102	149	145	Solido
122	177	183	Solido
21	56	75	Solido
115	166	151	Solido
127	182	174	Solido
120	185	171	Solido
123	169	149	Solido
146	209	206	Solido
31	52	60	Solido
122	170	153	Solido
107	163	157	Solido
147	201	188	Solido
19	44	48	Solido
77	123	114	Solido
159	227	223	Solido
148	217	213	Solido
146	213	207	Solido
51	78	69	Solido
100	150	148	Solido
123	169	161	Solido
151	213	212	Solido
106	150	143	Solido
121	177	132	Solido
138	191	187	Solido
96	148	154	Solido
108	159	143	Solido
171	238	232	Solido
167	235	234	Solido
159	226	221	Solido
145	209	203	Solido
146	205	204	Solido
127	170	166	Solido
108	154	138	Solido
150	211	211	Solido
105	147	124	Solido
149	216	212	Solido
117	171	153	Solido
145	206	192	Solido
161	228	224	Solido
180	253	231	Solido
117	172	159	Solido
91	139	136	Solido
137	195	178	Solido
156	219	218	Solido
148	210	200	Solido
107	177	173	Solido
92	133	130	Solido
156	220	218	Solido
139	200	190	Solido
92	156	155	Solido
96	138	122	Solido
139	198	179	Solido
9	33	39	Solido
137	199	182	Solido
22	42	36	Solido
158	225	218	Solido
165	235	229	Solido
98	146	132	Solido
49	81	92	Solido
121	176	169	Solido
162	228	225	Solido
140	196	188	Solido
12	24	32	Solido
64	102	100	Solido
80	113	105	Solido
106	154	130	Solido
135	204	189	Solido
156	220	217	Solido
77	110	104	Solido
110	160	147	Solido
143	200	180	Solido
161	226	224	Solido
27	70	91	Solido
142	206	207	Solido
163	230	223	Solido
166	234	226	Solido
169	236	231	Solido
145	199	184	Solido
149	213	212	Solido
144	205	188	Solido
134	192	183	Solido
160	229	222	Solido
169	235	215	Solido
139	188	156	Solido
166	238	232	Solido
143	207	203	Solido
150	213	215	Solido
163	231	228	Solido
91	126	108	Solido
46	74	65	Solido
129	185	163	Solido
144	207	203	Solido
148	213	209	Solido
142	207	203	Solido
134	194	182	Solido
156	221	221	Solido
2	30	67	Solido
143	210	191	Solido
134	195	185	Solido
125	181	174	Solido
151	216	211	Solido
92	142	126	Solido
147	210	207	Solido
138	202	206	Solido
171	240	232	Solido
164	230	225	Solido
86	128	126	Solido
159	216	202	Solido
90	130	119	Solido
146	209	206	Solido
146	210	207	Solido
23	51	52	Solido
152	216	212	Solido
116	177	170	Solido
57	89	95	Solido
156	222	215	Solido
159	226	221	Solido
142	213	198	Solido
154	218	213	Solido
148	212	212	Solido
121	170	172	Solido
141	201	173	Solido
163	232	228	Solido
30	58	61	Solido
158	224	223	Solido
169	235	230	Solido
93	132	97	Solido
156	220	216	Solido
132	189	173	Solido
102	136	147	Solido
148	215	201	Solido
106	150	139	Solido
43	70	52	Solido
120	175	162	Solido
149	219	198	Solido
103	164	162	Solido
16	30	38	Solido
152	216	209	Solido
71	119	124	Solido
72	115	90	Solido
162	229	223	Solido
132	182	168	Solido
169	238	225	Solido
109	158	135	Solido
157	218	217	Solido
158	225	224	Solido
159	226	221	Solido
135	187	162	Solido
157	224	220	Solido
157	223	219	Solido
63	116	124	Solido
121	177	173	Solido
167	235	228	Solido
155	218	219	Solido
162	232	226	Solido
157	215	193	Solido
118	178	177	Solido
90	129	92	Solido
150	217	213	Solido
167	234	222	Solido
119	169	136	Solido
149	211	194	Solido
129	188	177	Solido
96	137	127	Solido
160	223	225	Solido
161	231	226	Solido
158	226	224	Solido
142	201	206	Solido
91	135	131	Solido
90	132	121	Solido
170	235	216	Solido
149	215	208	Solido
156	219	212	Solido
155	222	222	Solido
107	148	144	Solido
152	220	216	Solido
161	226	220	Solido
166	231	227	Solido
70	101	87	Solido
145	208	207	Solido
138	195	176	Solido
82	138	150	Solido
149	212	190	Solido
159	225	226	Solido
157	223	221	Solido
139	198	185	Solido
157	221	224	Solido
153	219	219	Solido
143	206	202	Solido
163	229	225	Solido
153	216	212	Solido
131	183	162	Solido
34	52	53	Solido
113	162	150	Solido
123	182	179	Solido
132	179	153	Solido
153	216	212	Solido
115	163	158	Solido
149	209	205	Solido
153	221	216	Solido
101	152	154	Solido
155	223	216	Solido
104	153	127	Solido
108	154	140	Solido
159	225	220	Solido
161	227	225	Solido
38	80	89	Solido
151	211	191	Solido
155	220	218	Solido
160	226	225	Solido
154	215	214	Solido
14	33	39	Solido
133	192	178	Solido
136	198	189	Solido
151	212	209	Solido
149	212	213	Solido
166	234	231	Solido
84	119	139	Solido
163	231	227	Solido
146	208	205	Solido
158	220	202	Solido
122	179	177	Solido
163	228	223	Solido
158	225	222	Solido
164	235	225	Solido
170	238	231	Solido
109	157	141	Solido
153	217	213	Solido
132	193	191	Solido
159	227	223	Solido
93	129	123	Solido
126	185	171	Solido
145	207	213	Solido
111	166	157	Solido
166	235	227	Solido
86	124	105	Solido
139	191	169	Solido
142	199	189	Solido
155	219	218	Solido
141	201	190	Solido
84	120	118	Solido
168	233	228	Solido
161	228	223	Solido
161	229	202	Solido
158	222	222	Solido
122	167	145	Solido
161	230	227	Solido
79	115	100	Solido
144	207	206	Solido
101	147	137	Solido
149	213	208	Solido
158	226	221	Solido
114	166	160	Solido
104	153	150	Solido
154	209	190	Solido
112	152	128	Solido
160	230	226	Solido
148	211	187	Solido
158	220	220	Solido
152	216	208	Solido
21	44	58	Solido
103	153	153	Solido
155	222	217	Solido
151	218	211	Solido
160	226	222	Solido
118	166	148	Solido
121	173	170	Solido
102	149	144	Solido
83	123	117	Solido
148	213	211	Solido
153	218	220	Solido
159	224	223	Solido
165	229	227	Solido
162	228	229	Solido
157	223	219	Solido
156	224	220	Solido
164	235	232	Solido
167	236	231	Solido
161	228	224	Solido
153	212	198	Solido
127	179	171	Solido
116	173	160	Solido
75	133	133	Solido
119	170	150	Solido
122	179	172	Solido
86	123	114	Solido
169	239	231	Solido
47	75	72	Solido
148	216	210	Solido
119	171	146	Solido
103	152	148	Solido
102	148	135	Solido
129	183	175	Solido
110	163	145	Solido
170	241	233	Solido
157	225	219	Solido
156	218	217	Solido
127	180	153	Solido
101	166	163	Solido
161	231	227	Solido
138	193	177	Solido
33	60	65	Solido
82	131	127	Solido
126	182	165	Solido
147	213	203	Solido
162	234	220	Solido
170	231	212	Solido
170	234	215	Solido
118	165	159	Solido
105	163	147	Solido
142	199	186	Solido
86	130	133	Solido
72	118	121	Solido
134	193	181	Solido
111	161	161	Solido
72	119	118	Solido
131	189	167	Solido
105	152	142	Solido
69	111	115	Solido
101	145	145	Solido
147	206	180	Solido
106	156	139	Solido
81	122	129	Solido
109	159	146	Solido
175	244	222	Solido
85	128	116	Solido
75	112	109	Solido
134	189	171	Solido
77	121	146	Solido
91	147	135	Solido
135	192	183	Solido
174	245	228	Solido
163	229	215	Solido
147	211	199	Solido
89	134	133	Solido
145	209	201	Solido
173	241	219	Solido
83	128	118	Solido
60	112	120	Solido
155	221	195	Solido
157	225	205	Solido
139	203	192	Solido
123	177	166	Solido
89	133	126	Solido
162	228	212	Solido
173	243	234	Solido
155	212	193	Solido
171	239	222	Solido
140	202	198	Solido
40	84	103	Solido
135	187	181	Solido
114	157	148	Solido
55	91	92	Solido
135	190	197	Solido
87	129	124	Solido
92	133	126	Solido
83	135	131	Solido
157	217	203	Solido
97	153	156	Solido
162	228	198	Solido
114	162	151	Solido
131	182	172	Solido
152	211	189	Solido
144	209	191	Solido
168	238	223	Solido
113	175	171	Solido
56	98	106	Solido
179	248	230	Solido
117	169	154	Solido
153	220	212	Solido
121	173	164	Solido
115	164	154	Solido
89	140	132	Solido
95	141	131	Solido
69	114	120	Solido
77	119	111	Solido
63	106	113	Solido
73	113	109	Solido
131	186	174	Solido
171	235	223	Solido
100	153	145	Solido
123	167	153	Solido
156	219	210	Solido
101	145	136	Solido
67	111	115	Solido
173	243	228	Solido
151	217	207	Solido
173	244	233	Solido
98	142	146	Solido
134	189	195	Solido
79	134	129	Solido
151	214	198	Solido
123	179	167	Solido
105	152	139	Solido
84	123	116	Solido
90	135	129	Solido
62	103	123	Solido
143	207	203	Solido
125	179	154	Solido
106	153	137	Solido
91	148	150	Solido
38	78	95	Solido
138	187	183	Solido
68	107	100	Solido
103	149	135	Solido
73	117	122	Solido
142	202	174	Solido
129	181	171	Solido
108	157	145	Solido
101	151	139	Solido
107	160	152	Solido
91	143	136	Solido
104	164	152	Solido
63	105	118	Solido
169	234	216	Solido
120	170	157	Solido
92	144	127	Solido
120	171	167	Solido
191	254	243	Solido
88	125	125	Solido
149	206	190	Solido
86	127	125	Solido
123	176	164	Solido
113	170	163	Solido
128	177	159	Solido
130	183	150	Solido
133	190	177	Solido
164	228	198	Solido
156	220	205	Solido
169	241	222	Solido
172	240	223	Solido
162	224	188	Solido
167	234	213	Solido
39	76	90	Solido
109	161	149	Solido
120	179	158	Solido
85	136	127	Solido
143	207	178	Solido
147	205	191	Solido
124	173	172	Solido
103	155	140	Solido
129	178	167	Solido
130	187	161	Solido
50	94	92	Solido
136	191	169	Solido
139	200	180	Solido
79	127	141	Solido
153	220	215	Solido
133	189	177	Solido
110	167	159	Solido
72	112	120	Solido
135	187	175	Solido
169	237	221	Solido
154	217	207	Solido
167	233	224	Solido
56	88	95	Solido
182	250	231	Solido
124	179	168	Solido
163	219	202	Solido
135	194	189	Solido
88	129	121	Solido
90	138	135	Solido
69	110	109	Solido
156	215	194	Solido
106	154	151	Solido
155	208	175	Solido
157	221	207	Solido
157	224	209	Solido
191	254	226	Solido
132	187	177	Solido
175	242	230	Solido
103	149	154	Solido
166	231	214	Solido
114	165	145	Solido
107	163	150	Solido
86	129	121	Solido
97	133	123	Solido
179	247	221	Solido
157	221	197	Solido
93	138	141	Solido
174	247	224	Solido
83	121	112	Solido
144	207	191	Solido
95	141	125	Solido
117	167	164	Solido
123	185	169	Solido
163	229	212	Solido
52	96	109	Solido
69	108	123	Solido
73	116	125	Solido
78	129	121	Solido
108	155	155	Solido
150	210	184	Solido
165	230	210	Solido
121	181	161	Solido
170	238	225	Solido
150	205	190	Solido
161	234	223	Solido
88	123	116	Solido
164	231	213	Solido
175	245	233	Solido
174	240	217	Solido
130	179	173	Solido
105	152	145	Solido
157	220	191	Solido
167	235	213	Solido
74	115	121	Solido
169	235	218	Solido
67	119	116	Solido
74	115	123	Solido
173	239	225	Solido
116	168	153	Solido
122	177	160	Solido
94	141	129	Solido
167	230	222	Solido
155	220	213	Solido
160	218	203	Solido
180	248	213	Solido
162	230	213	Solido
145	206	178	Solido
89	132	129	Solido
154	217	191	Solido
117	175	156	Solido
141	197	184	Solido
158	223	211	Solido
134	195	190	Solido
142	198	179	Solido
96	145	129	Solido
84	129	123	Solido
117	171	155	Solido
147	209	183	Solido
157	223	197	Solido
137	194	181	Solido
46	87	107	Solido
95	138	144	Solido
105	151	148	Solido
135	191	186	Solido
165	239	225	Solido
122	178	168	Solido
132	183	153	Solido
114	166	150	Solido
121	170	151	Solido
91	136	129	Solido
100	144	141	Solido
120	168	146	Solido
72	114	107	Solido
70	113	104	Solido
115	167	145	Solido
102	149	142	Solido
81	130	130	Solido
102	148	127	Solido
87	134	127	Solido
87	129	126	Solido
94	135	131	Solido
99	149	137	Solido
129	179	153	Solido
139	191	170	Solido
90	140	126	Solido
66	110	106	Solido
127	176	158	Solido
68	103	112	Solido
131	185	161	Solido
139	190	159	Solido
107	151	136	Solido
110	152	136	Solido
76	127	128	Solido
147	203	169	Solido
140	192	160	Solido
63	108	109	Solido
63	100	107	Solido
101	151	142	Solido
107	156	145	Solido
92	133	118	Solido
70	114	110	Solido
101	151	135	Solido
104	154	133	Solido
61	106	105	Solido
116	171	148	Solido
97	143	135	Solido
119	166	145	Solido
120	173	155	Solido
117	166	153	Solido
104	151	125	Solido
117	166	145	Solido
99	149	124	Solido
107	152	142	Solido
131	179	156	Solido
107	155	144	Solido
104	148	135	Solido
127	177	153	Solido
101	144	133	Solido
109	152	133	Solido
121	173	149	Solido
