33	107	178	Poro
5	52	123	Poro
24	79	133	Poro
40	85	118	Poro
43	116	172	Poro
53	111	157	Poro
39	122	212	Poro
153	222	189	Poro
35	118	189	Poro
51	132	185	Poro
18	62	118	Poro
25	73	103	Poro
34	95	147	Poro
35	115	192	Poro
28	85	126	Poro
40	113	190	Poro
35	111	172	Poro
34	89	174	Poro
30	86	163	Poro
12	35	64	Poro
41	116	189	Poro
35	114	186	Poro
32	99	161	Poro
35	109	182	Poro
34	85	120	Poro
26	92	158	Poro
41	120	191	Poro
39	95	128	Poro
55	132	190	Poro
38	98	130	Poro
37	92	112	Poro
21	63	118	Poro
94	140	151	Poro
95	176	217	Poro
35	119	187	Poro
18	69	150	Poro
120	173	165	Poro
19	67	120	Poro
26	67	115	Poro
36	114	182	Poro
40	118	192	Poro
58	112	142	Poro
29	76	103	Poro
36	100	159	Poro
47	117	191	Poro
18	66	146	Poro
33	109	175	Poro
33	106	177	Poro
26	91	173	Poro
36	117	190	Poro
34	87	115	Poro
43	116	173	Poro
43	131	202	Poro
23	84	154	Poro
33	93	132	Poro
46	96	111	Poro
18	58	103	Poro
35	119	191	Poro
86	145	185	Poro
34	101	171	Poro
37	89	122	Poro
49	121	173	Poro
76	155	195	Poro
35	120	184	Poro
42	113	175	Poro
29	99	169	Poro
44	126	192	Poro
39	120	192	Poro
40	116	194	Poro
29	108	183	Poro
43	112	157	Poro
20	70	148	Poro
37	116	181	Poro
32	86	174	Poro
12	56	107	Poro
27	83	174	Poro
30	106	182	Poro
37	104	161	Poro
19	86	166	Poro
56	129	171	Poro
33	81	116	Poro
31	106	178	Poro
40	103	121	Poro
38	112	188	Poro
34	105	180	Poro
41	110	166	Poro
24	96	190	Poro
28	97	147	Poro
40	104	142	Poro
20	70	117	Poro
33	97	145	Poro
37	102	149	Poro
21	77	154	Poro
25	93	169	Poro
97	161	189	Poro
40	107	151	Poro
39	120	190	Poro
61	127	177	Poro
36	94	129	Poro
29	76	104	Poro
19	78	147	Poro
39	121	190	Poro
32	89	147	Poro
36	111	180	Poro
33	85	109	Poro
16	62	121	Poro
38	106	155	Poro
12	31	52	Poro
75	154	192	Poro
33	106	180	Poro
32	81	124	Poro
38	107	169	Poro
48	95	112	Poro
33	104	181	Poro
37	122	188	Poro
42	123	198	Poro
26	96	161	Poro
44	122	192	Poro
32	116	201	Poro
35	121	185	Poro
40	100	152	Poro
109	173	191	Poro
33	108	173	Poro
43	126	205	Poro
41	104	137	Poro
21	79	149	Poro
21	68	107	Poro
37	111	192	Poro
30	67	100	Poro
26	103	190	Poro
19	49	85	Poro
61	133	183	Poro
10	28	61	Poro
20	73	164	Poro
45	109	159	Poro
55	136	181	Poro
35	107	163	Poro
38	104	153	Poro
53	105	118	Poro
36	118	206	Poro
20	63	125	Poro
34	109	184	Poro
53	120	153	Poro
36	109	167	Poro
36	99	151	Poro
22	67	107	Poro
36	107	192	Poro
38	112	177	Poro
54	107	126	Poro
22	67	97	Poro
35	105	160	Poro
11	38	61	Poro
35	105	169	Poro
44	121	203	Poro
43	113	187	Poro
21	71	125	Poro
26	86	163	Poro
34	101	155	Poro
57	132	185	Poro
23	71	107	Poro
43	121	198	Poro
94	165	199	Poro
41	121	191	Poro
34	112	185	Poro
39	118	182	Poro
29	79	135	Poro
59	121	144	Poro
40	101	181	Poro
15	60	93	Poro
38	110	196	Poro
33	109	198	Poro
35	93	143	Poro
81	155	191	Poro
30	96	174	Poro
37	108	193	Poro
32	110	186	Poro
29	104	185	Poro
50	123	189	Poro
21	78	146	Poro
14	40	65	Poro
25	65	106	Poro
78	157	191	Poro
81	141	167	Poro
28	87	145	Poro
48	113	129	Poro
33	103	168	Poro
23	70	97	Poro
57	130	195	Poro
19	63	123	Poro
35	91	124	Poro
21	73	118	Poro
31	88	143	Poro
30	85	135	Poro
20	80	131	Poro
25	90	167	Poro
56	125	167	Poro
50	133	180	Poro
29	80	124	Poro
20	82	149	Poro
30	77	143	Poro
42	110	176	Poro
6	49	125	Poro
10	51	108	Poro
26	87	145	Poro
37	80	126	Poro
61	117	150	Poro
24	79	155	Poro
56	134	188	Poro
60	131	180	Poro
34	103	186	Poro
26	87	153	Poro
33	118	184	Poro
37	77	108	Poro
43	122	177	Poro
28	86	159	Poro
50	115	161	Poro
38	101	171	Poro
29	89	149	Poro
43	114	167	Poro
42	123	203	Poro
34	99	156	Poro
13	36	79	Poro
25	85	149	Poro
7	35	87	Poro
22	81	175	Poro
17	66	129	Poro
33	112	171	Poro
27	77	123	Poro
31	87	118	Poro
34	112	187	Poro
42	113	199	Poro
33	102	163	Poro
49	124	189	Poro
33	112	199	Poro
33	94	149	Poro
125	184	198	Poro
80	164	207	Poro
47	106	145	Poro
11	42	82	Poro
27	78	125	Poro
37	88	111	Poro
13	57	103	Poro
123	188	201	Poro
40	115	180	Poro
49	133	188	Poro
32	81	121	Poro
34	107	174	Poro
24	88	161	Poro
34	109	172	Poro
38	117	175	Poro
37	116	197	Poro
22	82	173	Poro
37	82	117	Poro
39	112	195	Poro
38	100	130	Poro
32	102	178	Poro
36	91	148	Poro
38	92	113	Poro
31	94	149	Poro
62	145	197	Poro
44	108	136	Poro
40	111	163	Poro
29	85	134	Poro
24	101	170	Poro
37	114	183	Poro
34	87	123	Poro
14	74	161	Poro
36	105	164	Poro
37	86	124	Poro
48	126	195	Poro
35	114	191	Poro
54	114	164	Poro
45	106	161	Poro
23	99	192	Poro
120	193	235	Poro
59	137	172	Poro
41	129	210	Poro
26	82	132	Poro
36	111	186	Poro
30	92	172	Poro
27	63	100	Poro
36	114	192	Poro
42	119	198	Poro
21	63	123	Poro
31	99	159	Poro
27	74	102	Poro
10	30	56	Poro
29	80	110	Poro
32	117	206	Poro
29	91	164	Poro
30	102	178	Poro
34	113	195	Poro
46	120	170	Poro
34	108	180	Poro
49	102	126	Poro
33	91	138	Poro
31	83	120	Poro
37	113	172	Poro
27	87	134	Poro
39	119	200	Poro
36	82	111	Poro
43	120	188	Poro
34	95	143	Poro
32	101	175	Poro
38	96	153	Poro
76	153	187	Poro
34	103	193	Poro
32	87	155	Poro
11	29	70	Poro
17	68	138	Poro
40	101	121	Poro
89	163	194	Poro
58	120	172	Poro
29	87	162	Poro
27	77	124	Poro
37	124	198	Poro
19	69	108	Poro
36	98	143	Poro
39	93	133	Poro
48	120	177	Poro
34	96	154	Poro
21	73	149	Poro
32	90	145	Poro
31	84	114	Poro
36	110	202	Poro
39	105	154	Poro
27	99	173	Poro
63	135	171	Poro
39	125	203	Poro
31	97	172	Poro
62	105	120	Poro
35	103	178	Poro
36	113	198	Poro
37	116	189	Poro
31	85	113	Poro
13	70	156	Poro
35	113	159	Poro
33	97	149	Poro
32	103	182	Poro
33	97	140	Poro
31	78	116	Poro
20	61	112	Poro
133	206	205	Poro
45	127	209	Poro
29	64	96	Poro
63	137	184	Poro
41	122	206	Poro
37	122	211	Poro
55	126	184	Poro
9	27	69	Poro
17	67	134	Poro
32	107	180	Poro
29	101	192	Poro
36	106	167	Poro
36	94	123	Poro
44	98	119	Poro
50	118	174	Poro
45	120	193	Poro
17	63	129	Poro
86	145	136	Poro
36	109	192	Poro
45	119	173	Poro
9	40	71	Poro
15	60	114	Poro
13	54	125	Poro
24	85	153	Poro
27	107	178	Poro
21	87	161	Poro
39	91	131	Poro
19	65	122	Poro
28	76	126	Poro
19	62	109	Poro
85	154	185	Poro
47	101	123	Poro
34	116	189	Poro
21	67	150	Poro
34	111	179	Poro
35	118	200	Poro
66	130	162	Poro
29	104	182	Poro
67	121	161	Poro
16	62	145	Poro
37	116	182	Poro
30	82	156	Poro
40	97	137	Poro
58	109	124	Poro
41	118	193	Poro
50	107	141	Poro
38	96	129	Poro
36	82	114	Poro
59	140	180	Poro
20	80	145	Poro
24	64	119	Poro
64	145	200	Poro
32	89	137	Poro
19	66	105	Poro
34	107	180	Poro
72	148	187	Poro
16	82	153	Poro
49	109	147	Poro
6	43	80	Poro
55	132	173	Poro
37	114	178	Poro
38	113	179	Poro
36	88	129	Poro
21	68	107	Poro
41	130	205	Poro
87	170	214	Poro
38	111	193	Poro
32	97	156	Poro
29	78	115	Poro
45	120	183	Poro
32	104	175	Poro
37	116	189	Poro
13	55	130	Poro
41	124	189	Poro
33	107	184	Poro
45	115	179	Poro
38	128	203	Poro
30	89	153	Poro
29	104	194	Poro
49	125	184	Poro
29	101	175	Poro
58	128	180	Poro
30	100	157	Poro
32	98	148	Poro
93	165	193	Poro
35	102	151	Poro
52	120	164	Poro
65	115	139	Poro
39	92	154	Poro
31	101	167	Poro
30	114	205	Poro
36	112	196	Poro
37	100	154	Poro
63	143	198	Poro
40	120	181	Poro
39	97	145	Poro
32	100	174	Poro
21	65	135	Poro
69	150	192	Poro
43	123	207	Poro
41	114	191	Poro
36	118	176	Poro
47	116	196	Poro
26	101	171	Poro
4	30	72	Poro
42	99	151	Poro
23	90	161	Poro
40	120	204	Poro
45	108	148	Poro
34	98	170	Poro
40	85	114	Poro
28	69	96	Poro
38	109	164	Poro
48	114	160	Poro
34	121	182	Poro
12	57	124	Poro
33	84	122	Poro
38	116	198	Poro
41	121	198	Poro
39	118	180	Poro
27	99	171	Poro
44	106	134	Poro
33	86	133	Poro
38	113	192	Poro
39	113	192	Poro
33	92	137	Poro
34	106	181	Poro
68	147	198	Poro
33	89	129	Poro
41	108	167	Poro
56	129	188	Poro
34	119	203	Poro
41	100	134	Poro
68	145	185	Poro
48	109	138	Poro
41	101	136	Poro
23	73	147	Poro
29	93	154	Poro
12	32	85	Poro
36	114	185	Poro
38	123	202	Poro
12	63	133	Poro
35	111	185	Poro
34	114	194	Poro
56	95	144	Poro
39	121	191	Poro
34	98	162	Poro
44	131	208	Poro
22	71	110	Poro
34	102	156	Poro
26	85	149	Poro
35	121	202	Poro
45	115	173	Poro
55	138	195	Poro
34	107	188	Poro
65	137	189	Poro
41	118	187	Poro
19	65	102	Poro
26	88	148	Poro
26	92	171	Poro
33	120	203	Poro
35	108	188	Poro
82	168	209	Poro
29	87	134	Poro
12	29	45	Poro
33	110	175	Poro
41	112	163	Poro
44	117	194	Poro
37	104	154	Poro
38	92	120	Poro
8	42	97	Poro
3	31	99	Poro
36	93	137	Poro
34	85	122	Poro
21	67	124	Poro
31	99	171	Poro
42	121	191	Poro
40	99	163	Poro
16	37	69	Poro
94	165	195	Poro
34	84	120	Poro
32	79	118	Poro
33	120	196	Poro
39	113	186	Poro
38	124	211	Poro
39	120	179	Poro
26	95	160	Poro
27	83	128	Poro
40	127	201	Poro
47	115	157	Poro
31	96	173	Poro
27	108	183	Poro
39	123	202	Poro
6	32	83	Poro
35	107	187	Poro
43	131	200	Poro
40	114	175	Poro
38	116	186	Poro
42	115	152	Poro
60	140	189	Poro
32	103	165	Poro
39	114	199	Poro
17	64	151	Poro
21	80	146	Poro
31	109	183	Poro
46	93	115	Poro
72	147	209	Poro
23	86	143	Poro
79	161	212	Poro
27	88	167	Poro
31	107	187	Poro
45	123	168	Poro
34	108	181	Poro
28	105	188	Poro
26	104	182	Poro
40	119	195	Poro
38	123	202	Poro
20	58	114	Poro
29	55	81	Poro
51	139	200	Poro
31	90	142	Poro
97	165	193	Poro
35	108	160	Poro
39	113	191	Poro
30	97	166	Poro
43	120	186	Poro
31	105	182	Poro
25	71	106	Poro
29	98	156	Poro
33	96	133	Poro
29	108	192	Poro
29	102	180	Poro
38	104	160	Poro
46	117	147	Poro
40	94	141	Poro
15	57	120	Poro
43	114	181	Poro
32	97	139	Poro
42	116	157	Poro
40	121	194	Poro
32	90	144	Poro
36	107	163	Poro
24	74	108	Poro
32	86	156	Poro
40	120	198	Poro
41	119	190	Poro
109	183	227	Poro
10	29	41	Poro
26	74	106	Poro
46	119	168	Poro
39	111	173	Poro
87	153	180	Poro
53	120	174	Poro
47	107	146	Poro
41	117	187	Poro
57	133	176	Poro
32	88	134	Poro
25	83	145	Poro
37	83	129	Poro
82	153	192	Poro
34	108	179	Poro
39	97	117	Poro
57	92	108	Poro
14	61	133	Poro
34	104	175	Poro
28	78	127	Poro
20	71	119	Poro
157	228	223	Poro
38	121	208	Poro
33	112	166	Poro
36	98	149	Poro
26	64	106	Poro
33	111	186	Poro
43	119	172	Poro
10	53	132	Poro
38	120	178	Poro
33	95	138	Poro
40	112	178	Poro
30	100	167	Poro
24	71	117	Poro
32	104	189	Poro
34	101	166	Poro
73	152	193	Poro
10	31	55	Poro
45	104	145	Poro
126	186	186	Poro
35	105	166	Poro
29	93	157	Poro
33	112	184	Poro
10	38	76	Poro
35	106	175	Poro
32	108	194	Poro
23	91	170	Poro
28	83	136	Poro
29	103	178	Poro
38	108	158	Poro
26	77	105	Poro
37	120	201	Poro
29	87	136	Poro
25	84	162	Poro
38	107	163	Poro
53	133	183	Poro
18	37	76	Poro
44	115	161	Poro
77	146	173	Poro
27	84	165	Poro
29	90	170	Poro
39	125	203	Poro
23	63	121	Poro
38	116	190	Poro
35	79	126	Poro
39	114	163	Poro
13	34	79	Poro
35	113	200	Poro
21	68	117	Poro
23	87	163	Poro
38	123	205	Poro
41	103	172	Poro
25	76	141	Poro
30	94	172	Poro
53	126	154	Poro
41	129	200	Poro
37	118	194	Poro
13	71	143	Poro
34	93	127	Poro
41	107	169	Poro
23	69	99	Poro
38	92	131	Poro
63	112	147	Poro
35	116	188	Poro
22	69	123	Poro
34	114	192	Poro
33	91	171	Poro
49	117	153	Poro
20	58	120	Poro
23	71	139	Poro
2	27	88	Poro
44	126	191	Poro
20	54	84	Poro
31	95	167	Poro
26	88	170	Poro
30	90	153	Poro
46	107	155	Poro
46	109	143	Poro
35	87	125	Poro
24	79	132	Poro
15	64	117	Poro
10	36	73	Poro
41	116	194	Poro
33	95	159	Poro
38	111	181	Poro
47	111	130	Poro
35	118	181	Poro
77	149	219	Poro
37	107	181	Poro
33	107	168	Poro
36	91	122	Poro
34	116	203	Poro
9	45	98	Poro
54	129	189	Poro
23	74	129	Poro
45	125	198	Poro
28	89	161	Poro
39	93	134	Poro
31	102	178	Poro
40	119	190	Poro
43	116	176	Poro
15	55	117	Poro
39	117	181	Poro
32	92	147	Poro
35	110	196	Poro
43	111	150	Poro
34	100	155	Poro
16	57	101	Poro
45	105	137	Poro
35	103	156	Poro
40	123	212	Poro
58	121	141	Poro
40	108	156	Poro
41	120	178	Poro
32	107	178	Poro
14	47	92	Poro
53	113	147	Poro
26	97	168	Poro
46	118	163	Poro
39	119	205	Poro
47	122	181	Poro
27	70	110	Poro
35	97	156	Poro
35	110	173	Poro
19	58	100	Poro
11	35	74	Poro
53	115	141	Poro
23	81	178	Poro
38	107	141	Poro
38	117	194	Poro
16	56	120	Poro
42	123	185	Poro
22	80	159	Poro
40	125	203	Poro
26	69	117	Poro
50	125	162	Poro
27	68	101	Poro
44	121	184	Poro
15	34	69	Poro
35	116	202	Poro
36	114	190	Poro
38	119	200	Poro
25	77	154	Poro
16	43	57	Poro
33	108	176	Poro
56	122	165	Poro
29	72	147	Poro
44	132	198	Poro
31	84	121	Poro
21	78	131	Poro
84	162	199	Poro
34	99	161	Poro
57	130	180	Poro
33	116	191	Poro
39	98	160	Poro
34	96	130	Poro
44	128	213	Poro
67	126	162	Poro
36	105	166	Poro
98	182	218	Poro
183	246	208	Poro
34	105	176	Poro
36	94	149	Poro
34	83	142	Poro
41	127	212	Poro
34	93	148	Poro
35	98	164	Poro
29	92	143	Poro
25	82	150	Poro
45	122	186	Poro
30	101	177	Poro
42	98	126	Poro
24	86	147	Poro
29	88	153	Poro
45	132	200	Poro
35	87	108	Poro
38	117	171	Poro
39	108	169	Poro
44	120	196	Poro
36	105	154	Poro
33	107	184	Poro
100	137	123	Poro
32	107	178	Poro
40	106	156	Poro
35	116	180	Poro
39	111	179	Poro
28	102	172	Poro
19	49	95	Poro
32	103	181	Poro
26	88	147	Poro
50	114	174	Poro
38	115	187	Poro
23	71	113	Poro
32	90	163	Poro
36	115	176	Poro
11	32	64	Poro
52	124	169	Poro
24	91	168	Poro
32	83	113	Poro
41	109	189	Poro
87	168	210	Poro
55	118	165	Poro
22	71	129	Poro
39	117	177	Poro
59	131	157	Poro
33	108	189	Poro
26	73	114	Poro
58	111	120	Poro
30	104	187	Poro
19	76	135	Poro
34	111	183	Poro
39	110	181	Poro
32	107	175	Poro
23	81	152	Poro
30	101	173	Poro
36	107	178	Poro
38	91	121	Poro
50	126	169	Poro
39	103	135	Poro
70	148	204	Poro
16	45	81	Poro
91	155	164	Poro
36	119	196	Poro
46	133	201	Poro
57	129	179	Poro
19	68	126	Poro
35	117	185	Poro
35	86	131	Poro
89	131	110	Poro
46	116	170	Poro
10	33	73	Poro
41	103	141	Poro
39	97	146	Poro
33	92	124	Poro
72	152	203	Poro
37	114	169	Poro
9	28	59	Poro
44	115	178	Poro
20	76	148	Poro
103	145	129	Poro
24	84	144	Poro
36	124	203	Poro
49	128	177	Poro
9	30	73	Poro
50	125	175	Poro
39	97	129	Poro
26	76	105	Poro
33	117	185	Poro
35	107	169	Poro
38	105	182	Poro
33	94	167	Poro
13	73	143	Poro
31	92	169	Poro
29	104	174	Poro
30	103	176	Poro
9	34	75	Poro
40	100	133	Poro
78	136	163	Poro
13	33	69	Poro
19	71	144	Poro
34	112	175	Poro
34	110	191	Poro
31	88	114	Poro
33	99	165	Poro
52	126	188	Poro
25	76	130	Poro
68	155	205	Poro
44	122	203	Poro
27	74	144	Poro
107	170	150	Poro
31	85	118	Poro
63	116	141	Poro
16	56	74	Poro
39	94	132	Poro
35	112	177	Poro
29	101	177	Poro
32	110	191	Poro
36	111	180	Poro
40	117	173	Poro
38	93	121	Poro
45	129	189	Poro
29	89	147	Poro
27	73	126	Poro
36	107	169	Poro
35	106	159	Poro
37	96	117	Poro
28	102	175	Poro
21	66	117	Poro
35	121	204	Poro
36	117	189	Poro
37	98	167	Poro
26	69	114	Poro
21	70	124	Poro
35	120	201	Poro
26	84	154	Poro
27	97	147	Poro
18	71	163	Poro
64	147	200	Poro
40	104	141	Poro
53	123	182	Poro
37	101	135	Poro
36	117	188	Poro
46	128	193	Poro
65	140	199	Poro
39	119	194	Poro
74	149	184	Poro
41	122	192	Poro
24	85	140	Poro
35	112	186	Poro
33	91	121	Poro
3	30	72	Poro
37	107	159	Poro
34	93	114	Poro
39	85	111	Poro
39	120	202	Poro
42	112	164	Poro
34	103	163	Poro
36	117	182	Poro
23	79	143	Poro
41	121	197	Poro
53	128	177	Poro
30	113	198	Poro
37	100	134	Poro
19	61	95	Poro
36	93	171	Poro
15	52	86	Poro
60	135	189	Poro
36	107	178	Poro
11	44	110	Poro
26	77	101	Poro
23	83	159	Poro
17	63	128	Poro
33	103	164	Poro
33	72	103	Poro
38	110	179	Poro
114	186	211	Poro
68	150	199	Poro
37	113	189	Poro
26	93	169	Poro
38	115	189	Poro
30	93	141	Poro
93	164	201	Poro
46	119	162	Poro
48	127	183	Poro
40	109	160	Poro
116	187	242	Poro
31	91	160	Poro
35	81	129	Poro
76	158	204	Poro
16	71	138	Poro
46	107	181	Poro
29	92	159	Poro
24	75	156	Poro
38	124	212	Poro
37	117	187	Poro
34	104	177	Poro
53	135	185	Poro
26	85	159	Poro
31	103	153	Poro
38	103	156	Poro
46	122	185	Poro
30	88	143	Poro
27	101	171	Poro
42	92	128	Poro
38	85	116	Poro
38	93	123	Poro
46	122	177	Poro
29	96	177	Poro
18	64	116	Poro
28	69	98	Poro
37	115	199	Poro
49	123	189	Poro
76	141	175	Poro
36	111	169	Poro
72	153	203	Poro
31	78	103	Poro
41	110	187	Poro
41	98	137	Poro
50	102	119	Poro
25	79	126	Poro
40	105	136	Poro
37	113	192	Poro
12	43	74	Poro
34	102	181	Poro
23	69	147	Poro
54	131	169	Poro
43	106	126	Poro
49	109	138	Poro
26	73	128	Poro
27	98	158	Poro
47	101	153	Poro
62	135	186	Poro
29	102	178	Poro
63	140	189	Poro
36	95	143	Poro
40	115	177	Poro
37	111	188	Poro
45	123	165	Poro
49	125	187	Poro
38	119	190	Poro
37	111	184	Poro
26	94	162	Poro
42	108	152	Poro
31	85	120	Poro
29	90	175	Poro
41	105	187	Poro
27	93	159	Poro
36	99	151	Poro
36	96	147	Poro
45	120	192	Poro
7	47	115	Poro
35	118	192	Poro
29	88	138	Poro
30	93	148	Poro
15	57	132	Poro
20	60	109	Poro
39	118	187	Poro
36	114	197	Poro
81	125	141	Poro
36	116	192	Poro
36	98	167	Poro
36	113	189	Poro
31	99	181	Poro
32	105	181	Poro
31	93	151	Poro
37	116	203	Poro
35	108	176	Poro
31	88	136	Poro
53	89	115	Poro
23	73	141	Poro
46	117	177	Poro
39	100	144	Poro
33	94	161	Poro
40	112	183	Poro
63	148	208	Poro
45	107	135	Poro
100	173	236	Poro
91	161	197	Poro
36	104	169	Poro
31	88	155	Poro
38	107	151	Poro
26	73	158	Poro
27	68	107	Poro
65	133	189	Poro
53	120	164	Poro
29	82	133	Poro
32	113	195	Poro
41	128	193	Poro
31	100	179	Poro
29	87	132	Poro
44	116	172	Poro
35	114	178	Poro
29	87	143	Poro
46	111	165	Poro
31	101	171	Poro
34	92	126	Poro
7	40	124	Poro
40	124	211	Poro
69	140	189	Poro
19	61	160	Poro
41	111	162	Poro
26	84	127	Poro
33	118	199	Poro
55	103	139	Poro
36	114	191	Poro
36	98	133	Poro
52	113	162	Poro
41	79	110	Poro
34	113	167	Poro
17	55	112	Poro
29	83	144	Poro
45	124	181	Poro
14	57	121	Poro
102	176	187	Poro
40	116	188	Poro
27	92	151	Poro
34	105	191	Poro
48	113	143	Poro
32	109	185	Poro
27	84	160	Poro
16	42	78	Poro
33	84	149	Poro
24	72	131	Poro
54	136	185	Poro
31	92	141	Poro
36	105	149	Poro
35	101	140	Poro
40	117	194	Poro
39	92	113	Poro
40	116	189	Poro
29	97	163	Poro
37	104	169	Poro
40	83	113	Poro
35	93	132	Poro
25	73	137	Poro
84	152	189	Poro
41	117	178	Poro
32	95	151	Poro
68	138	186	Poro
33	118	207	Poro
38	122	190	Poro
35	101	146	Poro
34	116	172	Poro
28	103	173	Poro
16	42	70	Poro
14	45	79	Poro
20	51	81	Poro
34	86	138	Poro
32	106	175	Poro
36	109	171	Poro
27	77	140	Poro
84	155	190	Poro
44	105	147	Poro
30	98	171	Poro
13	70	109	Poro
32	106	171	Poro
71	144	184	Poro
44	108	162	Poro
54	116	157	Poro
34	110	191	Poro
30	102	159	Poro
67	147	203	Poro
29	87	129	Poro
46	100	126	Poro
63	119	121	Poro
15	35	66	Poro
33	105	180	Poro
70	119	146	Poro
29	101	173	Poro
35	112	198	Poro
13	31	63	Poro
56	111	132	Poro
63	136	180	Poro
38	119	204	Poro
28	91	131	Poro
23	73	139	Poro
37	110	175	Poro
37	105	160	Poro
42	125	187	Poro
40	99	155	Poro
36	100	171	Poro
29	106	191	Poro
36	119	189	Poro
34	90	131	Poro
46	124	185	Poro
49	123	167	Poro
36	123	196	Poro
34	111	194	Poro
31	95	156	Poro
39	119	181	Poro
26	93	181	Poro
17	76	145	Poro
42	123	194	Poro
42	121	195	Poro
38	105	159	Poro
6	30	86	Poro
26	91	183	Poro
47	112	181	Poro
21	63	130	Poro
8	30	71	Poro
36	124	198	Poro
10	52	121	Poro
40	116	181	Poro
30	82	115	Poro
54	127	179	Poro
38	104	166	Poro
21	66	158	Poro
70	136	178	Poro
33	120	200	Poro
58	128	177	Poro
25	94	171	Poro
22	69	135	Poro
35	111	197	Poro
59	132	167	Poro
96	169	200	Poro
39	112	192	Poro
31	87	130	Poro
41	122	195	Poro
42	118	184	Poro
40	105	171	Poro
16	56	91	Poro
53	138	196	Poro
39	117	158	Poro
55	127	188	Poro
29	89	155	Poro
41	98	148	Poro
16	62	86	Poro
74	146	184	Poro
32	102	174	Poro
35	114	178	Poro
14	35	55	Poro
33	101	154	Poro
42	105	125	Poro
62	143	196	Poro
35	117	187	Poro
90	165	197	Poro
24	68	105	Poro
41	125	191	Poro
48	123	205	Poro
33	95	145	Poro
38	114	185	Poro
45	111	127	Poro
35	90	125	Poro
32	108	170	Poro
51	132	181	Poro
44	122	177	Poro
42	112	183	Poro
47	105	143	Poro
32	83	94	Poro
36	94	169	Poro
33	115	203	Poro
36	122	210	Poro
41	114	172	Poro
33	109	174	Poro
28	88	139	Poro
28	79	122	Poro
47	123	178	Poro
28	91	160	Poro
56	120	130	Poro
16	68	120	Poro
32	98	160	Poro
38	93	146	Poro
41	121	203	Poro
34	115	192	Poro
29	73	152	Poro
34	108	179	Poro
35	116	180	Poro
69	120	151	Poro
27	89	167	Poro
37	121	187	Poro
37	123	208	Poro
25	85	146	Poro
33	107	177	Poro
38	118	202	Poro
33	105	174	Poro
36	95	150	Poro
19	47	69	Poro
47	132	203	Poro
22	54	130	Poro
51	125	179	Poro
38	120	176	Poro
35	102	171	Poro
28	91	158	Poro
40	88	117	Poro
32	87	157	Poro
78	126	144	Poro
38	123	212	Poro
35	110	165	Poro
42	119	200	Poro
44	124	194	Poro
37	105	196	Poro
34	101	176	Poro
14	45	81	Poro
41	114	157	Poro
79	158	197	Poro
28	64	73	Poro
30	75	109	Poro
47	134	200	Poro
38	119	175	Poro
44	115	149	Poro
33	97	159	Poro
32	100	157	Poro
28	79	128	Poro
37	117	187	Poro
36	77	122	Poro
29	88	124	Poro
40	124	212	Poro
34	120	203	Poro
41	101	147	Poro
32	103	167	Poro
34	103	175	Poro
43	90	114	Poro
19	53	99	Poro
45	105	179	Poro
47	121	177	Poro
35	103	171	Poro
36	117	175	Poro
52	130	185	Poro
43	120	197	Poro
23	61	97	Poro
37	84	123	Poro
40	122	190	Poro
32	108	198	Poro
24	87	146	Poro
27	87	140	Poro
115	187	195	Poro
35	109	190	Poro
21	57	92	Poro
39	97	131	Poro
18	74	126	Poro
32	111	188	Poro
41	121	180	Poro
136	206	209	Poro
29	108	183	Poro
89	155	190	Poro
42	102	141	Poro
53	127	184	Poro
41	119	180	Poro
15	54	114	Poro
43	116	154	Poro
26	99	171	Poro
37	102	173	Poro
31	105	180	Poro
59	133	191	Poro
25	98	169	Poro
23	62	83	Poro
30	81	113	Poro
45	121	164	Poro
22	72	97	Poro
26	95	170	Poro
43	77	93	Poro
54	127	176	Poro
26	82	149	Poro
54	119	163	Poro
31	111	187	Poro
35	109	179	Poro
31	85	137	Poro
35	109	177	Poro
38	100	158	Poro
73	145	185	Poro
45	112	181	Poro
32	92	149	Poro
49	112	172	Poro
41	109	176	Poro
38	121	183	Poro
30	108	187	Poro
31	90	132	Poro
45	125	187	Poro
39	115	181	Poro
39	118	190	Poro
61	116	127	Poro
41	118	186	Poro
16	59	129	Poro
30	84	139	Poro
12	58	111	Poro
26	81	155	Poro
16	42	79	Poro
40	126	213	Poro
16	65	144	Poro
33	110	183	Poro
9	51	109	Poro
81	159	206	Poro
21	61	117	Poro
35	116	196	Poro
24	74	131	Poro
40	123	177	Poro
31	107	200	Poro
40	88	107	Poro
43	110	194	Poro
33	99	143	Poro
25	92	171	Poro
94	144	160	Poro
8	29	64	Poro
38	99	135	Poro
18	74	138	Poro
80	134	133	Poro
89	161	178	Poro
114	185	225	Poro
29	84	111	Poro
55	108	135	Poro
44	126	204	Poro
82	159	192	Poro
12	55	137	Poro
32	99	148	Poro
17	67	138	Poro
15	63	141	Poro
39	119	183	Poro
74	157	210	Poro
41	115	183	Poro
24	70	115	Poro
31	89	149	Poro
77	150	199	Poro
23	79	151	Poro
36	89	123	Poro
18	63	121	Poro
74	150	213	Poro
59	121	169	Poro
14	71	124	Poro
42	110	169	Poro
49	127	166	Poro
80	149	189	Poro
29	101	174	Poro
40	117	197	Poro
51	123	176	Poro
27	70	143	Poro
36	119	203	Poro
13	34	76	Poro
40	107	132	Poro
37	113	191	Poro
85	163	194	Poro
35	112	183	Poro
44	122	195	Poro
13	41	85	Poro
20	74	157	Poro
39	114	189	Poro
32	78	137	Poro
29	99	181	Poro
46	124	187	Poro
45	113	152	Poro
27	99	179	Poro
24	71	148	Poro
10	30	67	Poro
41	118	189	Poro
41	103	124	Poro
44	122	180	Poro
17	71	130	Poro
66	110	129	Poro
41	127	197	Poro
34	103	163	Poro
31	96	175	Poro
27	89	147	Poro
8	34	95	Poro
31	81	105	Poro
34	107	177	Poro
36	91	133	Poro
38	99	144	Poro
71	157	206	Poro
44	121	175	Poro
24	88	175	Poro
25	88	167	Poro
36	115	187	Poro
31	106	197	Poro
39	120	181	Poro
14	60	123	Poro
24	79	132	Poro
40	110	168	Poro
42	131	197	Poro
43	110	181	Poro
34	109	194	Poro
29	95	172	Poro
11	41	90	Poro
46	131	206	Poro
28	92	128	Poro
31	106	183	Poro
45	92	131	Poro
41	121	198	Poro
17	60	145	Poro
28	77	123	Poro
41	120	180	Poro
35	110	183	Poro
44	126	195	Poro
31	108	171	Poro
39	119	191	Poro
40	120	191	Poro
41	119	172	Poro
36	102	193	Poro
32	107	184	Poro
36	79	115	Poro
68	141	187	Poro
43	103	150	Poro
43	121	189	Poro
28	91	147	Poro
4	45	139	Poro
37	101	162	Poro
29	85	142	Poro
51	123	172	Poro
41	106	152	Poro
34	123	204	Poro
104	173	197	Poro
51	124	169	Poro
20	81	158	Poro
32	97	150	Poro
15	63	112	Poro
26	79	167	Poro
57	120	159	Poro
72	153	201	Poro
36	114	199	Poro
36	112	176	Poro
41	119	165	Poro
34	84	115	Poro
43	132	199	Poro
39	118	205	Poro
36	119	189	Poro
35	93	153	Poro
86	170	210	Poro
37	116	190	Poro
39	119	171	Poro
46	109	144	Poro
38	105	167	Poro
38	100	151	Poro
13	70	143	Poro
36	95	161	Poro
41	121	206	Poro
150	209	217	Poro
58	134	183	Poro
36	94	139	Poro
33	94	148	Poro
46	122	163	Poro
33	78	111	Poro
36	86	111	Poro
29	94	149	Poro
33	112	172	Poro
24	76	123	Poro
38	107	177	Poro
36	95	139	Poro
41	101	147	Poro
29	91	171	Poro
43	119	189	Poro
30	102	167	Poro
45	123	195	Poro
71	147	193	Poro
36	111	169	Poro
26	92	173	Poro
12	53	141	Poro
29	97	187	Poro
55	100	115	Poro
30	107	190	Poro
25	88	158	Poro
35	99	147	Poro
13	69	114	Poro
31	110	184	Poro
32	101	179	Poro
46	117	145	Poro
45	130	205	Poro
42	100	132	Poro
39	123	196	Poro
29	84	116	Poro
48	121	156	Poro
25	84	144	Poro
36	119	201	Poro
32	111	181	Poro
10	51	147	Poro
31	93	141	Poro
28	76	110	Poro
25	77	142	Poro
42	99	126	Poro
36	95	141	Poro
39	111	168	Poro
37	114	191	Poro
80	155	187	Poro
29	90	153	Poro
65	144	199	Poro
31	91	136	Poro
81	150	185	Poro
58	125	169	Poro
44	118	176	Poro
53	117	165	Poro
30	94	157	Poro
26	101	168	Poro
24	57	65	Poro
31	91	124	Poro
38	121	209	Poro
50	113	185	Poro
10	28	50	Poro
34	105	139	Poro
72	147	194	Poro
53	99	148	Poro
12	60	118	Poro
37	105	178	Poro
17	60	97	Poro
41	99	142	Poro
40	114	170	Poro
30	85	135	Poro
45	129	193	Poro
29	99	170	Poro
30	79	136	Poro
30	84	137	Poro
41	115	178	Poro
38	109	167	Poro
41	106	193	Poro
41	127	210	Poro
93	149	175	Poro
56	127	178	Poro
27	55	67	Poro
15	40	53	Poro
36	116	186	Poro
35	116	196	Poro
39	119	172	Poro
34	98	149	Poro
20	66	108	Poro
41	103	150	Poro
13	30	59	Poro
41	118	189	Poro
26	79	139	Poro
28	107	177	Poro
47	125	192	Poro
40	108	163	Poro
59	130	180	Poro
51	127	188	Poro
34	116	175	Poro
34	104	143	Poro
17	70	156	Poro
46	128	193	Poro
103	173	198	Poro
26	89	140	Poro
42	113	159	Poro
145	218	251	Poro
40	110	170	Poro
73	147	190	Poro
33	112	191	Poro
13	47	108	Poro
62	134	181	Poro
61	136	184	Poro
28	98	163	Poro
20	57	110	Poro
26	76	134	Poro
35	113	171	Poro
29	96	151	Poro
26	83	146	Poro
38	110	165	Poro
30	90	129	Poro
25	75	115	Poro
33	91	156	Poro
36	110	189	Poro
16	39	49	Poro
44	108	137	Poro
24	86	169	Poro
41	117	193	Poro
33	93	126	Poro
1	44	130	Poro
18	40	71	Poro
37	91	126	Poro
35	113	170	Poro
29	105	181	Poro
44	124	178	Poro
38	119	207	Poro
31	75	118	Poro
63	122	133	Poro
43	113	183	Poro
28	76	114	Poro
41	104	157	Poro
26	83	136	Poro
30	93	139	Poro
29	82	124	Poro
26	87	147	Poro
34	83	117	Poro
65	144	186	Poro
44	103	150	Poro
23	92	178	Poro
32	99	157	Poro
41	108	146	Poro
34	107	179	Poro
45	125	188	Poro
49	125	166	Poro
87	157	182	Poro
36	103	150	Poro
33	72	110	Poro
127	199	240	Poro
26	83	157	Poro
45	133	204	Poro
26	81	156	Poro
46	118	205	Poro
34	95	139	Poro
21	64	109	Poro
58	136	184	Poro
40	119	188	Poro
22	74	124	Poro
36	122	196	Poro
46	111	161	Poro
52	95	132	Poro
17	40	58	Poro
39	98	135	Poro
61	103	118	Poro
38	122	183	Poro
13	38	87	Poro
35	87	129	Poro
46	129	210	Poro
62	97	114	Poro
36	87	137	Poro
34	95	129	Poro
47	133	205	Poro
31	98	175	Poro
30	121	200	Poro
38	114	172	Poro
24	89	155	Poro
70	128	173	Poro
17	44	77	Poro
34	108	158	Poro
87	176	219	Poro
26	92	165	Poro
49	120	175	Poro
28	79	102	Poro
38	112	169	Poro
36	119	193	Poro
54	122	185	Poro
42	96	123	Poro
23	84	145	Poro
138	211	210	Poro
53	124	195	Poro
40	77	134	Poro
45	119	190	Poro
44	115	174	Poro
30	109	185	Poro
31	99	171	Poro
38	119	191	Poro
37	100	168	Poro
56	122	175	Poro
50	122	174	Poro
37	103	137	Poro
32	93	124	Poro
32	84	133	Poro
41	99	133	Poro
47	123	187	Poro
53	129	198	Poro
28	87	136	Poro
26	85	122	Poro
58	136	177	Poro
56	112	141	Poro
63	145	196	Poro
164	233	231	Solido
163	231	223	Solido
99	149	139	Solido
133	187	182	Solido
161	228	209	Solido
167	236	224	Solido
171	242	234	Solido
165	236	234	Solido
134	185	169	Solido
154	226	211	Solido
169	238	226	Solido
159	226	222	Solido
179	248	243	Solido
164	229	222	Solido
162	231	237	Solido
169	236	224	Solido
172	246	240	Solido
176	241	238	Solido
165	238	231	Solido
163	233	228	Solido
169	239	231	Solido
172	241	222	Solido
156	218	220	Solido
173	248	242	Solido
167	234	242	Solido
173	245	241	Solido
150	214	211	Solido
57	105	116	Solido
69	107	112	Solido
163	233	232	Solido
153	218	205	Solido
161	229	213	Solido
159	221	207	Solido
56	89	124	Solido
155	214	208	Solido
162	229	224	Solido
162	231	222	Solido
135	191	181	Solido
171	242	232	Solido
168	228	227	Solido
168	242	231	Solido
167	240	239	Solido
161	226	205	Solido
151	211	200	Solido
172	245	242	Solido
145	201	196	Solido
183	254	247	Solido
171	238	230	Solido
159	226	219	Solido
164	235	219	Solido
172	245	233	Solido
173	248	241	Solido
113	165	146	Solido
105	151	168	Solido
171	239	229	Solido
165	234	225	Solido
167	238	232	Solido
156	216	222	Solido
170	232	228	Solido
175	247	247	Solido
161	227	224	Solido
165	235	224	Solido
162	231	227	Solido
167	240	236	Solido
163	235	219	Solido
176	247	241	Solido
162	230	226	Solido
180	252	241	Solido
102	168	150	Solido
157	226	218	Solido
173	240	238	Solido
79	132	144	Solido
110	161	155	Solido
179	243	227	Solido
169	235	229	Solido
170	239	230	Solido
173	245	239	Solido
141	205	209	Solido
172	246	243	Solido
131	186	167	Solido
169	243	239	Solido
174	247	242	Solido
185	254	251	Solido
161	222	225	Solido
176	249	245	Solido
177	248	242	Solido
163	226	228	Solido
173	239	223	Solido
175	243	232	Solido
133	189	179	Solido
134	190	183	Solido
165	235	231	Solido
163	233	232	Solido
169	236	226	Solido
179	253	250	Solido
127	187	171	Solido
163	232	222	Solido
179	243	218	Solido
149	210	199	Solido
157	222	221	Solido
171	244	240	Solido
173	244	237	Solido
172	241	240	Solido
173	247	243	Solido
195	254	234	Solido
166	231	225	Solido
110	156	150	Solido
169	240	235	Solido
173	239	239	Solido
157	231	222	Solido
160	227	212	Solido
58	97	117	Solido
140	203	191	Solido
167	232	227	Solido
160	225	224	Solido
159	228	226	Solido
133	187	179	Solido
175	245	241	Solido
168	241	237	Solido
167	231	228	Solido
170	237	231	Solido
167	236	229	Solido
117	162	160	Solido
152	209	199	Solido
167	238	228	Solido
171	247	242	Solido
109	147	149	Solido
166	224	203	Solido
177	245	243	Solido
181	254	246	Solido
159	228	215	Solido
172	240	239	Solido
178	247	242	Solido
171	248	242	Solido
166	231	231	Solido
116	165	146	Solido
170	239	231	Solido
104	146	158	Solido
167	235	229	Solido
178	249	249	Solido
185	254	234	Solido
73	118	138	Solido
160	224	218	Solido
172	249	245	Solido
178	253	242	Solido
167	229	226	Solido
161	226	222	Solido
183	254	247	Solido
124	173	165	Solido
158	225	218	Solido
124	177	170	Solido
172	245	240	Solido
155	211	193	Solido
166	232	220	Solido
159	220	215	Solido
175	245	242	Solido
177	249	243	Solido
130	181	183	Solido
172	238	237	Solido
162	227	222	Solido
171	245	239	Solido
171	241	232	Solido
163	223	226	Solido
171	241	230	Solido
176	247	243	Solido
164	234	220	Solido
164	229	224	Solido
156	218	213	Solido
135	191	175	Solido
147	215	210	Solido
134	196	199	Solido
162	228	221	Solido
145	207	204	Solido
178	252	243	Solido
176	244	225	Solido
68	116	120	Solido
174	241	233	Solido
175	245	227	Solido
166	231	230	Solido
149	205	196	Solido
75	119	131	Solido
141	195	177	Solido
168	223	195	Solido
161	228	222	Solido
177	248	241	Solido
166	236	231	Solido
164	234	231	Solido
168	235	236	Solido
153	213	195	Solido
135	200	205	Solido
164	235	229	Solido
160	230	226	Solido
144	201	190	Solido
172	245	241	Solido
171	244	241	Solido
176	245	239	Solido
141	203	204	Solido
180	252	249	Solido
171	243	234	Solido
177	243	228	Solido
151	215	212	Solido
152	218	216	Solido
157	226	215	Solido
175	248	243	Solido
175	247	242	Solido
141	194	172	Solido
174	247	242	Solido
173	243	236	Solido
164	228	228	Solido
136	192	214	Solido
100	142	138	Solido
160	228	223	Solido
177	251	244	Solido
171	235	236	Solido
169	230	194	Solido
171	241	230	Solido
174	247	242	Solido
163	231	232	Solido
165	229	207	Solido
165	231	232	Solido
165	231	221	Solido
177	248	246	Solido
167	243	239	Solido
180	250	242	Solido
121	180	149	Solido
173	239	231	Solido
147	212	205	Solido
155	222	208	Solido
155	217	202	Solido
163	226	223	Solido
171	247	234	Solido
178	243	230	Solido
152	215	219	Solido
140	195	185	Solido
129	190	203	Solido
80	121	132	Solido
180	250	245	Solido
183	254	248	Solido
179	250	241	Solido
161	216	202	Solido
160	232	217	Solido
175	250	245	Solido
177	254	246	Solido
157	226	225	Solido
165	233	227	Solido
150	215	205	Solido
166	238	233	Solido
174	249	243	Solido
175	241	197	Solido
108	152	139	Solido
131	196	172	Solido
178	249	247	Solido
170	238	238	Solido
165	237	232	Solido
105	160	161	Solido
160	226	221	Solido
152	220	220	Solido
173	241	240	Solido
70	116	133	Solido
177	242	215	Solido
140	199	189	Solido
164	230	213	Solido
170	242	231	Solido
171	244	238	Solido
174	246	236	Solido
144	211	197	Solido
175	249	241	Solido
175	249	237	Solido
167	236	233	Solido
170	240	239	Solido
177	249	222	Solido
158	226	225	Solido
160	229	225	Solido
77	135	131	Solido
169	239	232	Solido
127	182	181	Solido
61	104	153	Solido
149	215	203	Solido
141	199	199	Solido
161	230	222	Solido
110	156	159	Solido
134	187	171	Solido
170	235	232	Solido
163	228	220	Solido
157	221	215	Solido
167	238	233	Solido
171	239	233	Solido
145	200	187	Solido
168	238	235	Solido
161	230	229	Solido
148	208	185	Solido
158	221	212	Solido
175	247	242	Solido
187	254	250	Solido
177	249	242	Solido
162	231	230	Solido
101	169	168	Solido
150	208	192	Solido
171	242	238	Solido
164	229	229	Solido
167	238	232	Solido
175	248	243	Solido
151	217	216	Solido
175	246	240	Solido
92	140	128	Solido
113	174	174	Solido
152	220	213	Solido
163	230	226	Solido
162	229	223	Solido
129	181	175	Solido
68	114	118	Solido
131	191	181	Solido
165	234	231	Solido
171	240	232	Solido
169	239	235	Solido
173	241	235	Solido
166	234	226	Solido
156	225	215	Solido
171	241	237	Solido
184	254	231	Solido
178	247	237	Solido
104	158	180	Solido
169	238	236	Solido
169	240	235	Solido
174	245	239	Solido
173	247	243	Solido
179	251	245	Solido
147	206	200	Solido
150	214	212	Solido
167	231	223	Solido
156	211	199	Solido
172	243	238	Solido
110	176	165	Solido
174	239	243	Solido
169	242	239	Solido
159	218	201	Solido
136	201	204	Solido
172	246	238	Solido
145	194	185	Solido
113	161	159	Solido
175	250	245	Solido
161	233	224	Solido
169	223	204	Solido
183	254	249	Solido
171	244	244	Solido
154	214	211	Solido
113	158	157	Solido
123	170	163	Solido
177	243	236	Solido
148	204	196	Solido
164	236	237	Solido
170	242	235	Solido
112	167	165	Solido
165	229	229	Solido
171	238	215	Solido
179	253	246	Solido
171	242	236	Solido
119	169	160	Solido
174	248	243	Solido
166	238	227	Solido
166	235	232	Solido
93	141	153	Solido
171	247	240	Solido
171	239	238	Solido
175	240	218	Solido
70	118	124	Solido
186	254	250	Solido
161	226	218	Solido
178	252	246	Solido
165	228	229	Solido
164	227	226	Solido
169	244	232	Solido
179	250	246	Solido
157	225	220	Solido
174	247	244	Solido
155	220	216	Solido
162	228	202	Solido
165	228	225	Solido
152	215	211	Solido
169	235	238	Solido
174	241	231	Solido
158	227	225	Solido
164	228	239	Solido
110	154	155	Solido
111	162	156	Solido
138	210	210	Solido
166	232	222	Solido
165	232	222	Solido
169	237	234	Solido
103	152	139	Solido
149	211	202	Solido
171	239	234	Solido
165	233	228	Solido
131	189	183	Solido
151	216	202	Solido
159	230	224	Solido
174	246	240	Solido
68	117	127	Solido
164	235	230	Solido
137	192	191	Solido
173	239	241	Solido
161	229	226	Solido
52	89	136	Solido
146	198	186	Solido
144	199	207	Solido
169	242	241	Solido
146	203	190	Solido
177	249	244	Solido
167	234	227	Solido
81	139	160	Solido
173	243	237	Solido
133	184	173	Solido
179	249	238	Solido
176	247	240	Solido
171	242	233	Solido
174	242	237	Solido
167	241	232	Solido
175	246	242	Solido
167	232	217	Solido
179	251	248	Solido
167	234	229	Solido
76	112	133	Solido
160	227	221	Solido
173	246	241	Solido
164	234	233	Solido
161	228	223	Solido
160	223	221	Solido
111	178	182	Solido
177	251	245	Solido
157	228	227	Solido
159	225	221	Solido
174	246	240	Solido
166	231	230	Solido
164	234	226	Solido
178	247	242	Solido
180	248	209	Solido
152	218	208	Solido
107	159	150	Solido
173	228	213	Solido
141	201	193	Solido
179	254	250	Solido
168	240	235	Solido
115	174	161	Solido
179	252	250	Solido
143	204	202	Solido
117	169	164	Solido
165	233	230	Solido
172	244	236	Solido
169	232	223	Solido
173	245	239	Solido
159	226	227	Solido
156	218	192	Solido
170	242	237	Solido
181	254	244	Solido
129	198	187	Solido
162	232	224	Solido
175	240	238	Solido
143	204	197	Solido
161	229	224	Solido
167	235	236	Solido
156	214	210	Solido
176	246	236	Solido
161	230	222	Solido
137	185	178	Solido
182	254	247	Solido
170	241	237	Solido
171	237	236	Solido
171	243	239	Solido
145	222	214	Solido
152	219	216	Solido
172	241	240	Solido
164	231	227	Solido
146	205	191	Solido
166	235	229	Solido
159	226	216	Solido
163	235	227	Solido
157	224	218	Solido
121	168	157	Solido
163	232	227	Solido
167	237	229	Solido
145	213	217	Solido
163	233	231	Solido
166	229	220	Solido
164	237	233	Solido
102	148	153	Solido
171	240	233	Solido
122	177	171	Solido
158	226	222	Solido
82	134	140	Solido
169	239	231	Solido
170	240	235	Solido
134	182	175	Solido
169	241	236	Solido
188	254	253	Solido
178	245	235	Solido
178	251	244	Solido
116	169	155	Solido
161	225	209	Solido
169	238	230	Solido
184	254	249	Solido
153	224	218	Solido
175	247	238	Solido
156	220	217	Solido
167	233	228	Solido
168	238	236	Solido
171	241	239	Solido
173	245	236	Solido
94	139	179	Solido
167	239	231	Solido
155	225	221	Solido
145	206	210	Solido
181	252	235	Solido
161	220	208	Solido
180	254	246	Solido
176	248	244	Solido
173	243	242	Solido
161	223	208	Solido
177	249	246	Solido
159	222	213	Solido
175	247	237	Solido
171	238	237	Solido
131	179	174	Solido
170	238	231	Solido
175	243	235	Solido
99	145	159	Solido
132	187	167	Solido
173	249	244	Solido
163	232	229	Solido
93	148	145	Solido
169	241	238	Solido
187	254	247	Solido
149	211	206	Solido
165	233	225	Solido
179	242	208	Solido
171	243	238	Solido
165	234	232	Solido
112	160	163	Solido
161	227	221	Solido
161	228	226	Solido
165	233	222	Solido
179	251	247	Solido
171	241	238	Solido
169	237	230	Solido
159	231	200	Solido
113	162	157	Solido
152	201	188	Solido
188	254	216	Solido
177	234	216	Solido
108	153	153	Solido
169	235	232	Solido
99	152	159	Solido
177	245	242	Solido
93	129	141	Solido
108	156	155	Solido
175	245	241	Solido
165	237	230	Solido
176	249	242	Solido
153	214	209	Solido
169	235	229	Solido
173	241	237	Solido
165	232	218	Solido
172	248	240	Solido
170	243	239	Solido
169	241	235	Solido
159	232	230	Solido
158	225	218	Solido
174	246	240	Solido
169	233	234	Solido
59	100	118	Solido
124	175	171	Solido
162	228	224	Solido
175	244	229	Solido
164	229	219	Solido
182	254	247	Solido
168	238	230	Solido
161	228	219	Solido
153	213	208	Solido
173	244	240	Solido
178	253	244	Solido
169	240	232	Solido
169	242	237	Solido
90	151	151	Solido
161	229	228	Solido
160	225	218	Solido
152	209	205	Solido
172	248	242	Solido
163	230	222	Solido
173	239	237	Solido
173	249	243	Solido
152	210	201	Solido
178	249	247	Solido
164	231	225	Solido
166	238	231	Solido
79	124	123	Solido
173	242	223	Solido
75	115	142	Solido
171	244	239	Solido
171	236	234	Solido
181	249	244	Solido
171	239	233	Solido
173	244	240	Solido
170	233	219	Solido
173	242	234	Solido
171	246	241	Solido
172	242	228	Solido
163	228	201	Solido
105	143	138	Solido
169	238	225	Solido
161	229	228	Solido
167	237	223	Solido
167	239	229	Solido
155	219	206	Solido
159	228	218	Solido
174	244	238	Solido
181	250	241	Solido
167	238	232	Solido
173	243	237	Solido
167	234	224	Solido
176	242	227	Solido
168	237	229	Solido
139	203	207	Solido
157	222	210	Solido
169	238	226	Solido
161	229	218	Solido
163	232	221	Solido
162	230	221	Solido
176	248	245	Solido
178	247	228	Solido
174	249	243	Solido
150	215	201	Solido
89	138	145	Solido
167	235	224	Solido
66	110	145	Solido
155	217	218	Solido
170	239	234	Solido
171	244	234	Solido
160	227	214	Solido
183	254	247	Solido
169	240	233	Solido
160	227	222	Solido
177	250	247	Solido
101	146	155	Solido
112	162	152	Solido
171	237	231	Solido
117	169	166	Solido
165	236	234	Solido
146	201	194	Solido
147	198	185	Solido
169	238	237	Solido
163	228	223	Solido
163	235	230	Solido
147	208	200	Solido
177	248	242	Solido
160	225	214	Solido
109	159	145	Solido
120	175	165	Solido
169	241	231	Solido
131	197	187	Solido
164	235	237	Solido
138	192	173	Solido
173	243	232	Solido
148	205	191	Solido
171	239	230	Solido
165	235	234	Solido
165	236	228	Solido
145	212	211	Solido
168	237	235	Solido
163	229	220	Solido
151	215	206	Solido
177	251	241	Solido
159	227	212	Solido
163	227	219	Solido
175	248	235	Solido
169	239	237	Solido
127	174	157	Solido
171	240	227	Solido
160	234	228	Solido
170	236	228	Solido
130	188	174	Solido
176	249	243	Solido
159	224	203	Solido
161	230	228	Solido
137	195	185	Solido
174	249	245	Solido
166	233	227	Solido
168	241	236	Solido
174	250	242	Solido
175	248	242	Solido
166	236	224	Solido
76	123	126	Solido
169	242	236	Solido
173	245	241	Solido
129	173	172	Solido
163	231	226	Solido
168	239	235	Solido
175	250	246	Solido
174	246	240	Solido
159	227	220	Solido
171	239	236	Solido
164	228	226	Solido
87	142	159	Solido
139	188	173	Solido
168	242	237	Solido
174	246	241	Solido
173	249	240	Solido
118	169	180	Solido
179	253	249	Solido
166	237	226	Solido
146	212	199	Solido
171	238	234	Solido
154	219	209	Solido
167	235	221	Solido
171	242	222	Solido
102	145	150	Solido
106	167	162	Solido
170	243	237	Solido
171	238	239	Solido
173	246	244	Solido
174	248	244	Solido
165	231	223	Solido
175	245	238	Solido
175	242	237	Solido
179	248	243	Solido
183	254	251	Solido
162	223	219	Solido
150	209	178	Solido
168	235	222	Solido
164	232	226	Solido
165	235	229	Solido
177	251	247	Solido
43	91	111	Solido
151	214	211	Solido
165	233	230	Solido
140	202	189	Solido
164	230	227	Solido
178	252	235	Solido
169	236	233	Solido
165	234	227	Solido
147	213	208	Solido
150	207	187	Solido
169	238	230	Solido
174	242	233	Solido
166	240	236	Solido
175	246	245	Solido
157	225	222	Solido
178	248	242	Solido
170	236	230	Solido
156	224	215	Solido
168	236	235	Solido
102	160	151	Solido
183	254	237	Solido
169	237	228	Solido
180	252	247	Solido
170	244	234	Solido
145	210	213	Solido
171	236	232	Solido
173	246	244	Solido
160	224	219	Solido
175	243	227	Solido
159	222	213	Solido
163	228	220	Solido
188	248	215	Solido
175	246	240	Solido
85	123	115	Solido
169	237	228	Solido
169	236	230	Solido
143	200	178	Solido
173	250	242	Solido
177	251	246	Solido
163	232	236	Solido
145	193	181	Solido
171	243	240	Solido
165	235	232	Solido
178	250	246	Solido
160	229	212	Solido
124	196	185	Solido
112	158	160	Solido
173	247	240	Solido
171	244	237	Solido
174	248	244	Solido
164	226	220	Solido
175	248	246	Solido
154	217	218	Solido
169	236	226	Solido
155	221	216	Solido
119	174	163	Solido
171	236	236	Solido
175	240	242	Solido
110	155	154	Solido
169	242	237	Solido
119	170	168	Solido
107	161	163	Solido
144	204	188	Solido
176	246	235	Solido
161	230	228	Solido
150	213	217	Solido
165	239	236	Solido
170	239	227	Solido
119	167	165	Solido
189	254	232	Solido
118	172	176	Solido
154	216	219	Solido
167	236	228	Solido
129	182	172	Solido
167	230	226	Solido
163	227	214	Solido
169	235	229	Solido
165	233	227	Solido
171	243	239	Solido
89	147	153	Solido
158	221	217	Solido
167	234	236	Solido
153	221	213	Solido
166	235	229	Solido
166	233	226	Solido
168	241	236	Solido
70	110	109	Solido
167	237	225	Solido
134	187	179	Solido
159	224	224	Solido
93	158	155	Solido
188	253	198	Solido
160	227	215	Solido
163	231	237	Solido
163	230	223	Solido
175	251	245	Solido
169	237	234	Solido
143	206	189	Solido
158	216	213	Solido
122	177	159	Solido
175	250	232	Solido
130	182	166	Solido
161	231	221	Solido
155	222	211	Solido
163	231	221	Solido
175	249	242	Solido
167	234	223	Solido
173	246	240	Solido
175	242	241	Solido
158	229	223	Solido
167	240	238	Solido
173	244	242	Solido
112	159	160	Solido
174	241	241	Solido
129	183	179	Solido
130	180	168	Solido
178	252	246	Solido
183	254	245	Solido
173	242	238	Solido
167	236	234	Solido
174	243	235	Solido
150	210	216	Solido
48	87	106	Solido
53	96	110	Solido
161	228	228	Solido
138	198	194	Solido
130	179	177	Solido
166	233	229	Solido
101	147	139	Solido
155	218	204	Solido
175	245	235	Solido
177	251	246	Solido
143	205	194	Solido
177	247	246	Solido
167	237	219	Solido
130	185	179	Solido
164	229	223	Solido
171	239	227	Solido
132	202	191	Solido
180	250	242	Solido
173	239	233	Solido
173	248	243	Solido
178	249	241	Solido
175	243	238	Solido
174	246	244	Solido
161	223	213	Solido
175	247	243	Solido
33	68	91	Solido
173	243	238	Solido
182	246	216	Solido
164	233	229	Solido
170	237	235	Solido
173	240	235	Solido
163	233	225	Solido
108	160	159	Solido
166	232	227	Solido
173	248	242	Solido
176	248	244	Solido
171	239	235	Solido
174	241	240	Solido
163	230	228	Solido
175	246	242	Solido
163	233	231	Solido
168	240	230	Solido
167	234	231	Solido
152	216	198	Solido
171	245	237	Solido
145	205	193	Solido
127	175	167	Solido
162	230	224	Solido
172	245	226	Solido
175	249	246	Solido
178	249	245	Solido
167	233	222	Solido
101	153	156	Solido
164	231	228	Solido
173	244	234	Solido
141	199	183	Solido
179	252	237	Solido
161	230	219	Solido
171	243	237	Solido
183	251	244	Solido
175	250	246	Solido
166	235	229	Solido
171	247	242	Solido
179	248	237	Solido
173	248	243	Solido
144	199	189	Solido
149	205	199	Solido
173	244	241	Solido
123	178	163	Solido
160	228	215	Solido
171	246	240	Solido
131	189	160	Solido
163	229	221	Solido
138	202	199	Solido
179	250	245	Solido
169	243	234	Solido
171	238	230	Solido
177	242	214	Solido
183	254	241	Solido
162	227	230	Solido
162	229	226	Solido
170	244	241	Solido
115	177	163	Solido
165	237	233	Solido
171	239	235	Solido
169	238	232	Solido
164	236	228	Solido
141	198	189	Solido
173	243	238	Solido
171	245	240	Solido
170	237	235	Solido
149	219	210	Solido
172	239	210	Solido
177	253	246	Solido
164	229	228	Solido
146	209	203	Solido
179	252	247	Solido
39	78	103	Solido
155	226	211	Solido
161	227	217	Solido
129	183	187	Solido
175	252	242	Solido
171	246	239	Solido
173	247	239	Solido
155	220	205	Solido
160	227	226	Solido
179	253	243	Solido
179	249	242	Solido
149	214	212	Solido
164	235	224	Solido
171	235	233	Solido
130	180	160	Solido
151	208	203	Solido
69	124	120	Solido
162	232	228	Solido
168	234	229	Solido
171	237	230	Solido
161	232	227	Solido
172	248	241	Solido
172	243	238	Solido
170	237	236	Solido
67	109	108	Solido
94	141	142	Solido
170	241	233	Solido
175	249	244	Solido
96	138	125	Solido
179	248	244	Solido
173	245	242	Solido
161	225	220	Solido
165	230	224	Solido
166	240	238	Solido
159	221	206	Solido
149	212	200	Solido
170	243	237	Solido
169	232	228	Solido
171	244	231	Solido
173	245	243	Solido
163	232	219	Solido
166	234	235	Solido
129	182	173	Solido
174	244	223	Solido
161	224	213	Solido
184	252	238	Solido
161	231	227	Solido
142	195	197	Solido
164	232	226	Solido
165	231	223	Solido
154	222	213	Solido
159	224	224	Solido
172	241	232	Solido
174	243	236	Solido
161	225	219	Solido
77	129	173	Solido
173	246	244	Solido
141	195	171	Solido
177	246	234	Solido
172	244	238	Solido
169	234	236	Solido
163	227	231	Solido
167	239	225	Solido
162	227	221	Solido
174	241	238	Solido
178	253	248	Solido
168	235	227	Solido
167	232	228	Solido
168	237	228	Solido
162	226	206	Solido
159	228	224	Solido
158	225	207	Solido
174	248	242	Solido
116	166	168	Solido
149	212	202	Solido
173	238	232	Solido
164	235	228	Solido
167	231	223	Solido
38	77	108	Solido
113	171	176	Solido
177	251	244	Solido
174	249	243	Solido
172	240	224	Solido
165	233	226	Solido
175	244	240	Solido
154	218	216	Solido
127	185	186	Solido
173	241	231	Solido
165	232	217	Solido
167	235	220	Solido
165	233	230	Solido
169	234	236	Solido
165	232	228	Solido
160	221	221	Solido
177	247	243	Solido
175	249	243	Solido
126	171	161	Solido
170	241	229	Solido
162	235	222	Solido
167	237	229	Solido
146	205	206	Solido
158	221	216	Solido
165	233	233	Solido
173	242	238	Solido
181	248	216	Solido
134	187	175	Solido
129	184	178	Solido
165	235	224	Solido
143	191	175	Solido
153	216	208	Solido
173	244	241	Solido
172	237	233	Solido
175	250	244	Solido
164	233	220	Solido
171	243	238	Solido
175	244	240	Solido
168	237	230	Solido
169	241	239	Solido
167	239	235	Solido
166	228	206	Solido
179	250	246	Solido
143	200	188	Solido
79	134	135	Solido
185	254	224	Solido
161	232	208	Solido
170	242	236	Solido
139	191	174	Solido
167	235	229	Solido
156	219	208	Solido
169	242	237	Solido
177	252	247	Solido
165	241	234	Solido
173	241	240	Solido
110	159	166	Solido
180	253	243	Solido
170	241	238	Solido
173	241	241	Solido
159	223	207	Solido
113	169	164	Solido
165	232	223	Solido
144	210	194	Solido
122	179	165	Solido
165	233	221	Solido
172	241	234	Solido
169	241	236	Solido
179	253	248	Solido
162	229	221	Solido
163	231	224	Solido
142	202	177	Solido
180	250	247	Solido
179	251	244	Solido
167	238	231	Solido
169	237	228	Solido
148	211	196	Solido
168	240	237	Solido
167	238	230	Solido
112	165	171	Solido
170	234	233	Solido
146	203	197	Solido
136	199	194	Solido
166	233	228	Solido
165	233	226	Solido
158	216	179	Solido
135	200	177	Solido
155	225	222	Solido
107	158	160	Solido
171	243	241	Solido
165	231	223	Solido
173	241	239	Solido
153	217	199	Solido
164	237	233	Solido
168	236	232	Solido
168	233	230	Solido
169	237	235	Solido
160	228	218	Solido
162	220	208	Solido
141	202	183	Solido
138	199	159	Solido
174	249	244	Solido
174	246	241	Solido
147	207	206	Solido
173	247	239	Solido
85	128	129	Solido
145	208	184	Solido
169	239	232	Solido
161	231	227	Solido
172	242	231	Solido
126	179	168	Solido
157	220	208	Solido
174	249	240	Solido
171	241	237	Solido
166	235	228	Solido
151	218	210	Solido
155	221	212	Solido
156	217	215	Solido
167	238	228	Solido
107	171	198	Solido
139	200	182	Solido
106	151	154	Solido
169	237	230	Solido
68	128	116	Solido
171	241	236	Solido
172	241	235	Solido
162	232	230	Solido
147	206	204	Solido
175	252	241	Solido
172	250	245	Solido
51	92	137	Solido
167	233	226	Solido
175	243	241	Solido
68	113	158	Solido
179	251	244	Solido
174	243	238	Solido
172	247	243	Solido
151	215	203	Solido
163	226	224	Solido
163	230	225	Solido
136	196	197	Solido
178	249	234	Solido
179	251	239	Solido
165	230	228	Solido
131	188	176	Solido
164	236	233	Solido
163	234	231	Solido
177	248	243	Solido
140	216	209	Solido
167	235	229	Solido
171	241	228	Solido
159	225	218	Solido
166	230	226	Solido
80	119	134	Solido
163	236	235	Solido
170	236	235	Solido
150	193	209	Solido
169	232	230	Solido
106	161	167	Solido
166	238	233	Solido
169	242	240	Solido
155	218	218	Solido
179	237	213	Solido
169	236	218	Solido
169	235	235	Solido
177	247	236	Solido
170	241	239	Solido
152	207	190	Solido
165	233	224	Solido
164	232	230	Solido
157	224	222	Solido
114	161	161	Solido
96	138	146	Solido
183	254	252	Solido
160	224	211	Solido
139	210	221	Solido
173	242	242	Solido
185	251	235	Solido
180	251	238	Solido
149	211	198	Solido
169	233	229	Solido
108	157	154	Solido
180	254	246	Solido
179	250	241	Solido
166	239	229	Solido
168	237	225	Solido
174	247	243	Solido
164	233	230	Solido
167	242	238	Solido
180	253	245	Solido
167	237	227	Solido
171	241	238	Solido
81	121	130	Solido
176	246	242	Solido
163	228	226	Solido
141	205	191	Solido
163	232	226	Solido
174	247	242	Solido
180	250	244	Solido
167	233	226	Solido
172	234	208	Solido
123	176	175	Solido
115	166	161	Solido
173	240	238	Solido
119	172	167	Solido
164	234	227	Solido
165	233	228	Solido
157	225	208	Solido
155	220	215	Solido
175	246	242	Solido
171	242	240	Solido
156	228	224	Solido
167	237	230	Solido
163	232	223	Solido
158	229	227	Solido
148	208	199	Solido
170	242	239	Solido
163	232	221	Solido
116	179	171	Solido
119	172	167	Solido
162	228	228	Solido
97	145	141	Solido
91	137	147	Solido
157	220	216	Solido
166	231	226	Solido
164	228	223	Solido
153	220	215	Solido
177	249	246	Solido
163	231	223	Solido
151	216	211	Solido
173	245	240	Solido
148	214	210	Solido
154	211	183	Solido
167	228	195	Solido
165	233	226	Solido
159	227	220	Solido
170	243	234	Solido
171	242	239	Solido
171	240	232	Solido
165	237	234	Solido
165	232	230	Solido
103	175	176	Solido
165	235	229	Solido
175	247	242	Solido
98	142	145	Solido
135	202	179	Solido
187	254	231	Solido
175	247	242	Solido
168	235	231	Solido
156	219	212	Solido
170	243	230	Solido
163	234	230	Solido
167	229	230	Solido
161	227	225	Solido
171	246	241	Solido
169	243	238	Solido
182	250	244	Solido
160	225	204	Solido
177	246	241	Solido
99	150	151	Solido
141	195	184	Solido
174	243	240	Solido
119	170	165	Solido
185	254	251	Solido
161	228	225	Solido
182	253	241	Solido
164	229	229	Solido
168	233	224	Solido
157	222	219	Solido
157	223	217	Solido
160	228	223	Solido
167	236	227	Solido
166	228	222	Solido
162	234	230	Solido
175	240	220	Solido
164	232	227	Solido
175	246	232	Solido
41	86	111	Solido
176	242	240	Solido
174	240	237	Solido
61	100	99	Solido
161	228	213	Solido
118	169	160	Solido
54	80	120	Solido
150	218	209	Solido
165	228	226	Solido
142	197	183	Solido
175	242	241	Solido
165	234	224	Solido
165	232	219	Solido
151	217	219	Solido
76	128	120	Solido
159	223	205	Solido
105	154	140	Solido
166	232	225	Solido
175	247	244	Solido
169	229	213	Solido
180	252	233	Solido
166	227	209	Solido
173	239	235	Solido
140	201	198	Solido
169	234	228	Solido
183	254	247	Solido
163	229	220	Solido
173	242	239	Solido
174	249	242	Solido
171	240	229	Solido
148	208	201	Solido
185	254	251	Solido
171	243	238	Solido
177	248	240	Solido
156	223	223	Solido
181	254	249	Solido
177	248	235	Solido
130	186	180	Solido
177	249	231	Solido
135	186	175	Solido
168	236	234	Solido
177	249	242	Solido
176	251	245	Solido
174	245	241	Solido
171	241	232	Solido
156	224	218	Solido
157	219	210	Solido
177	249	246	Solido
177	247	247	Solido
169	242	236	Solido
160	225	218	Solido
167	231	227	Solido
181	254	249	Solido
160	229	220	Solido
183	254	248	Solido
166	231	227	Solido
176	233	213	Solido
177	244	236	Solido
73	106	118	Solido
161	229	222	Solido
175	243	238	Solido
172	244	238	Solido
168	235	230	Solido
62	111	120	Solido
167	237	231	Solido
62	102	117	Solido
147	206	194	Solido
49	95	127	Solido
170	237	234	Solido
169	243	240	Solido
157	225	188	Solido
179	244	238	Solido
170	243	231	Solido
133	189	173	Solido
156	213	213	Solido
161	217	209	Solido
169	238	226	Solido
170	241	236	Solido
174	244	241	Solido
175	250	244	Solido
168	237	232	Solido
176	244	239	Solido
119	174	155	Solido
158	223	214	Solido
175	247	240	Solido
157	224	219	Solido
143	209	209	Solido
156	221	210	Solido
85	139	148	Solido
105	159	149	Solido
100	153	148	Solido
178	243	231	Solido
145	203	175	Solido
171	245	240	Solido
63	95	106	Solido
183	254	251	Solido
162	223	222	Solido
157	217	219	Solido
169	241	229	Solido
163	232	227	Solido
166	233	230	Solido
150	215	209	Solido
171	245	238	Solido
169	237	222	Solido
154	220	202	Solido
114	162	171	Solido
158	227	216	Solido
127	183	169	Solido
173	247	241	Solido
183	251	237	Solido
174	243	234	Solido
153	218	212	Solido
174	246	242	Solido
169	238	229	Solido
175	248	242	Solido
165	233	227	Solido
161	226	215	Solido
154	212	210	Solido
175	251	245	Solido
172	243	239	Solido
174	244	241	Solido
130	184	175	Solido
158	226	212	Solido
171	244	242	Solido
175	242	240	Solido
149	212	194	Solido
176	248	242	Solido
178	249	238	Solido
169	242	238	Solido
54	102	96	Solido
87	149	140	Solido
171	235	241	Solido
174	243	240	Solido
175	242	228	Solido
115	167	162	Solido
173	246	242	Solido
171	245	240	Solido
159	218	198	Solido
163	232	227	Solido
136	186	181	Solido
176	251	245	Solido
49	100	128	Solido
163	228	220	Solido
167	234	226	Solido
155	223	220	Solido
170	244	238	Solido
144	199	188	Solido
176	242	231	Solido
165	235	223	Solido
156	218	210	Solido
163	230	224	Solido
168	224	203	Solido
111	166	158	Solido
162	228	233	Solido
103	151	161	Solido
110	157	151	Solido
183	253	247	Solido
171	246	242	Solido
73	122	139	Solido
124	184	169	Solido
126	173	160	Solido
131	195	202	Solido
159	220	216	Solido
163	233	221	Solido
169	237	233	Solido
167	233	221	Solido
169	244	238	Solido
120	171	182	Solido
161	229	221	Solido
90	139	141	Solido
169	240	236	Solido
164	229	221	Solido
173	242	239	Solido
181	248	242	Solido
172	244	234	Solido
102	156	153	Solido
148	200	187	Solido
179	251	241	Solido
151	218	212	Solido
186	254	253	Solido
167	238	225	Solido
170	241	237	Solido
85	122	126	Solido
171	242	237	Solido
170	241	228	Solido
165	235	233	Solido
165	232	232	Solido
176	242	239	Solido
169	243	232	Solido
174	246	243	Solido
162	228	220	Solido
179	252	246	Solido
165	235	231	Solido
153	207	187	Solido
110	161	155	Solido
117	172	162	Solido
143	200	193	Solido
177	248	238	Solido
171	238	229	Solido
153	217	203	Solido
121	170	174	Solido
165	230	226	Solido
181	248	221	Solido
149	205	201	Solido
173	250	245	Solido
147	214	189	Solido
173	245	239	Solido
157	227	213	Solido
167	235	225	Solido
173	244	239	Solido
153	221	213	Solido
159	226	224	Solido
168	238	234	Solido
168	242	239	Solido
89	133	136	Solido
132	188	172	Solido
170	240	232	Solido
175	251	245	Solido
160	214	199	Solido
140	185	163	Solido
117	167	158	Solido
159	223	216	Solido
169	225	199	Solido
163	230	222	Solido
97	146	147	Solido
180	254	247	Solido
172	244	238	Solido
175	247	239	Solido
182	254	250	Solido
167	232	228	Solido
129	184	175	Solido
151	215	200	Solido
164	230	221	Solido
174	249	243	Solido
131	181	200	Solido
72	116	109	Solido
179	253	244	Solido
145	211	201	Solido
175	244	235	Solido
52	98	108	Solido
179	254	250	Solido
150	212	205	Solido
174	250	246	Solido
163	233	234	Solido
128	184	173	Solido
178	250	243	Solido
166	236	227	Solido
169	240	232	Solido
96	141	133	Solido
125	170	160	Solido
167	235	228	Solido
165	234	233	Solido
165	229	229	Solido
173	246	242	Solido
160	226	220	Solido
111	158	148	Solido
175	239	239	Solido
170	236	226	Solido
164	229	227	Solido
146	205	187	Solido
145	206	199	Solido
163	233	231	Solido
128	180	163	Solido
164	232	227	Solido
166	236	224	Solido
185	254	247	Solido
178	246	229	Solido
171	242	240	Solido
117	173	163	Solido
166	233	231	Solido
153	215	220	Solido
174	241	242	Solido
150	222	221	Solido
92	144	146	Solido
96	139	137	Solido
167	233	229	Solido
171	249	243	Solido
178	248	245	Solido
181	253	251	Solido
179	251	244	Solido
175	241	227	Solido
161	230	217	Solido
142	201	204	Solido
144	201	202	Solido
162	235	233	Solido
146	203	191	Solido
168	239	233	Solido
159	228	215	Solido
100	147	148	Solido
38	76	92	Solido
162	232	225	Solido
159	225	214	Solido
167	236	236	Solido
168	238	233	Solido
162	233	220	Solido
149	204	228	Solido
164	232	231	Solido
166	234	227	Solido
169	240	237	Solido
153	218	203	Solido
120	179	164	Solido
173	244	239	Solido
167	231	222	Solido
165	233	232	Solido
174	240	239	Solido
167	236	234	Solido
175	248	243	Solido
181	250	243	Solido
162	229	220	Solido
172	238	224	Solido
179	254	245	Solido
175	246	226	Solido
159	217	210	Solido
174	247	242	Solido
172	234	207	Solido
163	227	217	Solido
127	171	164	Solido
117	168	167	Solido
165	235	227	Solido
161	232	227	Solido
159	225	222	Solido
180	250	241	Solido
155	221	217	Solido
175	244	234	Solido
157	220	218	Solido
50	95	100	Solido
171	239	219	Solido
160	229	221	Solido
162	233	243	Solido
123	177	178	Solido
163	230	211	Solido
116	172	153	Solido
169	246	241	Solido
176	250	246	Solido
165	233	225	Solido
171	242	234	Solido
169	230	218	Solido
108	152	159	Solido
136	192	184	Solido
171	242	238	Solido
186	254	234	Solido
160	226	212	Solido
165	229	228	Solido
174	244	242	Solido
88	132	151	Solido
178	249	246	Solido
114	160	155	Solido
164	230	224	Solido
166	231	215	Solido
154	209	189	Solido
167	241	238	Solido
146	204	183	Solido
85	129	120	Solido
178	246	244	Solido
23	60	85	Solido
166	234	224	Solido
184	254	249	Solido
149	212	205	Solido
171	244	237	Solido
164	232	226	Solido
117	163	168	Solido
166	234	226	Solido
162	226	224	Solido
157	223	217	Solido
85	136	159	Solido
136	194	216	Solido
171	241	229	Solido
175	248	235	Solido
185	254	220	Solido
169	240	236	Solido
173	246	236	Solido
124	175	169	Solido
162	228	221	Solido
164	230	228	Solido
106	153	147	Solido
84	141	141	Solido
175	248	245	Solido
176	251	244	Solido
172	243	240	Solido
166	238	228	Solido
161	223	207	Solido
140	201	207	Solido
178	246	242	Solido
153	211	214	Solido
185	243	217	Solido
172	245	241	Solido
184	252	247	Solido
181	249	244	Solido
153	218	213	Solido
138	189	173	Solido
181	252	243	Solido
169	242	237	Solido
173	248	243	Solido
182	252	245	Solido
113	160	153	Solido
94	141	131	Solido
168	234	230	Solido
142	191	174	Solido
182	254	248	Solido
177	238	242	Solido
172	237	235	Solido
108	157	151	Solido
163	233	229	Solido
165	229	230	Solido
163	227	210	Solido
89	129	137	Solido
158	223	214	Solido
147	205	200	Solido
45	84	114	Solido
175	249	244	Solido
152	212	206	Solido
151	216	210	Solido
144	198	184	Solido
160	228	224	Solido
159	226	217	Solido
163	229	228	Solido
171	243	242	Solido
171	245	239	Solido
169	224	199	Solido
175	244	240	Solido
151	217	209	Solido
167	237	231	Solido
172	243	230	Solido
163	219	202	Solido
165	228	228	Solido
169	238	228	Solido
162	229	221	Solido
106	160	183	Solido
160	219	212	Solido
151	205	196	Solido
174	247	243	Solido
159	226	218	Solido
172	238	240	Solido
127	174	170	Solido
184	254	229	Solido
110	167	159	Solido
170	238	232	Solido
171	241	231	Solido
177	241	234	Solido
96	138	141	Solido
177	244	240	Solido
159	232	230	Solido
173	245	242	Solido
166	234	237	Solido
173	245	238	Solido
135	189	178	Solido
166	237	234	Solido
168	236	230	Solido
172	246	242	Solido
169	237	227	Solido
184	254	251	Solido
177	250	244	Solido
176	245	226	Solido
179	251	245	Solido
165	237	232	Solido
92	131	128	Solido
147	204	206	Solido
165	229	229	Solido
165	236	226	Solido
166	233	230	Solido
164	232	216	Solido
178	253	245	Solido
168	239	236	Solido
153	213	209	Solido
166	235	234	Solido
161	229	225	Solido
119	170	154	Solido
171	245	244	Solido
163	235	231	Solido
93	152	169	Solido
175	246	239	Solido
87	123	136	Solido
66	105	124	Solido
180	252	248	Solido
165	234	228	Solido
173	246	242	Solido
178	247	230	Solido
182	253	247	Solido
115	168	161	Solido
170	237	229	Solido
178	251	247	Solido
169	235	231	Solido
133	188	187	Solido
178	248	245	Solido
175	250	247	Solido
162	234	228	Solido
137	197	187	Solido
167	231	225	Solido
165	235	231	Solido
127	176	170	Solido
170	238	236	Solido
175	245	241	Solido
182	247	232	Solido
175	250	244	Solido
180	250	248	Solido
121	173	156	Solido
175	247	243	Solido
153	213	204	Solido
149	212	205	Solido
161	226	227	Solido
168	242	233	Solido
173	247	242	Solido
174	241	235	Solido
59	113	119	Solido
161	227	223	Solido
97	146	148	Solido
172	245	239	Solido
86	139	139	Solido
160	234	229	Solido
175	249	243	Solido
154	220	213	Solido
165	229	223	Solido
167	229	221	Solido
137	206	203	Solido
175	242	243	Solido
112	169	171	Solido
163	228	213	Solido
131	179	179	Solido
162	230	226	Solido
149	213	199	Solido
157	227	223	Solido
165	237	231	Solido
176	249	244	Solido
163	228	213	Solido
116	166	155	Solido
175	246	241	Solido
164	230	221	Solido
168	233	231	Solido
173	240	237	Solido
167	237	236	Solido
172	239	231	Solido
74	114	121	Solido
156	220	203	Solido
185	254	252	Solido
185	254	249	Solido
170	235	233	Solido
172	238	233	Solido
163	228	225	Solido
161	230	219	Solido
174	240	234	Solido
150	209	199	Solido
177	246	242	Solido
172	243	232	Solido
137	198	190	Solido
178	249	245	Solido
169	245	241	Solido
163	229	220	Solido
138	193	186	Solido
167	244	231	Solido
171	236	236	Solido
172	248	242	Solido
167	238	227	Solido
164	233	227	Solido
173	241	234	Solido
161	224	194	Solido
167	242	234	Solido
166	235	228	Solido
167	235	230	Solido
165	231	224	Solido
137	193	190	Solido
172	245	222	Solido
175	248	244	Solido
176	244	225	Solido
132	185	173	Solido
166	236	234	Solido
169	236	229	Solido
165	234	230	Solido
98	159	149	Solido
178	254	246	Solido
179	251	247	Solido
162	231	223	Solido
165	222	199	Solido
172	239	237	Solido
133	194	193	Solido
171	232	206	Solido
168	240	237	Solido
174	248	243	Solido
161	230	223	Solido
174	247	244	Solido
166	223	207	Solido
166	229	226	Solido
146	199	183	Solido
177	247	239	Solido
169	239	234	Solido
171	238	234	Solido
178	250	245	Solido
163	231	230	Solido
177	251	246	Solido
168	239	236	Solido
151	213	207	Solido
139	189	176	Solido
164	229	224	Solido
168	239	237	Solido
178	247	246	Solido
157	224	225	Solido
172	240	235	Solido
144	203	175	Solido
162	225	207	Solido
121	183	151	Solido
130	185	166	Solido
140	195	173	Solido
176	244	239	Solido
171	238	235	Solido
126	189	168	Solido
128	175	170	Solido
159	221	222	Solido
97	147	136	Solido
167	236	237	Solido
167	235	224	Solido
177	250	245	Solido
177	244	241	Solido
180	241	222	Solido
170	237	229	Solido
172	243	232	Solido
166	234	226	Solido
176	247	246	Solido
163	229	222	Solido
154	220	209	Solido
175	244	243	Solido
168	239	237	Solido
171	241	228	Solido
144	205	212	Solido
174	241	215	Solido
142	196	191	Solido
173	249	242	Solido
163	225	218	Solido
181	253	246	Solido
173	239	238	Solido
165	233	218	Solido
134	186	190	Solido
163	233	226	Solido
168	237	234	Solido
178	253	246	Solido
173	246	241	Solido
173	239	237	Solido
123	169	165	Solido
169	243	239	Solido
161	230	229	Solido
167	237	232	Solido
177	246	241	Solido
114	163	161	Solido
145	204	191	Solido
140	210	201	Solido
124	183	184	Solido
166	239	234	Solido
171	246	242	Solido
173	243	224	Solido
164	233	230	Solido
150	214	218	Solido
177	245	242	Solido
139	194	188	Solido
170	245	237	Solido
173	248	241	Solido
136	199	192	Solido
164	232	227	Solido
179	247	244	Solido
164	235	230	Solido
135	200	177	Solido
172	244	240	Solido
161	225	216	Solido
104	162	155	Solido
172	241	237	Solido
161	230	224	Solido
140	195	178	Solido
171	242	237	Solido
153	213	209	Solido
152	217	204	Solido
169	239	237	Solido
192	254	227	Solido
170	244	233	Solido
114	161	175	Solido
174	245	238	Solido
176	253	246	Solido
181	254	251	Solido
171	244	240	Solido
172	238	232	Solido
169	240	233	Solido
163	229	217	Solido
164	229	232	Solido
178	245	212	Solido
173	246	240	Solido
167	233	233	Solido
143	200	185	Solido
169	240	235	Solido
92	139	133	Solido
173	245	233	Solido
74	122	130	Solido
175	250	245	Solido
94	152	148	Solido
163	232	226	Solido
163	231	213	Solido
119	177	161	Solido
161	227	226	Solido
165	233	223	Solido
170	243	233	Solido
185	244	232	Solido
167	231	228	Solido
134	203	179	Solido
173	243	238	Solido
120	170	184	Solido
180	253	249	Solido
172	246	242	Solido
162	229	224	Solido
165	233	222	Solido
157	223	223	Solido
169	239	231	Solido
169	235	229	Solido
167	233	213	Solido
175	250	247	Solido
136	187	179	Solido
153	210	209	Solido
176	248	240	Solido
167	234	224	Solido
115	163	158	Solido
134	201	194	Solido
157	223	215	Solido
163	230	220	Solido
173	248	242	Solido
109	167	156	Solido
142	195	165	Solido
136	192	180	Solido
115	173	155	Solido
168	240	233	Solido
163	233	226	Solido
167	237	227	Solido
146	210	197	Solido
156	224	208	Solido
181	252	233	Solido
176	247	239	Solido
157	221	205	Solido
177	252	247	Solido
167	236	230	Solido
173	243	238	Solido
161	226	218	Solido
145	210	207	Solido
159	229	223	Solido
102	158	154	Solido
172	248	242	Solido
178	246	236	Solido
167	235	227	Solido
165	232	223	Solido
167	234	231	Solido
166	233	226	Solido
177	252	246	Solido
137	191	189	Solido
34	69	80	Solido
165	227	230	Solido
127	171	163	Solido
155	218	209	Solido
165	233	228	Solido
170	244	238	Solido
157	225	225	Solido
177	243	235	Solido
73	124	132	Solido
166	236	230	Solido
97	151	161	Solido
172	247	243	Solido
172	241	225	Solido
145	206	206	Solido
173	246	240	Solido
155	221	214	Solido
166	234	227	Solido
167	240	239	Solido
174	249	246	Solido
173	250	242	Solido
169	237	234	Solido
181	251	246	Solido
120	169	154	Solido
182	254	249	Solido
165	236	230	Solido
141	185	193	Solido
178	245	242	Solido
161	222	218	Solido
163	234	219	Solido
174	241	217	Solido
121	170	162	Solido
170	236	235	Solido
130	195	179	Solido
129	188	196	Solido
169	242	236	Solido
178	249	250	Solido
158	223	220	Solido
161	228	212	Solido
165	232	221	Solido
173	246	241	Solido
162	227	224	Solido
169	243	239	Solido
153	223	212	Solido
169	232	228	Solido
173	242	231	Solido
92	130	137	Solido
132	182	180	Solido
169	234	229	Solido
169	238	227	Solido
142	202	183	Solido
156	224	221	Solido
167	237	233	Solido
169	235	234	Solido
158	227	221	Solido
183	253	240	Solido
112	155	147	Solido
167	237	234	Solido
114	163	144	Solido
160	233	223	Solido
182	254	228	Solido
172	240	237	Solido
165	231	227	Solido
167	237	231	Solido
161	229	221	Solido
171	243	238	Solido
157	218	211	Solido
166	233	227	Solido
159	227	221	Solido
160	233	231	Solido
153	218	218	Solido
170	244	238	Solido
148	211	205	Solido
173	238	208	Solido
169	234	229	Solido
167	232	229	Solido
163	231	228	Solido
163	234	222	Solido
160	225	216	Solido
155	224	213	Solido
96	139	125	Solido
167	237	229	Solido
39	84	111	Solido
148	212	200	Solido
143	206	185	Solido
161	229	222	Solido
177	249	245	Solido
167	237	228	Solido
168	242	239	Solido
173	246	241	Solido
177	245	223	Solido
150	205	180	Solido
173	249	243	Solido
157	218	220	Solido
167	231	231	Solido
171	243	239	Solido
127	177	167	Solido
163	230	225	Solido
97	141	131	Solido
160	225	224	Solido
80	127	114	Solido
108	168	150	Solido
170	240	234	Solido
162	226	219	Solido
171	236	237	Solido
69	116	120	Solido
138	185	172	Solido
149	200	196	Solido
174	246	237	Solido
173	241	223	Solido
165	237	232	Solido
157	226	218	Solido
173	241	228	Solido
103	147	141	Solido
166	234	225	Solido
